136.479 391.251
136.628 391.754
136.849 392.026
137.112 392.281
137.217 392.946
137.489 393.166
137.706 393.664
137.959 394.137
138.315 394.438
138.716 394.529
139.018 394.746
139.483 394.29
139.957 393.698
140.003 394.108
140.262 393.74
140.506 392.996
140.678 392.143
140.733 391.24
140.819 389.774
140.939 387.97
140.927 386.222
140.923 384.403
140.998 382.121
141.071 379.678
141.051 377.162
140.924 374.578
140.663 372.079
140.422 369.326
140.106 366.614
139.823 363.658
139.654 360.343
139.459 356.932
139.236 353.346
139.134 349.413
138.898 345.644
138.542 342.064
138.259 338.191
137.852 334.401
137.383 330.622
137.083 326.538
136.871 322.247
136.7 317.949
136.526 313.703
136.434 309.318
136.268 305.056
136.079 300.875
135.804 296.656
135.631 292.253
135.511 287.851
135.404 283.697
135.387 279.48
135.295 275.469
135.144 271.668
134.739 268.388
134.314 265.48
133.811 262.945
133.3 260.851
133.008 258.927
132.939 257.226
132.952 256.044
133.098 255.302
133.212 255.174
133.399 255.507
133.493 256.445
133.547 257.923
133.624 259.719
133.874 261.793
134.18 264.31
134.642 267.015
135.191 269.957
135.682 273.091
136.296 276.258
136.875 279.599
137.466 283.136
138.158 286.695
139.007 290.082
139.961 293.455
140.968 296.819
142.214 299.734
143.556 302.519
145.014 304.999
146.577 307.026
148.101 308.753
149.611 310.019
150.9983 311.071
152.2966 311.897
153.6033 312.25
154.9295 312.111
156.1715 311.688
157.2767 311.081
158.4552 310.048
159.6255 308.682
160.7617 307.065
161.7753 305.389
162.7292 303.581
163.6392 301.597
164.3641 299.757
165.1208 297.615
165.8275 295.362
166.4314 292.981
166.7655 290.735
166.9898 288.506
167.1073 286.299
167.1381 284.201
167.1586 282.066
167.0615 280.14
166.9172 278.282
166.7358 276.442
166.5338 274.566
166.2484 272.868
165.9652 271.32
165.6588 270.059
165.3255 269.022
165.0479 268.18
164.8572 267.647
164.8767 267.116
165.0169 266.637
165.2673 266.223
165.6107 265.965
166.0802 265.829
166.7669 265.769
167.6528 265.911
168.701 266.224
169.9335 266.39
171.2456 266.665
172.655 267.089
174.1488 267.466
175.5857 267.975
177.0422 268.56
178.523 269.25
180.0948 269.933
181.6882 270.734
183.3398 271.551
184.9588 272.558
186.5821 273.681
188.1955 274.927
189.8736 276.158
191.5797 277.409
193.2906 278.684
194.8836 280.076
196.3239 281.548
197.686 283.042
199.0633 284.397
200.3247 285.896
201.5135 287.231
202.5809 288.618
203.5494 289.991
204.3755 291.38
205.0409 292.785
205.5999 294.18
206.1437 295.51
206.5258 296.792
206.7515 298.006
206.807 299.267
206.6811 300.651
206.5134 301.697
206.2221 302.61
205.801 303.381
205.2591 303.998
204.6287 304.542
203.9064 304.988
203.1516 305.209
202.3137 305.338
201.4022 305.313
200.4531 305.161
199.5328 304.778
198.6122 304.222
197.7069 303.453
196.8113 302.644
195.9395 301.659
195.0444 300.733
194.2019 299.704
193.4757 298.535
192.8628 297.218
192.4106 295.602
192.0497 293.891
191.7228 292.164
191.5954 290.165
191.5363 288.259
191.6174 286.321
191.7913 284.475
192.0838 282.752
192.5114 281.146
193.0973 279.498
193.8012 277.85
194.6257 276.115
195.5292 274.28
196.4681 272.504
197.4927 270.759
198.5901 269.17
199.8033 267.81
200.9719 266.983
202.3689 265.99
203.8114 265.143
205.2658 264.611
206.7323 264.293
208.2155 264.095
209.6736 264.265
211.0873 264.826
212.5642 265.585
214.1048 266.544
215.7626 267.608
217.6233 268.674
219.5225 269.946
221.4767 271.46
223.4843 273.341
225.6354 275.407
227.9049 277.547
230.0901 279.809
232.1429 282.341
234.0581 285.104
235.8951 287.904
237.7417 290.987
239.6327 294.381
241.79884 297.793
243.85506 301.477
245.78696 305.456
247.65989 309.412
249.507306 313.481
251.34763 317.88
253.04513 322.172
254.55691 326.533
255.8534 331.19
257.16397 335.582
258.32404 340.19
259.45299 345.001
260.4075 349.268
261.2998 353.529
262.0427 357.834
262.5663 361.851
263.0639 365.844
263.3903 369.567
263.5962 372.961
263.6835 376.19
263.584 379.481
263.4422 382.954
263.3661 385.781
263.4615 387.836
263.3636 389.95
263.0912 391.807
262.629 393.181
262.064 393.937
261.4071 394.4
260.5691 394.884
259.67266 394.775
258.67844 394.056
257.57531 392.663
256.485 391.39
255.16819 389.955
253.91235 387.541
252.59433 384.261
251.31704 380.743
249.99685341 376.98
248.74645 373.498
247.51875 369.821
246.26432 366.169
245.11389 362.487
244.08299 358.554
243.13586 354.253
242.25145 349.833
241.37356 345.234
240.39077 340.755
239.5824 336.437
238.9302 332.285
238.3837 328.476
237.9586 325.021
237.6575 321.367
237.3931 317.815
237.0684 314.499
236.7814 311.173
236.5644 307.848
236.2808 304.743
236.0606 301.715
235.8517 298.999
235.6702 296.378
235.5065 294.037
235.4771 291.827
235.5007 289.649
235.5493 287.575
235.5945 285.462
235.718 283.494
235.8726 281.55
236.0706 279.884
236.3527 278.508
236.7558 277.522
237.2793 276.622
237.8776 275.9
238.3737 275.555
238.9971 275.23
239.8668 274.857
240.78536 274.617
241.79396 274.717
242.8892 274.948
244.12363 275.256
245.55763 275.747
247.09339 276.437
248.71894 277.361
250.316265 278.47
251.83738 279.795
253.26118 281.274
254.6321 283.055
256.02441 285.131
257.53213 287.389
259.16695 289.541
260.8168 291.683
262.4935 294.082
264.4579 296.443
266.2908 299.098
267.9628 301.625
269.5167 304.297
271.0633 307.136
272.5592 309.993
274.0296 312.951
275.4729 315.897
276.8196 319.02
277.9966 322.093
279.0174 325.288
279.9766 328.587
281.1647 331.999
282.1267 335.428
282.9807 338.772
283.8488 342.266
284.5884 345.586
285.2417 349.091
285.6718 352.388
286.0847 355.911
286.4029 359.314
286.6176 362.699
286.6601 366.081
286.5747 369.538
286.4792 372.979
286.347 376.168
286.2151 378.969
285.9656 381.225
285.7191 383.625
285.7365 385.819
285.6701 387.494
285.4398 389.284
285.162 390.89
284.691 391.964
284.0798 392.236
283.2629 392.351
282.334 392.16
281.3816 391.65
280.0432 390.879
278.7441 389.716
277.5479 388.505
276.3249 386.903
275.035 384.93
273.7358 382.993
272.512 380.879
271.2962 378.346
270.2712 375.685
269.3932 373.101
268.6374 370.14
268.0115 366.962
267.4603 363.749
266.9432 360.228
266.6407 356.555
266.5251 353.099
266.4873 349.938
266.2249 346.412
266.0615 342.743
266.0305 339.124
265.951 335.375
265.8166 331.543
265.6055 327.613
265.4078 323.865
265.3201 320.002
265.2376 316.343
265.1635 312.752
264.9918 309.305
265.0089 305.541
264.9396 301.929
264.9291 298.655
264.9751 295.66
265.1383 292.903
265.4201 290.346
265.8519 287.97
266.2358 285.907
266.6544 284.224
266.952 283.011
267.0694 281.926
267.2013 281
267.4063 280.451
267.6773 280.245
267.9974 280.368
268.4601 281.011
269.0417 282.184
269.7236 283.483
270.4771 284.941
271.282 286.706
272.1482 288.66
272.9698 291.003
273.9266 293.622
274.8567 296.904
275.7288 300.591
276.3951 304.528
277.0687 308.748
277.6991 313.178
278.3812 317.956
279.1709 322.621
280.136 326.954
281.3977 331.106
283.0421 334.801
285.3343 338.129
287.8508 341.087
290.5645 343.767
293.5227 346.082
296.8824 348.398
300.2197 349.926
303.265 351.106
305.9239 352.219
308.1208 352.902
310.2022 353.514
312.2527 353.855
314.0302 354.149
315.5258 354.329
316.5905 354.294
317.448 354.057
318.019 353.854
318.3498 353.639
318.1591 353.207
317.6998 352.954
316.977 352.618
316.005 352.424
314.6902 352.127
313.1312 351.813
311.3147 351.121
309.3903 350.774
307.3184 350.406
305.1312 349.615
302.9154 349.05
300.5403 347.698
298.2079 345.881
295.8403 343.579
293.7033 340.672
291.7568 337.144
290.0478 333.557
288.2529 329.236
286.6725 324.912
285.3691 320.525
284.2667 316.645
283.5198 312.967
283.1575 309.338
283.135 305.944
283.3812 302.567
283.7607 299.257
284.5327 296.086
285.4507 293.397
286.756 291.183
288.3356 289.39
289.8575 288.212
291.4826 287.38
293.0695 286.775
294.6629 286.508
296.5907 286.527
298.3524 286.845
300.019 287.659
301.4921 288.86
302.9747 290.678
304.3656 292.478
305.4463 294.574
306.3565 296.93
307.2622 299.433
307.9037 301.977
308.34 304.924
308.6301 307.677
308.4963 310.455
308.0969 313.477
307.6321 316.325
307.0177 318.953
306.2093 321.113
305.2883 323.255
304.3309 324.951
303.4158 326.386
302.5442 327.563
301.5062 328.694
300.474 329.733
299.4154 330.702
298.3557 331.373
297.3862 332.161
296.5428 332.615
295.969 333.078
295.4106 332.984
295.0513 332.861
294.9448 332.818
294.9139 332.595
294.9252 332.33
294.8853 332.001
294.8567 331.491
294.8721 331.046
295.0115 330.364
295.2638 329.768
295.6335 328.891
296.1383 327.75
296.7575 326.437
297.3595 325.005
298.2078 323.546
299.3055 321.876
300.6948 320.315
302.1474 318.469
303.7055 316.71
305.3903 314.723
307.0643 312.778
308.9575 310.968
310.7806 309.255
312.6142 307.561
314.4291 305.931
316.1416 304.71
317.9596 303.459
319.6348 302.45
321.1278 301.643
322.369 301.149
323.3226 300.919
324.0339 301.072
324.3803 301.686
324.746 302.603
324.8318 303.343
325.15 304.11
325.3203 305.434
324.8897 306.786