249.236737 351.194
249.476347 351.145
249.784187 351.349
250.187976 351.639
250.614834 352.067
251.15535 352.237
251.71516 352.684
252.37434 353.357
252.99374 353.904
253.52047 354.637
253.88208 355.44
254.11541 356.419
254.10341 357.361
253.97809 358.202
253.66454 358.604
253.16418 359.255
252.48898 359.956
251.60975 360.318
250.4841 360.543
249.133151 360.672
247.51157 360.547
245.64825 360.118
243.64119 359.509
241.50114 359.022
239.2587 358.088
236.9239 356.868
234.4592 355.421
232.0053 353.949
229.4934 352.411
227.0791 350.854
224.7327 349.056
222.504 347.568
220.4246 345.811
218.4581 344.084
216.6246 342.164
215.027 340.14
213.5894 338.125
212.2827 336.371
211.25 334.603
210.414 332.925
209.8289 331.204
209.4805 329.638
209.333 328.317
209.43 326.907
209.6329 325.742
210.1292 324.434
210.719 323.274
211.5016 322.314
212.4897 321.423
213.6443 320.69
214.9185 320.02
216.2546 319.553
217.7162 319.14
219.2045 318.772
220.7765 318.436
222.449 318.13
224.1468 317.855
225.9193 317.654
227.7575 317.682
229.6679 317.574
231.6722 317.497
233.7971 317.361
235.9637 317.152
238.111 316.852
240.14503 316.104
242.02061 315.418
243.74145 314.535
245.24063 313.425
246.54867 312.232
247.67666 310.976
248.68663 309.885
249.57697 308.646
250.328333 307.224
250.890318 305.659
251.29366 303.854
251.35409 302.159
251.2674 300.273
251.05892 298.459
250.760168 296.633
250.353588 294.763
249.783595 292.817
249.010905 290.801
248.04386 288.701
246.87037 286.805
245.54325 285.006
244.0942 283.172
242.53813 281.522
240.94839 279.898
239.2212 278.595
237.4394 277.671
235.6785 277.066
233.9829 276.692
232.4373 276.535
231.0644 276.56
229.9015 276.842
228.9792 277.408
228.3069 278.322
227.914 279.506
227.822 280.81
228.0153 282.275
228.4378 284.052
229.1263 285.975
230.1378 288.085
231.4778 290.475
233.1997 292.845
235.0516 295.334
236.8594 298.035
238.6166 300.843
240.29458 304.185
241.96542 307.603
243.55324 311.08
245.01023 314.208
246.39476 317.253
247.68773 320.104
248.89336 322.885
249.9942202 325.757
250.902526 328.165
251.66261 330.57
252.36341 332.727
252.71951 335.013
252.83521 337.353
252.72251 339.678
252.43829 341.656
251.95424 343.469
251.33113 345.163
250.505504 346.779
249.459118 347.803
248.3381 348.266
247.03565 348.45
245.61156 348.131
244.10176 347.652
242.46239 347.358
240.75868 346.783
239.0014 346.091
237.2624 344.9
235.5372 343.596
233.8621 341.939
232.3087 339.902
230.8311 337.954
229.4616 335.658
228.1428 333.279
226.8676 330.743
225.768 327.875
224.8183 325.013
223.9771 322.165
223.2843 319.232
222.7397 316.407
222.3449 313.633
222.1319 310.616
222.143 307.424
222.2873 304.196
222.6443 300.873
223.1379 297.775
223.9037 294.85
224.8931 292.178
226.032 289.779
227.3262 287.624
228.7765 285.779
230.4276 284.204
232.1809 282.957
234.0606 281.965
235.9744 281.285
237.9475 280.904
239.9469 280.812
241.95214 281.123
243.98945 281.708
246.0349 282.776
248.06002 284.001
250.0503049 285.65
252.00021 287.481
253.88042 289.613
255.66462 291.857
257.18914 294.512
258.66524 297.188
259.76266 300.199
260.71 303.16
261.2228 306.382
261.2705 309.436
261.0303 312.444
260.6701 315.255
260.1471 317.868
259.4309 320.301
258.46393 322.526
257.29006 324.764
255.97489 326.855
254.51877 328.74
252.9233 330.619
251.12043 332.2
249.33813 333.416
247.34351 334.499
245.29616 335.05
243.29503 335.319
241.32553 335.329
239.3023 334.912
237.2985 334.446
235.3784 333.802
233.6627 332.81
232.011 331.691
230.255 330.593
228.6172 329.102
227.1651 327.73
226.0003 326.398
225.1343 325.377
224.5694 324.249
224.2256 323.435
224.089 322.729
224.1906 322.196
224.5579 321.868
225.2433 321.707
226.193 321.896
227.4493 322.339
229.0456 322.742
230.8874 323.241
232.7668 323.77
234.4845 324.439
236.0518 325.143
237.4218 326.329
238.7177 327.448
239.8787 328.709
240.89355 330.096
241.87785 331.795
242.71064 333.46
243.38477 335.33
243.90234 337.024
244.24167 338.719
244.19163 340.279
243.8244 341.808
243.26725 343.291
242.61121 344.812
241.84983 346.326
241.15341 347.348
240.47732 348.42
239.8886 349.19
239.4255 350.081
238.9631 350.723
238.5595 351.085
238.0917 351.102
237.6812 350.773
237.2842 350.3
236.9821 349.545
236.7199 348.874
236.4824 348.231
236.2651 347.557
236.0368 346.851
235.7507 346.044
235.369 345.316
234.892 344.395
234.3419 343.549
233.748 342.569
233.0772 341.212
232.2653 339.798
231.3807 337.771
230.4691 335.204
229.5222 332.065
228.4805 328.239
227.3833 323.85
226.2744 318.787
225.1316 313.145
224.0478 306.699
222.99 300.005
222.0787 293.268
221.3142 286.843
220.7683 281.246
220.4748 276.919
220.3729 273.643
220.3326 271.37
220.3192 269.839
220.3053 269.042
220.2993 269.152
220.4558 269.962
220.7244 271.486
221.1032 273.563
221.4479 276.3
221.8371 279.503
222.1908 283.073
222.471 286.826
222.7292 290.538
222.8709 294.44
223.0878 298.383
223.3671 302.44
223.6946 306.501
223.9575 310.357
224.132 314.016
224.2905 317.528
224.4684 320.965
224.7515 324.088
225.2492 326.95
225.748 329.342
226.2436 331.514
226.7977 333.283
227.4235 334.49
228.0141 335.131
228.4913 335.209
228.8625 334.751
229.1253 333.731
229.2131 332.343
229.327 330.33
229.439 327.776
229.5148 324.502
229.5094 320.753
229.4653 316.863
229.4005 313.07
229.3476 309.526
229.2771 306.151
229.2928 302.929
229.3049 299.948
229.3506 297.202
229.345 294.967
229.207 293.131
229.0623 291.878
228.9708 291.223
228.9801 291.137
229.0465 291.751
229.2093 292.975
229.4498 294.77
229.8898 296.868
230.23 299.459
230.5161 302.454
230.7902 305.7
231.1366 308.925
231.6148 312.198
232.2666 315.497
233.1464 318.482
234.2187 321.459
235.3305 324.201
236.2912 326.719
237.1722 328.907
238.1082 331.039
238.8863 333.024
239.7248 334.767
240.74591 336.557
241.75687 338.116
242.69113 339.417
243.61025 340.16
244.52273 340.563
245.42132 340.684
246.29625 340.572
247.03557 340.365
247.69154 339.803
248.24886 339.185
248.70957 338.499
248.89457 337.321
249.113573 335.8
249.285936 334.024
249.435554 331.925
249.476176 329.833
249.434031 327.457
249.31265 324.629
249.139857 321.725
248.98597 318.943
248.85389 316.401
248.68928 314.226
248.51965 311.972
248.46878 309.462
248.49104 306.899
248.37557 304.11
248.36566 301.201
248.47287 298.163
248.59061 295.023
248.59881 291.903
248.63382 289.028
248.7427 286.617
248.9915 284.774
249.335205 283.502
249.760919 282.413
250.206679 281.507
250.674837 280.702
251.12508 279.866
251.61675 279.286
252.19508 278.786
252.87134 278.31
253.64675 278.021
254.52238 277.939
255.40279 278.177
256.26151 278.795
257.05272 279.848
257.65902 281.216
257.98947 282.919
258.0774 284.9
258.01392 287.055
257.76306 289.427
257.22057 292.101
256.36438 294.946
255.4299 297.754
254.22172 300.581
252.74511 303.115
250.976051 305.429
248.92903 307.367
246.65846 309.143
244.1943 310.658
241.66755 312.128
239.1927 313.463
236.7783 314.458
234.4593 315.343
232.1893 316.18
230.028 316.693
227.9281 316.902
225.9027 316.866
223.9405 316.555
222.0815 316.123
220.4483 315.427
219.0592 314.7
218.0165 313.875
217.3599 312.897
217.0591 311.652
217.0206 310.336
217.223 308.918
217.6907 307.282
218.3483 305.728
219.1941 304.32
220.266 303.233
221.5978 302.393
223.1958 302.017
225.1711 301.693
227.5769 301.501
230.2949 301.453
233.1971 301.684
236.1734 302.111
239.2019 302.622
242.25828 303.326
245.21419 304.253
247.92325 305.233
250.429077 306.338
252.79938 307.614
255.06409 309.022
257.264 310.656
259.40888 312.133
261.4533 313.572
263.4411 314.952
265.332 316.508
266.9396 318.099
268.1696 319.633
269.0492 321.292
269.5644 323.186
269.7635 325.02
269.5819 326.773
269.0638 328.365
268.3114 330.096
267.4421 331.406
266.3924 332.89
265.0581 334.11
263.497 335.13
261.7115 336.222
259.93224 337.202
257.91532 338.18
255.6427 338.727
253.27215 339.015
250.920922 338.694
248.65385 338.146
246.49835 337.546
244.37235 336.86
242.33254 335.828
240.36222 334.522
238.4496 333.046
236.5004 331.336
234.742 329.36
233.1955 327.121
231.8929 324.898
230.8643 322.458
230.1215 319.995
229.6062 317.612
229.2927 315.436
229.1745 313.406
229.171 311.44
229.2374 309.398
229.3895 307.243
229.6 305.007
229.9156 302.662
230.3201 300.364
230.8827 298.203
231.6449 296.224
232.6078 294.417
233.7301 292.746
234.9629 291.184
236.2907 289.634
237.7356 288.232
239.2983 286.934
241.07219 285.683
243.00066 284.597
245.09445 283.703
247.26764 283.049
249.48579 282.683
251.5784 282.806
253.43026 283.326
254.90829 284.218
256.02003 285.377
256.90759 287.011
257.64608 289.019
258.36166 291.507
259.11207 294.407
259.75428 297.409
260.3362 300.465
261.1131 303.753
261.911 307.11
262.5384 310.577
262.7354 314.072
262.5078 317.558
262.1626 321.651
261.8472 325.857
261.6025 330
261.3374 333.942
261.2617 338.019
261.0762 341.95
260.8352 345.889
260.5943 349.487
260.3506 353.098
260.1923 356.855
260.0796 360.503
259.86054 363.915
259.53769 367.405
259.11676 370.455
258.92739 373.748
258.66246 376.602
258.32414 379.054
257.98897 381.183
257.63025 383.603
257.25678 386.134
256.98042 388.466
256.59919 390.48
256.06719 392.362
255.49416 393.877
254.98246 395.253
254.42414 396.546
253.96908 397.459
253.47523 397.914
252.96998 398.444
252.42006 398.276
251.89603 398.05
251.34364 397.539
250.767606 396.851
250.356632 395.642
249.9461848 394.06
249.705623 392.543
249.315483 389.777
249.410705 387.062
249.49437 384.314
249.274435 380.58
249.114868 376.325
249.088647 371.775
249.212887 367.246
249.388337 363.09
249.561992 358.841
249.744312 354.878
249.9138664 350.784
250.0846597 346.285
250.0528283 341.001
250.134878 335.212
250.27592 329.136
250.398449 322.861
250.417966 316.205
250.249074 309.95
250.188129 304.137
250.185231 299.017
250.2331 294.527
250.425085 290.594
250.648704 287.17
250.818488 284.087
250.910393 281.248
250.839657 278.6
250.67478 276.22
250.610889 274.042
250.325728 272.568
250.110592 271.697
249.881842 271.489
249.623451 271.785
249.462563 272.468
249.181505 273.741
248.87814 275.403
248.49188 277.513
247.90255 279.993
247.14784 283.013
246.30053 286.405
245.37861 290.209
244.51242 294.169
243.57787 298.505
242.59691 303.033
241.49105 307.368
240.26407 311.46
238.8698 315.172
237.2603 318.722
235.434 321.996
233.4274 325.227
231.219 328.049
228.9026 330.649
226.6937 332.796
224.6311 334.515
222.7022 335.538
220.9241 336.354
219.3326 336.569
217.9377 336.739
216.7529 336.763
215.8434 336.826
215.3039 336.921
215.1617 337.113
215.4012 337.527
216.1342 337.867
217.2497 338.424
218.8683 338.924
220.9886 339.536
223.6334 340.261
226.7674 341.169
230.3682 342.451
234.3947 343.698
238.658 344.955
242.92517 346.148
247.05199 346.926
250.867998 347.804
254.45096 348.584
257.88111 349.233
261.2644 349.703
264.5882 350.483
267.5109 351.318
269.8007 351.89
271.5761 352.612
272.8216 353.564
273.575 354.213
273.8183 354.732
273.532 354.904
272.9626 355.24
272.0703 355.855
270.9153 356.404
269.5547 357.33
267.8224 358.646
265.7877 360.062
263.4048 361.487
260.7841 363.019
257.97665 364.394
255.17959 365.478
252.4009 366.609
249.609506 368.218
247.03254 370.18
244.25117 371.978
241.86205 373.578
239.7529 375.351
237.9604 376.865
236.3051 378.25
234.8337 379.634
233.7127 381.774
232.6875 383.549
231.8215 385.214
230.9692 386.797
230.2853 388.04
229.6231 389.365
229.0089 390.724
228.3761 391.482
227.7354 392.196
227.2836 392.827
226.9308 393.206
226.5458 393.681
226.1883 393.522
225.7967 393.451
225.4842 392.6
225.2268 391.408
225.0797 390.08
224.9553 388.743
224.8348 387.395
224.835 385.068
224.6722 382.123
224.7639 379.156
224.6863 375.66
224.7014 371.218
224.6766 366.264
224.6682 360.724
224.5881 354.882
224.4903 349.088
224.3817 343.832
224.1846 339.209
223.8144 334.66
223.4314 330.315
222.9679 325.947
222.5019 321.212
221.9671 316.292
221.3338 311.084
220.6657 306.003
219.9582 301.462
219.2217 297.351
218.6379 293.584
218.1678 290.103
217.7864 286.94
217.4873 283.996
217.3108 281.582
217.265 279.81
217.363 278.718
217.5205 278.271
217.7112 278.262
217.8996 278.566
218.0371 279.317
218.2064 280.316
218.3705 281.78
218.5606 283.527
218.7186 285.702
218.8238 288.202
218.9607 290.948
219.028 294.186
219.2496 297.531
219.6434 301.29
220.3006 305.014
221.1164 308.759
222.0948 312.566
223.1605 316.231
224.1532 319.804
225.1429 323.226
226.2134 326.529
227.5676 329.767
229.0608 333.012
230.4968 335.974
231.807 338.543
233.029 340.85
234.238 343.004
235.3988 344.644
236.5486 346.143
237.6436 347.311
238.639 348.16
239.5699 348.563
240.3325 348.775
241.03317 348.728
241.57413 348.413
241.96683 347.435
242.38773 346.184
242.74776 344.616
243.09422 342.869
243.28115 341.058
243.57871 338.963
243.90312 336.731
244.16128 334.398
244.36107 331.985
244.47574 329.284
244.51005 326.375
244.4878 323.053
244.39408 319.219
244.19622 315.256
243.93331 311.107
243.40779 306.808
242.89511 302.812
242.38248 299.078
241.82964 295.907
241.18224 293.189
240.5599 290.6
240.02666 288.328
239.6641 286.431
239.4488 285.012
239.3877 284.001
239.4656 283.361
239.6023 283.173
239.8444 283.317
240.12793 283.815
240.44905 284.721
240.85599 286.055
241.2934 287.622
241.68506 289.479
241.98297 291.417
242.23371 293.558
242.4739 295.768
242.76008 297.973
243.23779 300.071
243.55839 302.228
243.79576 304.615
243.9997 307.155
244.18213 309.772
244.39899 312.579
244.60522 315.482
244.77381 318.476
244.87968 321.337
244.99013 324.123
245.07302 326.802
245.26144 329.545
245.42354 332.041
245.60741 334.608
245.9064 336.765
246.03209 338.937
246.09676 341.05
246.14324 342.789
246.24902 343.959
246.40171 345.012
246.64611 345.422
246.91915 345.464
247.12772 345.394
247.28343 345.202
247.48328 344.259
247.64556 342.919
247.52975 341.128
247.41844 339.064
247.30307 336.67
247.17867 333.958
247.01351 330.904
246.77242 327.799
246.60747 324.754
246.53891 321.771
246.45903 318.857
246.38196 316.149
246.35724 313.088
246.41591 309.878
246.24169 306.919
246.05447 303.871
245.8351 300.928
245.71515 298.123
245.6682 295.575
245.52494 293.524
245.43086 291.73
245.41939 290.432
245.4777 289.424
245.59966 288.927
245.72911 288.819
245.77449 289.011
245.77815 289.558
245.75053 290.39
245.72764 291.481
245.70334 292.655
245.66534 293.911
245.54506 295.399
245.3594 297.132
245.33636 298.899
245.21807 300.955
244.98751 303.475
244.72148 306.511
244.40022 309.918
243.93707 313.636
243.34911 317.937
242.76943 322.722
242.25427 327.635
242.04991 332.641
242.03571 337.634
242.19188 342.351
242.36887 346.874
242.36585 350.931
242.26197 354.77
242.20478 358.126
242.20034 361.539
242.21582 364.488
242.29603 366.919
242.39791 369.391
242.53839 371.356
242.7271 372.852
242.98854 374.113
243.25431 374.608
243.4711 375.306
243.6794 375.103
244.22989 374.85
244.51952 374.439
244.88888 373.728
245.25799 372.641
245.64769 371.568
245.96944 370.858
246.17899 370.179
246.21312 369.696
246.09806 369.196
245.80642 368.972
245.33163 369.187
244.82925 369.809
244.30887 370.644
243.68615 370.872
242.95008 371.238
242.10861 371.68
241.22916 371.971
240.2765 372.203
239.2759 371.879
238.283 371.171
237.2359 369.973
236.2662 368.777
235.3663 367.202
234.4865 365.106
233.6057 362.117
232.7864 358.705
232.149 354.964
231.6387 351.032
231.1644 346.934
230.6165 343.145
230.1449 339.592
229.6459 336.294
229.3676 333.201
229.2569 330.078
229.1931 326.885
229.0715 323.388
228.9349 319.979
228.8387 316.404
228.648 312.922
228.3774 309.429
228.0866 306.163
227.8569 303.169
227.7403 300.405
227.6564 297.999
227.6454 295.937
227.698 294.325
227.6374 293.229
227.6389 292.388
227.6475 291.943
227.6982 291.69
227.7341 291.821
227.7679 292.163
227.8051 292.843
227.814 293.924
227.9042 295.181
227.9513 296.943
228.0074 299.218
228.0853 301.781
228.2053 304.741
228.3869 307.873
228.6312 311.175
229.0775 314.686
229.6805 318.517
230.5119 322.59
231.5443 327.001
232.9307 331.288
234.2601 335.525
235.3878 339.035
236.2739 341.996
237.0537 344.626
237.8841 346.925
238.7572 349.01
239.7104 350.893
240.75407 352.429
241.91114 353.625
243.0918 354.501
244.20748 354.984
245.2162 355.341
246.08647 355.315
246.82353 354.98
247.45128 354.532
248.0938 353.96
248.70387 353.278
249.281316 352.462
249.814499 351.539
250.269902 350.612
250.695135 349.218
251.03738 347.662
251.27059 345.631
251.46411 343.722
251.56872 341.771
251.39369 339.796
251.25558 337.64
251.16371 335.662
251.09341 333.604
251.05369 331.433
251.03678 329.277
251.06816 326.833
251.03521 324.321
251.02172 321.329
250.978307 318.167
250.927864 314.95
250.777676 311.688
250.57866 308.51
250.302639 305.677
250.223827 303.033
250.296659 300.441
250.398417 298.312
250.564837 296.466
250.871429 295.054
251.33016 293.997
251.95219 293.356
252.71581 293.317
253.58904 293.415
254.56743 293.746
255.60421 294.326
256.67557 294.999
257.81844 296.049
258.93602 297.34
260.3555 298.689
261.4863 300.412
262.9951 301.958
264.6088 303.807
266.243 305.677
267.7841 307.656
269.2213 309.774
270.5692 311.76
271.8783 313.629
273.1109 315.658
274.1459 317.791
274.9448 320.114
275.5635 322.477
276.0461 325.071
276.2774 327.803
276.5253 330.335
276.1758 333.166
275.6861 335.86
275.2049 338.225
274.4343 340.272
273.376 342.504
272.1814 344.772
270.8213 346.514
269.243 348.059
267.4772 349.373
265.5609 350.239
263.6098 350.458
261.699 350.534
259.66959 350.196
257.52942 349.801
255.20093 349.488
252.93456 348.869
250.661771 347.976
248.41318 346.807
246.30864 345.333
244.34549 343.573
242.5476 341.594
240.86052 339.55
239.1536 337.496
237.6503 335.192
236.2898 332.91
235.0615 330.577
233.9704 328.275
233.0176 325.985
232.2094 323.703
231.5277 321.367
230.9951 319.046
230.5905 316.857
230.3957 314.673
230.4019 312.614
230.5726 310.615
230.8787 308.78
231.3716 307.079
232.0684 305.572
232.8261 304.206
233.8108 302.979
235.033 302.085
236.422 301.434
237.9625 301.12
239.8387 300.784
241.57335 300.997
243.57729 301.373
245.36759 301.95
247.40766 302.796
249.428255 304.032
251.37688 305.645
253.34028 307.365
255.27351 309.137
257.23756 311.217
259.0645 313.609
260.7532 316.142
262.2752 318.588
263.6124 321.044
264.8207 323.871
265.9275 326.945
266.9701 330.09
267.8256 333.284
268.5344 336.482
269.2966 339.451
269.7278 342.275
269.8853 345.025
269.8249 347.526
269.5752 349.806
269.1907 352.065
268.69 354.318
268.2214 356.372
267.8447 357.838
267.4955 358.701
267.0932 359.199
266.7906 359.254
266.5259 359.215
266.395 358.857
266.3178 357.995
266.3322 356.97
266.4659 355.465
266.6798 353.78
266.9349 351.963
267.2458 349.727
267.5641 347.196
267.6297 344.315
267.7203 341.299
267.9557 338.353
268.1473 335.348
268.3969 332.144
268.7066 328.817
269.0125 325.2
269.3064 321.464
269.621 317.693
269.9245 313.994
270.1279 310.227
270.2082 306.458
270.5483 302.519
271.0164 298.623
271.4612 294.868
271.9556 290.902
272.4492 286.857
272.7636 282.931
273.025 278.877
272.914 275.042
272.6565 271.354
272.4088 267.672
272.0779 264.165
271.6474 260.585
271.1985 257.138
270.221 253.915
269.1805 250.757
267.3617 248.257
266.0771 245.339
264.4634 242.746
262.5373 240.36
260.3924 238.155
258.08116 236.129
255.66596 234.255
253.00694 232.766
250.335264 231.555
247.70506 230.421
244.95903 229.672
242.01529 229.28
238.8639 229.21
235.7496 229.257
232.6562 229.556
229.7157 230.063
227.0141 230.734
224.6415 231.406
222.6119 232.013
220.7158 232.83
218.9836 233.738
217.4158 234.807
216.0642 235.978
215.0032 237.188
214.2072 238.484
213.6894 239.777
213.3933 241.055
213.2049 242.403
213.1015 243.772
213.0835 245.138
213.2363 246.391
213.3631 247.87
213.542 249.465
213.776 251.027
214.0898 252.548
214.4678 254.043
214.8315 255.644
215.2212 257.236
215.6485 258.827
216.0902 260.388
216.5453 261.947
216.9988 263.539
217.4806 265.084
217.9444 266.648
218.3957 268.153
219.0027 269.384
219.5056 270.692
219.8436 272.051
220.0632 273.41
220.157 274.679
220.103 275.924
219.9385 277.115