229.2079 361.349
229.1819 361.514
229.1823 361.488
229.1867 361.331
229.2019 361.186
229.178 360.757
229.136 360.364
229.1091 359.69
229.089 358.95
229.019 358.03
228.8898 357.233
228.7441 356.036
228.6431 354.62
228.5035 353.174
228.3435 351.562
228.189 349.785
228.0335 347.736
227.8653 345.396
227.66 343.041
227.384 340.797
227.0515 338.379
226.7616 335.881
226.4945 333.172
226.2144 330.369
225.8587 327.734
225.4865 324.992
225.1969 321.991
224.9288 318.92
224.6611 315.916
224.3844 313.031
224.1475 309.966
223.9499 306.927
223.7772 303.935
223.6538 301.004
223.5795 298.072
223.4684 295.13
223.4201 292.089
223.4147 289.02
223.4356 286.058
223.4717 283.107
223.4649 280.269
223.4798 277.349
223.5129 274.505
223.4721 271.827
223.4547 269.209
223.4641 266.561
223.5036 263.968
223.5664 261.379
223.6297 258.849
223.717 256.449
223.8269 254.181
223.8874 252.116
223.9559 250.141
224.0449 248.218
224.1419 246.343
224.2183 244.62
224.2881 243.031
224.3747 241.518
224.4849 240.111
224.6001 238.844
224.7081 237.795
224.8096 236.893
224.8936 236.112
224.972 235.487
225.0531 235.011
225.1625 234.65
225.2901 234.412
225.4398 234.308
225.5854 234.386
225.747 234.527
225.9123 234.79
226.1023 235.127
226.2825 235.614
226.4498 236.233
226.6257 236.987
226.8363 237.82
227.0759 238.739
227.4001 239.709
227.7585 240.718
228.1588 241.833
228.5806 243.114
229.0516 244.493
229.603 245.925
230.1894 247.379
230.8796 248.822
231.5699 250.365
232.2803 251.891
233.0019 253.451
233.7333 254.964
234.4548 256.509
235.1712 258.069
235.9076 259.657
236.7157 261.129
237.5491 262.599
238.4206 264.046
239.3154 265.455
240.23047 266.795
241.17314 268.117
242.12876 269.326
243.15234 270.431
244.14182 271.611
245.13741 272.753
246.13688 273.754
247.18412 274.695
248.26662 275.494
249.378648 276.224
250.467429 276.905
251.55142 277.562
252.61012 278.081
253.67062 278.479
254.7488 278.819
255.82796 278.946
256.92911 278.931
258.02648 278.804
259.09357 278.472
260.1418 278.088
261.0477 277.678
261.9824 277.076
262.9117 276.365
263.8512 275.46
264.82 274.461
265.7775 273.453
266.6913 272.343
267.5534 271.246
268.3299 270.082
269.0034 268.734
269.618 267.35
270.223 265.888
270.8105 264.274
271.3375 262.747
271.7224 261.255
272.0514 259.814
272.2254 258.414
272.415 257.06
272.5707 255.751
272.6884 254.4
272.8275 253.028
272.9533 251.64
273.0285 250.355
273.0653 249.159
273.1187 247.975
273.1551 246.833
273.1603 245.8
273.1452 244.822
273.153 243.87
273.0674 242.932
273.0533 242.073
273.0446 241.271
273.0388 240.479
273.0596 239.808
273.1089 239.226
273.209 238.712
273.3459 238.316
273.5078 238.02
273.6869 237.754
273.9023 237.564
274.0988 237.493
274.2886 237.481
274.4573 237.661
274.61 237.921
274.7681 238.3
274.9345 238.749
275.0885 239.302
275.2773 239.853
275.4766 240.432
275.6404 241.025
275.7707 241.585