241.45017 392.992
240.95236 392.999
240.29182 393.134
239.3669 393.031
238.1382 392.704
236.7315 392.738
235.3609 392.76
234.0121 392.628
232.72 392.3
231.4689 391.879
230.2447 391.469
229.1134 390.829
227.9376 390.934
226.901 390.689
225.8468 390.437
224.8114 389.975
223.7181 389.442
222.5075 388.906
221.2654 388.236
219.9898 387.407
218.6429 386.826
217.3457 385.896
216.0892 385.089
214.8138 384.429
213.4584 383.72
212.067 382.99
210.6182 382.002
209.1005 381.217
207.5601 380.349
206.0708 379.103
204.654 377.788
203.254 376.798
201.8769 375.962
200.5987 374.711
199.383 373.434
198.2168 372.365
197.157 371.108
195.9249 370.084
194.902 368.747
193.8635 367.518
192.8635 366.302
191.963 364.656
191.1241 362.933
190.3034 361.435
189.5431 359.766
188.8287 358.073
188.0873 356.658
187.446 355.19
186.7979 353.738
186.3013 351.931
185.8681 350.212
185.4954 348.626
185.1882 347.034
184.9025 345.611
184.594 344.613
184.3971 343.21
184.2408 341.73
184.179 340.078
184.3376 338.463
184.4648 336.929
184.581 335.533
184.7437 334.143
184.9751 332.693
185.2723 331.1
185.5014 329.87
185.7932 328.346
186.1214 326.75
186.4581 325.347
186.763 323.836
187.177 321.838
187.6087 320.006
188.0304 318.422
188.4712 316.834
188.9519 315.426
189.47 313.799
190.0599 312.117
190.6736 310.336
191.2927 308.823
191.9792 307.293
192.6819 305.75
193.3661 304.305
194.0845 302.917
194.8563 301.481
195.6685 300.118
196.5158 298.958
197.4553 297.78
198.3954 296.797
199.3483 295.922
200.4025 294.917
201.4646 294.049
202.5637 293.107
203.6311 292.324
204.7245 291.641
205.8441 291.07
207.0279 290.467
208.2809 289.871
209.6178 289.195
210.9829 288.752
212.345 288.258
213.7334 287.839
215.1376 287.282
216.5286 286.927
217.9292 286.683
219.3767 286.245
220.8755 285.788
222.4116 285.235
223.9609 284.727
225.516 284.291
227.0431 284.08
228.571 283.704
230.0929 283.342
231.6321 282.969
233.1639 282.563
234.6975 282.1
236.1891 282.073
237.702 281.688
239.116 281.677
240.51673 281.561
241.88977 281.4
243.19769 281.291
244.447 281.247
245.61724 281.024
246.70148 280.802
247.71019 280.645
248.62803 280.434
249.441458 280.288
250.18634 280.176
250.839233 280.102
251.41839 279.914
251.88192 279.836
252.23583 279.806
252.48611 279.829
252.6768 279.874
252.7804 280.078
252.83833 280.23
252.87184 280.466
252.88236 280.7
252.90531 280.485
252.78539 280.815
252.6132 281.12
252.45417 281.177
252.27503 281.314
252.05145 281.413
251.85834 281.595
251.72376 281.876
251.62782 282.188
251.58175 282.408
251.59803 282.656
251.59871 282.837
251.59892 283.02
251.61127 283.276
251.66042 283.479
251.72346 283.809