230.7918 313.152
230.7444 313.455
230.5957 313.666
230.3734 313.858
230.0892 314.155
229.695 314.486
229.2417 314.636
228.7481 314.88
228.1862 315.138
227.5619 315.424
226.8677 315.804
226.1217 316.157
225.3272 316.505
224.4588 316.857
223.5421 316.926
222.545 317.012
221.5077 317.039
220.4207 317.009
219.3096 317.126
218.1805 317.026
216.981 317.167
215.7258 317.073
214.4523 316.792
213.0978 316.416
211.6922 315.914
210.2239 315.526
208.7426 314.99
207.2676 314.405
205.8471 313.634
204.411 313.006
203.0349 312.349
201.7135 311.52
200.4087 310.591
199.1053 309.613
197.8891 308.518
196.7237 307.408
195.6121 306.348
194.5238 305.389
193.5141 304.423
192.5806 303.48
191.6647 302.418
190.8357 301.091
190.0746 299.782
189.3766 298.291
188.7485 296.862
188.1986 295.426
187.6825 293.982
187.2052 292.538
186.7814 291.073
186.3582 289.581
185.9371 288.088
185.5917 286.438
185.3009 284.692
185.0093 283.071
184.7746 281.24
184.6309 279.334
184.5462 277.296
184.5157 275.244
184.4912 273.325
184.5423 271.528
184.5895 269.927
184.7308 268.331
184.9956 266.757
185.3194 265.186
185.7316 263.476
186.2259 261.863
186.8263 260.317
187.4435 258.817
188.1201 257.506
188.7566 256.543
189.4445 255.679
190.2284 254.788
191.087 254.079
192.0131 253.333
192.9698 252.656
193.9032 252.257
194.915 251.722
195.9024 251.413
196.9387 251.268
197.9795 251.262
198.9772 251.281
199.909 251.336
200.8266 251.425
201.654 251.807
202.4366 252.234
203.2094 252.864
203.9787 253.726
204.7728 254.56
205.5843 255.444
206.4413 256.249
207.3261 257.261
208.2275 258.326
209.124 259.444
210.0916 260.442
211.0858 261.649
212.0972 263.049
213.0744 264.434
213.9023 266.098
214.7388 267.544
215.496 269.091
216.2475 270.722
216.9821 272.386
217.8273 274.322
218.8427 276.358
220.0737 278.62
221.2752 280.8
222.1374 282.888
222.6064 284.867
222.8286 286.706
222.9718 288.553
223.0782 290.693
223.1644 292.578
223.216 294.502
223.3844 296.466
223.4885 298.537
223.5778 300.651
223.771 302.887
223.9967 304.93
224.2247 307.055
224.4724 309.257
224.6923 311.567
224.8172 313.741
224.9827 315.828
225.1471 317.948
225.2918 320.136
225.4296 322.273
225.6 324.378
225.7961 326.665
226.0206 328.892
226.338 330.987
226.6711 333.404
226.9983 335.364
227.3022 337.32
227.5293 339.271
227.7304 341.209
227.9575 343.071
228.1929 345.008
228.3625 346.74
228.5351 348.573
228.6568 350.394
228.7843 352.121
228.9873 353.659
229.2253 355.148
229.4565 356.585
229.6355 358.274
229.8394 359.711
229.9992 361.34
230.1703 362.855
230.3096 364.649
230.5414 366.206
230.8296 367.537
231.0891 368.919
231.3515 370.286
231.6435 371.669
231.9098 372.743
232.0658 374.415
232.3259 375.956
232.5761 377.453
232.789 378.98
233.0095 380.397
233.2662 381.9
233.5405 383.32
233.7876 384.881
233.9806 386.377
234.1254 387.778
234.1725 389.371
234.2279 390.606
234.2645 392.205
234.3174 393.424
234.3842 394.695
234.3868 395.925
234.3664 396.518
234.3183 397.124
234.199 398.093
233.9876 399.413
233.7799 400.472
233.5769 401.434
233.3045 402.622
233.088 403.347
232.8958 404.056
232.7463 404.235
232.5819 404.392
232.3991 404.689
232.1525 404.967
231.9177 405.2
231.7231 405.671
231.543 405.985
231.3017 406.603
231.0644 407.017
230.8419 407.589
230.6642 407.62
230.5738 407.589
230.5129 407.564
230.5018 407.677
230.5075 407.573
230.4857 407.783
230.4581 408.003
230.3979 408.136
230.3656 408.334
230.3635 408.865
230.4197 408.72
230.3805 408.65
230.4203 408.52
230.4813 408.492
230.5295 408.157
230.5138 407.58
230.4943 407.342
230.455 406.991
230.4397 406.706
230.4632 406.201
230.478 405.533
230.4403 404.799
230.4458 403.526
230.4088 402.411
230.3411 401.662
230.2956 400.815
230.2227 399.898
230.1703 398.486
230.0962 397.285
230.072 395.843
230.0625 394.334
230.0749 393.041
230.0982 391.547
230.1173 390.077
230.2507 388.489
230.3822 386.96
230.4984 385.393
230.6169 383.994
230.7245 382.68
230.8684 380.752
230.8092 379
230.8131 377.259
230.8276 375.838
230.8189 374.301
230.8159 372.511
230.784 370.881
230.7217 369.225
230.6208 367.424
230.5366 366.112
230.424 364.65
230.3223 362.983
230.2352 361.263
230.1257 359.51
229.9471 357.54
229.7008 355.669
229.3103 353.91
228.8657 351.931
228.387 349.935
227.9101 347.863
227.4755 345.813
227.1259 343.564
226.8615 341.18
226.656 338.732
226.4569 336.32
226.1864 333.98
225.9604 331.663
225.8166 329.459
225.7383 327.108
225.73 324.743
225.6978 322.705
225.6579 320.607
225.6263 318.423
225.6047 316.044
225.615 313.82
225.5904 311.72
225.5301 309.783
225.4509 307.776
225.3637 305.926
225.2944 304.048
225.269 302.397
225.2263 300.818
225.2733 299.339
225.385 297.9
225.4667 296.401
225.6438 294.993
225.9002 293.688
226.1754 292.442
226.4717 291.264
226.7668 290.202
227.0161 289.054
227.2965 287.916
227.5979 286.79
227.9631 285.716
228.4345 284.608
228.922 283.563
229.3645 282.579
229.8288 281.469
230.3044 280.392
230.8488 279.308
231.3957 278.19
231.9556 277.092
232.4819 275.948
232.9808 274.755
233.4057 273.617
233.8167 272.573
234.2573 271.61
234.7016 270.766
235.1059 270.018
235.5127 269.132
235.9825 268.202
236.4807 267.273
237.0021 266.459
237.5403 265.591
238.0601 264.851
238.6028 264.129
239.1745 263.471
239.7226 262.879
240.307 262.238
240.92678 261.638
241.54135 261.209
242.14673 260.814
242.73618 260.34
243.32265 259.811
243.95535 259.211
244.61601 258.658
245.28903 258.214
245.861 257.695
246.62082 257.198
247.24716 256.805
247.96919 256.289
248.69265 255.784
249.411124 255.333
250.132395 254.855
250.781788 254.361
251.40472 253.928
252.02231 253.499
252.65598 253.142
253.24381 252.839
253.7816 252.639
254.25916 252.538
254.67703 252.5
255.05924 252.516
255.35682 252.528
255.56538 252.632
255.66078 252.842
255.5985 253.215
255.37661 253.807
254.97631 254.566
254.48395 255.329
254.02743 256.146
253.51966 256.928
253.01874 257.681