230.4608 331.711
230.5552 331.665
230.733 331.48
230.9347 331.292
231.2136 331.257
231.5706 331.298
232.071 331.041
232.6435 331.001
233.3181 330.871
234.0331 330.604
234.8971 330.312
235.8511 330.019
236.9988 329.916
238.1794 329.774
239.2926 329.737
240.47107 329.677
241.73036 329.466
242.97965 329.558
244.27112 329.534
245.57372 329.436
246.87481 329.661
248.21059 329.501
249.554876 329.659
250.924404 329.721
252.30987 329.834
253.67833 329.94
255.05943 330.141
256.4238 330.163
257.79514 330.348
259.22213 330.526
260.6258 330.812
262.0381 331.125
263.473 331.414
264.9256 331.655
266.3871 331.98
267.8267 332.296
269.3041 332.781
270.6932 333.406
272.0923 333.805
273.4778 334.396
275.0172 335.079
276.2656 335.868
277.5052 336.685
278.6041 337.603
279.7656 338.654
280.7964 339.448
281.6783 340.44
282.442 341.788
282.9396 342.709
283.328 343.712
283.6397 344.669
283.909 345.734
284.1469 346.958
284.2018 347.88
284.1836 348.845
284.0673 349.812
283.8567 350.797
283.5389 351.756
283.1017 352.816
282.5406 353.858
281.9287 354.789
281.2389 355.573
280.5029 356.546
279.6701 357.487
278.7197 358.059
277.7396 358.755
276.7204 359.688
275.6599 360.476
274.4777 361.089
273.2943 361.44
272.0764 361.801
270.8343 362.446
269.6718 363.119
268.4595 363.813
267.2339 364.374
266.0216 364.961
264.7165 365.313
263.3541 365.598
261.97 366.016
260.6285 366.327
259.31898 366.888
257.99845 367.273
256.6633 367.277
255.35251 367.372
254.05758 367.382
252.73447 367.195
251.42401 366.952
250.104277 366.574
248.7532 366.106
247.46043 365.138
246.24058 364.57
245.05425 363.531
243.89411 362.734
242.7564 361.972
241.61267 360.898
240.52133 360.009
239.4636 358.959
238.4667 357.453
237.5344 355.901
236.6726 354.127
235.8161 352.622
234.9732 350.757
234.1861 348.498
233.4831 346.27
232.931 343.885
232.5307 341.875
232.2516 340.042
232.1708 338.413
232.2462 336.618
232.4191 334.808
232.6796 332.973
232.8826 331.341
233.165 329.827
233.5415 328.282
233.9896 326.723
234.5051 325.201
235.0357 323.573
235.62 322.051
236.2628 320.551
236.9713 319.115
237.6979 317.799
238.4583 316.522
239.2569 315.253
240.09436 314.013
240.93364 312.789
241.80979 311.553
242.71325 310.328
243.6906 309.066
244.72756 307.892
245.81208 306.818
246.91281 306.067
247.99717 305.173
249.076974 304.241
250.171972 303.551
251.305 302.789
252.33568 302.065
253.58149 301.256
254.81193 300.442
256.07236 299.73
257.16855 299.292
258.47203 298.683
259.77427 298.284
261.0487 297.652
262.2597 297.156
263.4555 296.809
264.6048 296.491
265.7726 296.388
266.9311 296.137
268.0734 296.105
269.2871 296.191
270.4529 296.201
271.6246 296.166
272.7537 296.218
273.8218 296.312
274.6974 296.679
275.7816 296.694
276.8123 296.664
277.7541 297.054
278.6401 297.329
279.3475 297.518
279.9645 297.707
280.5272 297.787
281.0201 298.013
281.4863 298.232
281.6456 298.412
282.1616 298.671
282.4779 298.714
282.7191 298.856
282.7804 299.096
282.5402 299.385
282.6088 299.538
282.581 299.748
282.5671 299.98
282.5319 300.072
282.2348 300.473
282.3251 300.689
282.3053 300.884
282.2546 300.943
281.9055 301.269
281.9143 301.225
281.8918 301.134
281.859 301.137
281.833 301.177
281.8487 301.455
281.8399 301.518
281.876 301.587
281.8924 301.696
281.9471 302.013
281.9501 302.055
281.9755 302.019
281.7824 302.148
281.865 302.175