263.5894 353.019
263.6441 353.389
263.6613 353.642
263.6391 354.085
263.5872 354.665
263.4111 355.631
263.1373 356.44
262.7429 357.34
262.2938 358.294
261.7944 359.349
261.1584 360.432
260.4925 361.806
259.7381 363.289
258.94739 364.657
258.13467 366.089
257.19083 367.433
256.14558 368.617
255.16528 369.614
254.03128 370.541
252.87896 371.734
251.774 372.759
250.55554 373.565
249.464744 374.572
248.38465 375.446
247.28693 376.245
246.18974 377.277
245.10426 377.562
243.97425 378.197
242.86806 378.871
241.68188 379.37
240.56698 379.596
239.4491 379.766
238.3634 379.762
237.2597 379.476
236.2095 379.229
235.1627 378.997
234.2483 378.132
233.298 377.644
232.3731 376.942
231.4056 376.174
230.4445 375.552
229.5817 374.715
228.7791 373.686
228.0613 372.427
227.306 371.124
226.5517 369.939
225.829 368.445
225.1314 366.885
224.5057 365.305
223.9537 363.538
223.3979 362.273
222.884 361.096
222.4255 359.818
221.9843 358.308
221.552 356.749
221.0947 355.474
220.6663 354.069
220.271 352.637
219.9273 351.452
219.6356 350.214
219.4026 348.937
219.1754 347.808
218.9911 346.478
218.793 345.312
218.6521 343.838
218.548 342.358
218.4331 341.124
218.3428 339.983
218.2592 338.81
218.1602 337.704
218.019 336.472
217.8331 335.211
217.6651 333.907
217.5224 332.583
217.3755 331.513
217.2445 330.269
217.1106 328.942
216.9441 327.754
216.7923 326.383
216.6201 324.907
216.5003 323.465
216.4052 322.155
216.3654 320.694
216.34 319.26
216.3476 317.742
216.377 316.263
216.4672 314.778
216.61 313.216
216.7757 311.646
216.9241 310.173
217.1271 308.624
217.3507 307.088
217.6076 305.619
217.9395 304.245
218.3793 302.774
218.8874 301.298
219.3994 299.776
219.883 298.261
220.3139 296.734
220.6971 295.248
221.0813 293.765
221.4548 292.404
221.9607 290.911
222.4527 289.574
222.9971 288.048
223.5551 286.37
224.0826 284.733
224.6016 283.038
225.0808 281.332
225.5933 279.488
226.103 277.632
226.5594 275.838
226.9938 274.066
227.3877 272.199
227.7184 270.353
228.0168 268.436
228.2306 266.701
228.4896 264.93
228.763 263.146
229.0729 261.348
229.4271 259.532
229.7911 257.795
230.1569 256.222
230.5499 254.783
230.9508 253.44
231.3413 252.233
231.6543 251.302
231.9164 250.616
232.1244 250.192
232.2947 250.068
232.389 250.269
232.3485 250.843
232.1716 251.815
231.9395 252.91
231.6385 254.303
231.3083 255.94
230.9502 257.847
230.56 259.903
230.0747 262.097
229.4612 264.557
228.6583 267.29
227.6679 270.088
226.4276 273.11
224.9756 276.277
223.3854 279.493
221.8143 282.813
220.4442 285.937
219.1956 288.834
217.9515 291.667
216.6543 294.542
215.3559 297.335
214.0401 300.075
212.721 302.737
211.3905 305.288
210.0329 307.722
208.667 310.023
207.2413 312.346
205.8227 314.57
204.4385 316.721
203.0006 318.765
201.6036 320.484
200.2194 322.007
198.778 323.679
197.306 325.163
195.7678 326.675
194.2089 327.969
192.6349 329.157
191.1153 330.088
189.6546 330.918
188.2307 331.462
186.8718 331.92
185.6622 332.198
184.8149 332.129
184.2933 331.834
184.1204 331.493
184.3231 331.108
184.8909 330.662
185.777 330.194
186.9763 329.552
188.3879 329.15
190.1202 328.59
192.129 328.202
194.4481 327.673
197.0546 327.216
199.8793 326.893
202.9652 326.506
206.1892 326.32
209.4092 326.26
212.5217 326.303
215.6103 326.345
218.7385 326.661
221.8797 326.818
225.011 326.941
228.0743 327.111
231.0383 327.239
233.937 327.512
236.7385 327.752
239.4635 327.993
242.08519 328.337
244.67141 328.83
246.96098 329.172
249.086389 329.609
251.09181 329.956
252.95871 330.034
254.85773 330.385
256.39444 330.571
257.82613 330.514
259.3164 330.715
260.4752 330.561
261.5011 330.452
262.5727 330.427
263.3227 330.308
263.9951 330.2
264.6116 330.326
265.0847 329.923
265.4826 329.784
265.7874 329.613
266.017 329.391
266.1943 329.075
266.3295 328.958
266.438 328.839
266.5185 328.852
266.5392 328.807
266.559 328.724
266.5876 328.687
266.6321 328.523
266.8342 328.644
267 328.795
266.9868 328.662
266.9644 328.634
267.0055 328.751
266.9999 328.584
267.0623 328.485
267.1273 328.624
267.1797 328.923
267.1676 329.031
267.1328 328.853
267.0609 328.654
267.014 328.669
266.9503 328.858
266.9418 328.997
266.9496 329.053
267.0111 329.196
267.1096 329.339
267.1465 329.332
267.1861 329.326
267.2207 329.402
267.2628 329.398
267.2925 329.488
267.349 329.399
267.4201 329.41
267.5507 329.515
267.6301 329.437
267.7714 329.48
267.9337 329.677
268.1052 329.835
268.2626 329.685
268.4394 329.722
268.6572 329.713
268.8215 329.535
269.0246 329.537
269.2238 329.504
269.3923 329.651
269.6303 329.707
269.8663 329.628
270.0668 329.694
270.2579 329.746
270.4451 329.707
270.6432 329.593
270.8691 329.625
271.0287 329.549
271.2213 329.796