249.009978 361.216
249.021185 361.095
249.002221 361.035
248.99456 361.407
248.98671 361.599
248.90731 361.543
248.78368 361.748
248.64359 362.174
248.42428 362.482
248.19754 362.853
247.9368 363.307
247.6397 363.69
247.32755 364.141
246.96481 364.498
246.61256 364.973
246.19295 365.152
245.68099 365.481
245.1799 365.975
244.62022 366.336
244.01873 366.498
243.3279 367.054
242.57903 367.156
241.78413 367.306
240.95821 367.209
240.10407 367.044
239.2139 366.859
238.2965 366.657
237.3895 366.403
236.4677 366.307
235.5515 366.151
234.6221 365.903
233.6794 365.71
232.6676 365.704
231.6638 365.357
230.6356 364.735
229.5987 364.047
228.5728 363.423
227.5235 362.782
226.5039 361.993
225.4142 361.379
224.3352 360.53
223.2056 359.951
221.9754 359.6
220.7883 358.849
219.5942 358.091
218.4099 357
217.2208 355.931
216.0666 354.733
214.8746 353.659
213.7711 352.249
212.6665 350.988
211.6418 349.511
210.6343 348.014
209.7382 346.516
208.8391 345.042
208.0277 343.634
207.2925 342.339
206.6328 340.943
206.0468 339.439
205.5576 337.731
205.0929 336.142
204.7159 334.629
204.42 333.179
204.2912 331.69
204.2003 330.127
204.2674 328.628
204.3357 327.25
204.4633 325.994
204.6961 324.535
204.8765 323.244
205.1463 322.299
205.4617 321.327
205.8152 320.341
206.2123 319.348
206.6209 318.508
207.0688 317.677
207.5549 316.846
208.0407 316.166
208.5341 315.62
209.1032 314.919
209.7487 314.338
210.4151 313.754
211.139 313.168
211.8882 312.731
212.6516 312.412
213.423 312.053
214.1577 311.573
214.8601 311.301
215.5806 310.961
216.2815 310.67
216.9875 310.39
217.7045 310.288
218.4062 310.365
219.1479 310.472
219.8568 310.555
220.5341 310.789
221.1766 310.991
221.8304 311.295
222.5185 311.812
223.3031 312.148
224.0565 312.566
224.7883 313.201
225.5006 313.817
226.1835 314.429
226.8736 314.887
227.5244 315.449
228.2122 316.162
229.0071 316.761
229.8704 317.732
230.8038 318.355
231.7401 319.073
232.4498 319.693
233.0543 320.268
233.5101 320.965
234.0078 321.298
234.3798 321.918
234.718 322.607
235.0672 323.396
235.4948 324.104
235.8254 325.168
236.2669 325.912
236.6263 326.708
236.8984 327.328
237.1273 328.184
237.3427 329.032
237.5758 329.771
237.7689 330.824
238.0194 331.774
238.2449 332.831
238.4056 333.88
238.5067 334.879
238.5192 335.753
238.5322 336.766
238.5525 337.497
238.5875 338.369
238.6125 339.225
238.7281 339.989
238.7843 341.096
238.8109 342.437
238.7457 343.671
238.7179 344.779
238.7474 345.549
238.8042 346.291
238.8779 346.978
239.0498 347.765
239.1843 348.66
239.2621 349.355
239.3754 349.728
239.4745 350.356
239.5947 351.139
239.6768 351.783
239.7457 352.318
239.7857 352.884
239.762 353.372
239.7854 353.838
239.793 354.251
239.7913 354.535
239.8224 354.783
239.8489 355.356
239.8623 355.925
239.8481 356.255
239.8181 356.463
239.737 356.695
239.6769 356.908
239.634 357.173
239.5593 357.628
239.4281 358.069
239.2838 358.586
239.1873 359.211
239.1619 359.439
239.1777 359.717
239.2059 360.026
239.2585 359.88
239.3165 359.898
239.3692 360.061
239.4083 359.998
239.4321 360.185
239.4323 360.575
239.3865 360.948
239.4099 361.217
239.4047 361.225
239.3793 361.101
239.4239 361.369
239.4558 361.116
239.4946 360.817
239.5515 360.546
239.6235 360.196
239.7046 359.669
239.8035 359.096
239.8549 358.585
239.9817 357.854
240.07899 357.022
240.1431 356.176
240.24877 355.191
240.28731 354.253
240.40467 353.304
240.50016 352.131
240.62899 350.55
240.74122 348.75
240.86493 346.928
241.05879 345.067
241.25325 342.923
241.37813 340.852
241.43867 338.865
241.46817 336.706
241.50848 334.438
241.65428 331.806
241.68613 329.348
241.75549 326.906
241.8493 324.397
241.89515 321.935
241.89827 319.586
241.89123 317.437
241.88562 315.481
241.94638 313.481
242.00321 311.288
242.03461 308.97
241.99432 306.697
241.8498 304.537
241.65805 302.128
241.51754 299.578
241.43554 297.032
241.34826 294.744
241.31126 292.492
241.32275 290.221
241.28748 288.163
241.24345 286.207
241.31076 283.988
241.29063 282.057
241.28737 280.037
241.269 277.801
241.24196 275.642
241.12211 273.914
241.05294 271.895
240.98562 269.88
240.79514 268.293
240.52481 266.89
240.2709 265.363
240.02531 263.679
239.8142 261.931
239.5229 260.562
239.2514 259.073
239.0125 257.642
238.8231 256.117
238.7253 254.277
238.5356 252.952
238.3047 251.695
238.1407 249.762
237.7637 248.664
237.4301 246.944
237.0772 245.155
236.6674 243.466
236.1561 241.936
235.6439 240.358
234.3042 242.518
233.9777 239.843
233.5334 237.553
232.9594 235.584
232.2262 234.062
231.4811 233.707
230.5235 231.931
229.7494 234.638
228.579 233.239
227.3103 230.728
226.0185 229.073
224.8058 229.642
224.8269 227.859
223.0055 228.555
221.3901 229.11
220.1171 229.213
218.6787 229.517
217.3748 229.966
216.1726 230.235
215.0461 230.562
213.7078 231.678
212.3125 233.067
210.8939 234.298
209.6164 235.318
208.3437 235.334
207.257 235.748
206.2514 236.18
205.3274 237.163
204.5292 238.6
203.7443 239.838
202.987 241.151
202.138 242.529
201.1627 243.984
200.1192 245.577
198.9344 247.296
197.6973 249.113
196.5315 251.01
195.5284 252.734
194.7228 254.234
194.094 255.811
193.6985 257.423
193.48 259.055
193.4341 260.784
193.4256 262.561
193.4964 264.614
193.5754 266.454
193.704 268.184
193.7856 269.861
193.8307 271.486
193.8178 272.896
193.7389 274.275
193.6194 275.614
193.4498 276.968
193.2293 278.411
193.0493 279.885
192.9438 281.408
192.9028 282.97
193.0173 284.38
193.1905 285.787
193.4412 287.207
193.7237 288.584
194.0755 289.832
194.3988 291.279
194.7295 292.897
195.1335 294.429
195.5422 295.75
196.0473 296.967