241.64323 314.434
241.59144 314.313
241.57792 314.193
241.58583 314.177
241.58866 313.914
241.5883 313.791
241.55658 313.67
241.5667 313.508
241.58797 313.554
241.63395 313.279
241.71313 312.862
241.82567 312.399
241.92131 311.949
242.03515 311.415
242.14328 310.561
242.25028 309.648
242.35979 308.735
242.46517 307.779
242.59657 306.523
242.70848 305.445
242.8166 304.285
242.93341 303.065
243.06103 301.742
243.15515 300.107
243.19043 298.437
243.20742 296.496
243.15896 294.564
243.14991 292.698
243.24733 290.59
243.33838 288.766
243.47435 286.908
243.60113 285.079
243.73298 283.152
243.80397 281.25
243.86056 279.355
243.94447 277.488
244.07375 275.703
244.24282 273.921
244.46137 272.274
244.73073 270.539
245.03189 268.828
245.33958 267.078
245.64925 265.302
245.95254 263.379
246.14539 261.801
246.32944 260.13
246.49134 258.581
246.64408 257.022
246.80752 255.411
246.97863 253.913
247.14238 252.418
247.28485 250.922
247.41138 249.344
247.51458 247.731
247.56921 246.164
247.64225 244.649
247.71752 243.182
247.77519 242.006
247.85635 240.884
247.96684 239.788
248.10343 238.763
248.20692 238.286
248.37546 237.74
248.57526 237.332
248.77625 237.197
249.014052 236.99
249.194184 237.178
249.293114 237.862
249.350001 238.831
249.399612 239.845
249.386863 241.152
249.286328 242.803
249.139941 244.731
249.04268 246.805
248.94131 249.106
248.82413 251.723
248.7167 254.679
248.63376 257.798
248.58715 260.959
248.58481 264.066
248.51584 267.343
248.40294 270.547
248.233 273.699
248.02302 276.829
247.76791 279.829
247.43938 282.843
247.08712 285.866
246.67876 288.93
246.37066 291.68
246.02808 294.458
245.68986 297.179
245.36531 299.779
245.05235 302.196
244.72484 304.586
244.40654 306.884
244.08787 308.966
243.76916 310.9
243.42936 312.902
243.10899 314.701
242.82747 316.332
242.59019 317.83
242.37334 319.468
242.20106 320.735
242.04592 322.102
241.85933 323.33
241.69464 324.224
241.52383 325.263
241.36901 326.204
241.28798 327.019
241.13687 327.837
240.94129 328.753
240.73851 329.435
240.49521 330.264
240.22893 331.337
239.9217 332.72
239.5982 333.96
239.2573 335.325
238.9339 336.855
238.6171 338.51
238.2869 340.419
238.0001 342.32
237.7041 344.432
237.3596 346.472
236.9748 348.525
236.5378 350.921
236.0738 353.104
235.6392 354.837
235.2396 356.558
234.8967 358.318
234.63 360.031
234.4247 361.744
234.1917 363.676
234.0523 365.317
233.965 367.05
233.9582 368.59
234.0582 369.768
234.2754 370.687
234.5567 371.524
234.9493 372.153
235.4649 372.52
236.0829 372.793
236.546 372.593
237.0445 372.225
237.5292 371.149
237.8992 369.568
238.1674 367.757
238.4069 365.646
238.6217 363.246
238.7945 360.509
238.8727 357.979
238.9302 355.484
238.9881 353.412
239.0163 351.95
239.0504 351.077
239.1338 350.486
239.2436 350.366
239.4032 350.712
239.6214 351.423
239.8211 352.533
240.05914 353.54
240.25827 354.476
240.40905 355.546
240.61507 356.487
240.81402 357.364
240.96778 357.849
241.09806 358.229
241.23824 358.093
241.34819 357.496
241.5244 356.201
241.726 354.522
241.88671 352.911
242.02033 351.416
242.1245 349.59
242.23032 348.266
242.29109 347.11
242.35303 346.153
242.38107 345.504
242.44577 345.261
242.48739 345.128
242.49751 345.013
242.49296 345.212
242.43073 345.51
242.38742 345.745
242.31241 346.134
242.23564 346.609
242.18952 347.247
242.15312 347.737
242.11563 348.153
242.09898 348.337
242.11498 348.36
242.1067 348.177
242.08845 348.118
242.06616 348.07
242.05994 348.072
242.05678 347.806
242.01957 347.596
241.92187 347.666
241.84747 347.693
241.79259 347.638
241.7318 347.411
241.67495 347.3
241.62503 347.034
241.54307 346.839
241.43651 346.515
241.30447 346.44
241.17653 346.597
241.01583 346.691
240.89157 346.435
240.73586 346.59
240.59851 346.638