224.5613 397.334
224.4816 398.198
224.4257 398.649
224.3399 398.808
224.1831 399.083
224.0355 398.962
223.9451 398.457
223.8552 397.534
223.7749 396.288
223.7304 394.435
223.7588 391.718
223.7578 388.77
223.7863 385.112
223.5853 380.624
223.4558 375.198
223.3028 369.388
223.1583 363.108
222.9741 356.655
222.7456 350.165
222.6192 343.663
222.5779 337.056
222.4964 330.876
222.5159 324.846
222.527 319.014
222.4944 313.432
222.4523 307.965
222.4581 302.644
222.4059 297.654
222.4352 292.979
222.4507 288.689
222.4644 284.736
222.4678 281.07
222.4322 277.736
222.3564 274.698
222.1871 272.22
222.0359 270.061
221.8662 268.334
221.6922 267
221.4917 266.136
221.2568 265.968
221.0941 266.256
220.8737 267.255
220.6272 268.75
220.3984 270.741
220.231 273.1
220.1615 275.849
220.2135 279.098
220.3948 282.754
220.8204 286.746
221.4693 291.209
222.3909 295.841
223.6593 300.729
225.2218 305.773
226.8913 310.662
228.4694 315.289
229.9868 319.759
231.6357 324.227
233.2981 328.583
235.0222 332.86
236.9172 337.006
238.8887 340.906
240.96808 344.596
243.054 347.997
245.05699 350.824
246.85361 353.662
248.4754 355.942
249.9289539 358.195
251.23572 360.043
252.33709 361.805
253.2564 363.051
253.94131 363.973
254.36577 364.398
254.49103 364.669
254.37428 364.4
254.05641 363.999
253.58068 363.466
252.98058 362.822
252.21125 361.871
251.25629 360.681
249.99019698 359.496
248.42349 358.359
246.56053 356.755
244.62112 355.119
242.57967 353.297
240.48048 351.152
238.3556 348.779
236.2943 346.345
234.3668 343.819
232.5906 341.121
231.0467 338.601
229.771 336.16
228.8466 333.604
228.2512 330.809
227.898 327.98
227.9254 324.772
228.2726 321.388
228.9628 317.628
229.9873 313.765
231.3986 309.841
233.1702 306.243
235.2434 303.157
237.7164 300.553
240.38937 298.145
243.10092 295.944
245.81193 293.902
248.50414 291.775
251.07403 289.716
253.58271 287.72
256.07252 285.655
258.5339 283.885
260.937 282.472
263.1674 281.409
265.0536 280.757
266.9343 280.193
268.6233 279.652
270.116 279.176
271.4093 278.799
272.3965 278.71
273.217 278.682
273.9545 278.898
274.5476 279.355
275.0019 279.926
275.2709 280.567
275.3254 281.409
275.083 282.373
274.6411 283.317
273.9648 284.127
273.1203 284.961
272.2118 285.858
271.2328 286.953
270.2696 287.875
269.3469 288.705
268.4792 289.576
267.6416 290.475
266.8505 291.366
266.1197 292.241
265.4927 293.076
264.9697 293.799
264.568 294.268
264.3087 294.668
264.1675 295.062
264.0491 295.261
263.8828 295.407
263.7177 295.412