209.559 262.488
209.4402 262.275
209.3602 261.976
209.3252 261.709
209.3935 261.396
209.5461 261.153
209.7988 260.858
210.094 260.595
210.4497 260.264
210.8735 260.125
211.3908 260.017
212.0256 260.05
212.841 260.181
213.8045 260.363
214.8657 260.576
216.0093 260.996
217.2045 261.598
218.3959 262.38
219.5785 263.3
220.7581 264.493
221.9799 265.603
223.2766 266.937
224.6812 268.511
226.1958 270.306
227.7513 272.304
229.2874 274.407
230.7868 276.561
232.243 278.887
233.662 281.389
235.0915 283.976
236.4959 286.785
237.7936 289.65
239.0369 292.527
240.12091 295.56
241.13851 298.7
242.05167 302.059
242.87738 305.482
243.64895 309.011
244.32375 312.596
244.94419 316.203
245.62245 319.647
246.28752 323.06
246.94894 326.439
247.64146 329.533
248.34174 332.608
249.007188 335.529
249.611495 338.225
250.0491513 340.842
250.301253 343.253
250.423478 345.622
250.517747 347.943
250.580591 350.063
250.644103 352.338
250.776706 354.652
250.915108 356.861
251.0547 358.961
251.16688 361.038
251.17339 363.194
251.12325 365.188
251.04092 366.77
251.04559 368.119
250.908636 369.47
250.698846 370.604
250.316573 371.551
250.00856329 372.751
249.588749 373.471
249.058295 373.957
248.38632 373.9
247.68814 373.589
247.11619 373.344
246.46956 372.468
245.77776 371.235
245.04336 370.098
244.29347 368.938
243.6904 367.849
243.01396 366.304
242.40714 364.452
241.79665 362.398
241.22488 360.096
240.67524 357.071
240.07411 353.708
239.4099 349.64
238.7304 345.382
238.0467 341.432
237.3468 337.79
236.606 334.447
235.8648 331.048
235.1935 327.464
234.7244 323.764
234.4609 319.906
234.4068 316.028
234.5026 311.92
234.6883 307.781
234.9394 303.733
235.275 299.816
235.717 296.191
236.2784 293.262
237.0456 290.621
237.9461 288.282
238.9116 286.094
239.9361 283.979
241.0144 281.853
242.0474 279.708
243.04942 277.519
244.02058 275.303
244.89891 273.061
245.6164 271.052
246.38243 268.947
247.17539 266.99
248.01026 265.171
248.92282 263.44
249.855028 261.908
250.810448 260.509
251.75817 259.188
252.65171 258.006
253.55271 256.873
254.47602 255.715
255.4283 254.581
256.37009 253.58
257.3654 252.665
258.26495 252.296
259.24967 252.096
260.2467 252.072
261.2209 252.168
262.081 252.315
262.7511 252.631
263.2415 253.001
263.7266 253.176
264.077 253.506
264.1827 254.079
264.4119 254.473
264.5586 255.021
264.6566 255.653
264.7309 256.337