185.8773 348.562
185.8673 348.617
185.858 348.589
185.8745 348.517
185.8547 348.686
185.8097 348.923
185.8108 349.136
185.833 349.27
185.8168 349.672
185.8292 349.808
185.8997 349.507
185.9715 349.252
186.0384 348.991
186.1338 348.648
186.2966 348.077
186.4753 347.244
186.6389 346.282
186.8712 344.692
187.0902 342.699
187.29 340.415
187.5126 337.774
187.7022 335.029
187.776 332.285
187.7624 329.619
187.739 326.771
187.6806 323.829
187.7007 320.449
187.6132 316.93
187.5469 313.03
187.487 309.208
187.5343 305.648
187.5705 302.442
187.5511 299.515
187.5569 296.749
187.586 294.323
187.6202 291.965
187.5652 289.864
187.5588 287.617
187.5518 285.476
187.5639 283.276
187.5545 281.204
187.5536 279.266
187.6186 277.38
187.7203 275.737
187.9531 274.324
188.2183 272.911
188.4893 271.595
188.7676 270.271
189.0501 269.063
189.3203 267.856
189.5798 266.746
189.7749 265.906
189.9447 265.269
190.0441 264.846
190.0497 264.656
189.9466 264.716
189.7449 264.981
189.4682 265.433
189.1356 266.188
188.9015 267.12
188.8273 268.26
188.8388 269.657
188.871 271.289
188.9443 272.773
189.0184 274.465
189.1822 276.122
189.3725 277.912
189.6166 279.785
189.9176 281.842
190.254 284.019
190.641 286.272
191.0537 288.533
191.5529 290.934
192.1787 293.307
192.8038 295.73
193.3398 298.063
193.8227 300.234
194.2467 302.259
194.5994 304.237
194.9645 306.208
195.4452 307.88
195.9385 309.58
196.4775 311.241
197.0536 312.901
197.6531 314.391
198.2705 315.764
198.8914 317.101
199.5678 318.452
200.2752 319.677
200.9924 320.896
201.7912 322.086
202.6382 323.09
203.6013 323.954
204.5979 324.848
205.6506 325.465
206.6899 325.951
207.74 326.249
208.799 326.191
209.848 326.005
210.9173 325.489
211.9495 324.819
212.9508 324.014
213.9878 323.392
214.8758 322.562
215.7217 321.482
216.5323 320.172
217.2797 318.51
217.9502 316.732
218.5797 314.755
219.1677 312.576
219.6711 310.388
220.0803 308.272
220.4378 306.055
220.6698 303.87
220.8611 301.686
221.0909 299.419
221.3722 296.973
221.5575 294.801
221.7559 292.503
221.9679 290.203
222.1428 288.037
222.2889 285.931
222.4559 283.836
222.6137 281.82
222.7756 279.89
222.9365 278.038
223.1019 276.136
223.2252 274.452
223.3375 272.858
223.4618 271.272
223.5443 269.948
223.5649 268.9
223.55 268.043
223.5339 267.363
223.4733 267.049
223.4299 266.907
223.3843 266.963
223.3239 267.282
223.2681 267.827
223.2081 268.7
223.1416 269.817
223.0494 271.208
222.9626 272.777
222.9177 274.439
222.9103 276.198
222.9376 277.949
223.001 279.744
223.0736 281.725
223.2019 283.71
223.3393 285.893
223.5916 288.082
223.8593 290.427
224.1617 292.836
224.5285 295.121
224.9721 297.341
225.469 299.325
225.9862 301.301
226.4884 303.245
226.9961 305.157
227.482 307.169
228.0257 309.127
228.5648 311.082
229.137 312.981
229.7563 314.7
230.4091 316.215
231.0675 317.594
231.749 318.908
232.4381 320.198
233.1402 321.435
233.8633 322.523
234.5881 323.506
235.3049 324.513
236.11 325.337
236.9863 325.98
237.868 326.551
238.7585 327.002
239.7019 327.177
240.64442 327.246
241.60219 327.149
242.57254 326.879
243.54645 326.673
244.54835 326.099
245.49522 325.634
246.44006 325.055
247.34711 324.341
248.2517 323.285
249.101287 322.011
249.896123 320.509
250.709304 318.958
251.48136 317.414
252.22439 315.998
252.96771 314.502
253.69599 312.958
254.3898 311.377
255.02956 309.704
255.47305 308.089
256.11077 306.199
256.5255 304.334
256.95359 302.474
257.41522 300.593
257.81553 298.942
258.19016 297.247
258.45975 295.603
258.68565 293.858
258.87533 291.951
259.01618 290.06
259.12343 288.365
259.24683 286.654
259.34849 285.027
259.44184 283.519
259.46276 281.945
259.41135 280.407
259.1386 279.162
258.88725 277.876
258.63404 276.65
258.41767 275.492
258.25896 274.254
258.11096 273.26
257.96611 272.28
257.82781 271.372
257.69153 270.566
257.5925 269.863
257.56726 269.213
257.61837 268.555
257.69755 268.098
257.84165 267.62
257.99156 267.22
258.12937 266.919
258.24276 266.747
258.3256 266.786
258.38608 266.943
258.47804 267.183
258.61321 267.475
258.76864 267.914
258.92863 268.377
259.04721 268.965
259.14672 269.426
259.20154 269.932
259.2527 270.433
259.30613 270.953
259.34336 271.542
259.43303 272.054
259.54472 272.658
259.65989 273.317
259.76109 274.026
259.82647 274.815
259.86549 275.641