214.6556 356.845
214.6111 356.797
214.5485 356.935
214.4715 357.089
214.4157 357.27
214.3191 357.588
214.2985 357.544
214.2181 357.639
214.1898 357.481
214.1368 357.707
214.2015 357.35
214.2862 357.379
214.4815 357.052
214.6938 356.506
214.8683 355.837
215.0633 355.062
215.2594 354.317
215.412 353.39
215.5745 352.014
215.6827 350.48
215.7689 348.427
215.783 346.208
215.7193 343.693
215.5224 340.699
215.107 336.962
214.6012 332.67
214.1758 328.96
213.8573 325.742
213.69 322.787
213.6539 320.134
213.6663 317.757
213.7519 315.393
213.8576 313.2
213.9524 311.226
214.1 309.163
214.263 307.087
214.3935 305.044
214.5327 303.042
214.6416 301.19
214.7402 299.538
214.8383 297.972
214.9433 296.53
215.0662 295.124
215.1652 293.83
215.2499 292.616
215.3173 291.399
215.3553 290.223
215.3731 289.093
215.3554 288.11
215.3227 287.238
215.2737 286.53
215.1465 286.301
215.0498 286.014
214.9418 285.856
214.8024 285.914
214.7107 285.895
214.5565 286.131
214.334 286.671
214.188 287.218
214.1085 288.009
214.0937 289.066
214.15 290.267
214.2492 291.669
214.3917 293.092
214.5864 294.487
214.8526 295.885
215.1932 297.385
215.6527 298.875
216.1812 300.448
216.8238 302.184
217.5332 303.94
218.2239 305.681
218.8777 307.32
219.3966 309.135
219.8128 310.974
220.1726 312.562
220.4241 314.084
220.5635 315.694
220.6909 317.345
220.8628 318.912
221.0494 320.484
221.2826 321.843
221.6396 323.271
221.9677 324.726
222.3026 326.17
222.642 327.629
222.982 329.084
223.3534 330.4
223.7039 331.794
224.0841 333.151
224.5231 334.388
224.9614 335.775
225.3653 337.208
225.775 338.549
226.2121 339.844
226.6679 340.805
227.1634 341.906
227.666 343.127
228.2635 344.253
228.8172 345.051
229.3782 345.82
229.9338 346.631
230.54 347.496
231.194 348.183
231.8982 348.751
232.6514 349.323
233.4136 349.894
234.2131 350.45
235.0132 350.709
235.8526 351.088
236.7238 351.383
237.6378 351.256
238.4866 351.215
239.3262 351.236
240.20282 351.111
241.08213 350.861
241.95931 350.719
242.86516 350.278
243.76112 349.633
244.6902 349.075
245.57885 348.436
246.42787 347.921
247.26917 347.094
248.11984 346.321
248.86957 345.711
249.609634 344.824
250.330401 343.812
251.07721 342.332
251.75959 340.904
252.21903 339.06
252.67592 337.203
253.11517 335.529
253.52733 333.98
253.89037 332.306
254.18393 330.854
254.5056 329.497
254.80037 327.884
255.08495 325.969
255.27495 324.343
255.47555 322.543
255.66798 320.594
255.79619 318.956
255.87836 317.285
255.97665 315.855
256.08563 314.44
256.20556 312.933
256.33571 311.521
256.48674 310.299
256.57753 309.001
256.64466 307.671
256.7393 306.231
256.80982 304.861
256.89172 303.684
256.97218 302.344
257.04967 301.181
256.94016 300.082
256.85104 299.007
256.78482 297.813
256.73029 296.587
256.64308 295.484
256.58262 294.379
256.5231 293.173
256.43528 292.105
256.34778 291.079
256.24822 290.048
256.17458 288.895
256.09831 287.801
256.00802 286.729
255.872 285.698
255.73319 284.916
255.63965 284.104
255.51839 283.368
255.399 282.797
255.28583 282.331
255.21786 281.831
255.14256 281.568
255.05314 281.34
255.02553 281.07
255.00268 281
254.99644 281.019
254.99033 281.072
254.99661 281.323
254.99746 281.711
254.99032 282.149
255.00429 282.594
255.02311 283.089
255.05076 283.656
255.09838 284.164
255.12609 284.575
255.15323 285.031