219.3953 368.721
219.4608 368.189
219.62 367.568
219.8205 366.529
219.9923 364.895
220.076 362.897
220.1167 360.468
220.0355 357.67
219.8462 354.288
219.5721 350.507
219.2025 346.53
218.8035 342.59
218.4684 338.677
218.2334 335.268
218.1272 332.011
218.0794 328.915
218.0193 325.951
217.8759 323.221
217.8048 320.284
217.7852 317.244
217.7388 314.282
217.7604 311.177
217.8213 308.111
217.8886 305.071
217.9256 302.291
217.9407 299.611
217.9581 296.961
217.9455 294.169
217.922 291.239
217.8448 288.263
217.784 285.025
217.6257 282.336
217.5399 279.562
217.5178 276.66
217.4736 273.956
217.4128 271.37
217.3847 268.704
217.4118 266.089
217.4621 263.549
217.5637 260.991
217.734 258.374
217.9339 255.791
218.0972 253.482
218.1835 251.711
218.3111 249.907
218.4448 248.45
218.6333 247.113
218.896 245.785
219.1976 244.586
219.5271 243.472
219.8217 242.554
220.0956 241.757
220.3055 241.133
220.484 240.615
220.6415 240.226
220.7546 240.011
220.8473 239.885
220.9137 239.937
220.9641 240.119
220.9776 240.485
220.9965 240.852
220.9936 241.353
220.9433 242.105
220.841 243.164
220.7032 244.313
220.5255 245.495
220.2924 246.704
219.9792 248.118
219.5841 249.728
219.161 251.457
218.8062 252.906
218.4855 254.521
218.2043 256.261
217.9419 258.015
217.6797 259.699
217.4184 261.324
217.1534 262.902
216.855 264.613
216.5361 266.477
216.1855 268.434
215.8276 270.505
215.4996 272.632
215.2053 274.701
214.9643 276.608
214.7599 278.481
214.6212 280.123
214.4855 281.887
214.2994 283.925
214.2383 285.752
214.1659 287.916
214.1075 290.172
214.0689 292.27
214.0313 294.311
214.0194 296.275
214.0036 298.266
214.0363 300.296
214.1167 302.388
214.2127 304.506
214.2855 306.695
214.2924 308.798
214.1919 311.006
214.053 313.197
213.8894 315.338
213.6666 317.497
213.4665 319.484
213.2554 321.453
213.1592 323.371
213.009 325.39
212.8622 327.344
212.7388 329.29
212.6579 331.124
212.5891 333.014
212.5183 335.194
212.477 337.324
212.3723 339.629
212.3283 341.778
212.3951 343.588
212.4782 345.507
212.6302 347.349
212.7354 349.46
212.7748 351.552
212.8354 353.628
212.9321 355.542
213.0191 357.102
213.1491 358.702
213.2966 360.379
213.5229 361.785
213.8117 362.898
214.0778 364.56
214.4287 366.183
214.8359 367.904
215.3942 369.34
215.9467 370.584
216.6893 372.136
217.3789 373.147
218.1013 373.821
218.9361 374.41
219.7951 375.066
220.8238 375.6
221.7863 375.795
222.7774 376.289
223.8693 376.513
224.9335 376.443
226.0891 376.162
227.2239 375.679
228.4538 375.163
229.6389 374.695
230.7569 374.192
232.0035 373.214
233.191 372.466
234.4063 371.641
235.5625 371.066
236.7648 370.603
237.9594 369.866
239.193 368.858
240.39157 368.198
241.58781 366.992
242.71113 366.1
243.81295 365.411
244.97088 364.128
246.16707 363.219
247.31352 362.134
248.46524 360.969
249.643156 359.906
250.853302 358.972
251.92902 357.845
252.93469 356.632
253.94643 355.401
254.91051 353.764
255.81875 352.549
256.63169 351.021
257.38956 349.549
258.11568 348.034
258.78178 346.692
259.38799 345.346
259.99398 343.848
260.5185 342.389
260.7581 341.042
261.0153 339.659
261.2571 338.426
261.3732 337.009
261.4218 335.359
261.3863 333.536
261.2338 331.848
260.9798 330.285
260.6746 328.692
260.3086 327.232
259.95362 325.844
259.54324 324.581
259.03935 323.393
258.54487 322.214
257.9499 321.062
257.26115 319.955
256.52618 318.836
255.68374 317.753
254.75111 316.808
253.78647 315.952
252.78562 315.167
251.75013 314.484
250.764628 313.786
249.761463 313.12
248.76412 312.681
247.74927 312.275
246.73091 311.876
245.69119 311.411
244.65968 311.108
243.69989 310.648
242.73968 310.247
241.79093 309.988
240.85133 309.635
239.8726 309.448
238.8791 309.133
237.9056 308.867
236.9388 308.679
235.9821 308.583
235.0134 308.373
234.0366 308.279
232.9575 308.394
231.8733 308.39
230.7821 308.272
229.6804 308.203
228.6397 308.064
227.6528 308.069
226.7348 308.138
225.9263 308.126
225.1698 308.354
224.4696 308.593
223.8025 308.927
223.1924 309.195
222.6376 309.522
222.1559 309.915
221.7529 310.2
221.3973 310.613
221.134 311.012
220.9115 311.472
220.6921 312.09
220.4979 312.536
220.3092 312.93
220.0816 313.309
219.8634 313.572
219.7149 313.814
219.663 314.007
219.642 314.236
219.6596 314.451
219.7489 314.532
219.834 314.689
219.9338 314.893
220.0286 315.163
220.1518 315.297
220.3192 315.327
220.5397 315.269
220.7917 315.2
221.038 315.335
221.3087 315.407
221.5867 315.567
221.8243 315.916
222.0596 316.256
222.2946 316.612
222.4898 317.245
222.6859 317.726
222.8552 318.321
223.0176 318.954