238.6717 400.216
238.8913 400.55
239.1224 400.576
239.2996 401.041
239.4828 401.103
239.6723 401.257
239.8876 401.767
240.08406 402.558
240.23261 403.387
240.3077 403.954
240.39058 403.893
240.37734 404.418
240.3217 405.259
240.2984 405.617
240.251 405.977
240.22135 406.444
240.11887 407.227
239.9798 407.408
239.7302 407.761
239.4268 408.556
239.1226 408.756
238.7132 409.095
238.1705 409.472
237.5691 408.821
236.8658 408.984
236.0773 409.272
235.2496 409.127
234.3437 409.222
233.3534 409.587
232.358 409.711
231.3852 409.322
230.3801 409.045
229.3605 408.848
228.2318 408.617
227.0538 408.393
225.7784 407.981
224.5195 407.764
223.1893 407.399
221.7916 406.654
220.4497 405.511
219.0593 404.507
217.6493 403.393
216.2137 402.607
214.8115 401.636
213.4089 401.026
212.0908 400.084
210.7736 398.786
209.4104 397.799
208.0671 396.487
206.6033 395.344
205.1158 393.814
203.6514 392.131
202.3104 390.064
200.9838 388.322
199.686 386.418
198.3809 384.371
197.1225 382.294
195.8713 380.352
194.7221 377.883
193.6085 375.505
192.5763 373.207
191.6337 370.693
190.753 368.42
189.9832 365.801
189.3108 363.044
188.7079 360.331
188.2848 357.468
187.8643 354.836
187.6179 352.29
187.5448 349.861
187.5816 347.545
187.7182 345.416
187.9454 343.289
188.2314 341.204
188.5569 339.342
188.9567 337.77
189.4051 336.018
190.0063 334.27
190.7262 332.991
191.4141 331.802
192.2629 330.494
193.1176 329.618
193.9531 328.662
194.7719 327.916
195.5675 327.466
196.4352 326.897
197.3096 326.487
198.2582 326.107
199.2043 326.2
200.147 326.442
201.1111 326.753
202.0914 327.251
203.1218 328.036
204.2745 328.956
205.5793 330.117
206.7933 331.512
207.8828 332.945
208.9354 334.143
209.9147 335.448
210.8706 336.868
211.8224 338.379
212.7364 339.941
213.6875 341.396
214.6937 342.841
215.8212 344.253
216.9545 345.984
218.0449 347.44
219.0261 348.877
219.9041 350.304
220.7294 351.683
221.5327 353.181
222.3599 354.685
223.23 356.277
224.1187 358.059
224.9817 359.728
225.7908 361.833
226.503 363.863
227.0249 365.542
227.4297 367.399
227.5909 369
227.7292 371.04
227.8265 372.929
227.9404 374.326
228.1133 375.638
228.2604 377.022
228.3331 378.585
228.4167 380.125
228.4493 381.696
228.4778 382.974
228.3949 384.562
228.2742 385.863
228.1297 387.15
227.9593 388.48
227.8062 389.873
227.761 390.947
227.7545 392.193
227.7748 393.273
227.8066 394.734
227.9208 395.857
228.0092 396.771
228.0827 397.636
228.0744 398.649
228.0271 399.651
228.0043 400.798
227.9728 401.913
227.9911 402.772
228.0139 403.695
228.0576 404.465
228.1272 404.569
228.193 404.763
228.1782 405.089
228.1012 405.358
228.0083 405.385
227.9665 405.571
227.9894 405.654
228.0181 405.416
228.0147 405.488
228.0325 405.594
228.0753 405.829
228.122 406.017
228.1583 405.622
228.1791 405.539
228.2106 405.63
228.3213 405.613
228.4526 405.456
228.555 405.719
228.676 405.887
228.764 406.261
228.8056 405.858
228.813 405.051
228.8188 404.134
228.7779 402.689
228.6445 401.224
228.632 399.443
228.7259 397.59
228.8315 395.53
228.8704 393.532
228.8864 391.227
228.9078 388.817
228.9888 386.492
229.0519 384.204
229.1237 381.707
228.9932 378.982
228.8718 375.897
228.6316 372.951
228.3739 370.071
228.1586 367.206
227.9499 364.558
227.7732 361.637
227.6147 358.525
227.4264 355.368
227.1865 352.181
226.9093 349.004
226.5886 345.861
226.2662 342.9
226.0172 339.891
225.8153 337.034
225.6171 334.112
225.4311 331.237
225.3254 328.11
225.1836 325.282
225.1065 322.379
225.1024 319.576
225.1232 316.931
225.1445 314.36
225.1858 312.032
225.2626 309.809
225.3797 307.572
225.5058 305.533
225.6738 303.516
225.9083 301.422
226.1425 299.422
226.3785 297.604
226.6387 295.719
226.8992 293.928
227.1553 292.24
227.4066 290.631
227.6798 289.035
227.9111 287.848
228.1713 286.605
228.4661 285.284
228.8668 283.67
229.2502 282.199
229.5921 280.897
229.8802 279.734
230.1173 278.475
230.2603 277.665
230.4705 276.688
230.7435 275.662
231.0663 274.58
231.4529 273.562
231.881 272.614
232.3341 271.857
232.7719 271.264
233.2548 270.547
233.7214 269.956
234.1732 269.355
234.6364 268.761
235.1244 268.182
235.6323 267.836
236.1922 267.61
236.8673 267.358
237.6191 267.312
238.4486 267.37
239.3672 267.568
240.3537 267.817
241.41524 267.898
242.49764 268.065
243.45132 268.505
244.54667 268.602
245.53877 268.957
246.48156 269.465
247.3228 270.093
248.08373 270.642
248.67851 271.3
248.9923 272.093
249.258548 272.489
249.323605 272.961
249.252434 273.43
249.077497 273.86
248.85495 274.3
248.61887 275.094
248.42513 275.911
248.2717 276.922
248.20696 278.036
248.18713 279.269
248.17212 280.54
248.07213 281.956
247.85277 283.361
247.50669 284.808
247.07724 286.331