225.2586 454.125
225.335 453.299
225.3972 452.86
225.4847 453.819
225.4703 453.617
225.4642 453.692
225.5288 453.35
225.6876 453.568
225.7514 453.364
225.5735 452.356
225.5068 451.93
225.6078 451.361
225.6368 451.144
225.7441 450.078
225.9398 448.998
225.8955 447.974
225.9098 446.175
225.9748 444.192
226.1784 443.026
226.4762 442.28
226.6032 439.952
226.7671 437.74
226.9456 435.207
227.1327 432.672
227.327 430.028
227.518 426.836
227.7024 423.483
227.9275 420.485
228.1507 417.274
228.3341 413.23
228.3895 409.036
228.3881 405.095
228.4403 401.434
228.5389 397.537
228.5824 393.873
228.702 390.1
228.9008 386.669
229.1503 382.876
229.2957 379.059
229.4344 375.22
229.5636 370.978
229.6782 366.579
229.7339 362.594
229.7709 358.519
229.8504 354.642
229.9781 350.81
230.112 347.275
230.2073 343.635
230.2876 339.954
230.3598 336.414
230.4017 332.988
230.498 329.776
230.555 326.787
230.529 323.95
230.648 320.974
230.6894 318.451
230.8721 315.801
231.1114 313.199
231.4089 310.599
231.6894 308.135
231.9954 305.788
232.3673 303.507
232.7218 301.382
233.1445 299.454
233.5954 297.657
234.0482 295.873
234.4897 294.142
234.8957 292.555
235.2415 290.983
235.5682 289.559
235.8342 288.387
236.0794 287.414
236.2867 286.628
236.4531 286.168
236.6162 285.92
236.751 285.916
236.7593 286.599
236.7455 287.336
236.7216 288.145
236.6705 289.134
236.6148 290.177
236.4112 291.562
236.0524 293.211
235.6214 295.179
235.2213 297.356
234.7983 299.71
234.3103 302.441
233.7867 305.409
233.2835 308.769
232.7699 312.357
232.206 316.289
231.7016 320.315
231.052 324.522
230.2409 328.754
229.2462 332.748
228.1162 336.814
226.8311 340.856
225.4135 344.746
224.0307 348.324
222.646 351.863
221.2487 355.408
219.7942 358.573
218.3154 361.463
216.8056 364.607
215.1638 367.562
213.5784 370.552
212.0991 372.971
210.6767 375.083
209.2506 377.203
207.7643 379.399
206.175 381.293
204.494 383.394
202.8577 385.659
201.1758 387.871
199.3535 390.152
197.5547 391.75
195.6096 393.657
193.6331 395.167
191.5274 396.494
189.292 397.417
186.849 398.42
184.4206 399.234
181.9806 400.553
179.7757 401.639
177.7109 402.96
175.9298 403.364
174.2734 403.453
172.8171 403.179
171.4331 403.022
170.046 403.481
169.1522 403.164
168.5209 403.104
168.3917 402.637
168.6049 402.254
169.0451 402.448
169.8428 402.501
170.8838 403.018
172.4067 403.063
174.3654 402.823
176.6545 402.709
179.3162 402.806
182.249 403.072
185.4045 403.342
188.816 402.968
192.4622 403.205
196.2513 403.476
200.216 404.462
204.4219 404.999
208.7909 406.042
213.3369 406.951
217.708 407.86
222.2747 408.771
226.6151 409.532
230.6762 410.514
234.5085 411.652
238.3165 412.456
242.04132 412.704
245.61555 413.176
249.057921 413.783
252.39452 414.426
255.52883 415.039
258.48587 415.499
261.255 415.735
263.8172 416.347
266.1085 416.562
268.0578 417.036
269.7049 417.176
271.1272 417.155
272.4213 417.516
273.3367 417.777
273.9637 417.606
274.376 417.458
274.4337 416.875
274.262 416.78
273.9938 417.155
273.508 417.193
272.7417 417.019
271.8438 417.047
270.8787 417.141
269.8927 417.016
268.9392 416.638
268.0868 416.693
267.3366 416.706
266.5544 416.503
265.8622 416.184
265.2771 415.939
264.694 415.964
264.2603 415.879
264.0133 416.26
264.0548 416.474
264.3581 417.01
264.7103 416.949
265.1953 417.183
265.6728 417.347
266.2628 417.626
266.8181 417.856
267.5045 417.82
268.1919 418.052
269.12 418.068
270.1291 417.747
271.1115 417.212
272.0984 416.02
273.0952 414.968
274.0503 413.985
274.9585 413.683
275.7636 412.592
276.486 411.447
277.1157 410.106
277.6735 408.697