213.9064 395.88
214.1236 395.966
214.4271 396.05
214.8097 396.083
215.2982 395.899
215.8894 395.589
216.5436 395.655
217.2702 395.519
217.9642 395.278
218.713 394.851
219.4457 394.301
220.179 393.845
220.9316 393.403
221.7626 392.477
222.585 391.78
223.4467 390.954
224.3848 390.004
225.297 388.769
226.1877 387.669
227.1054 386.228
228.0076 384.434
228.851 382.575
229.6679 380.48
230.5187 378.009
231.4028 375.513
232.1525 373.001
232.8708 370.129
233.5247 367.646
234.1502 365.102
234.7971 362.508
235.4529 360.1
236.0634 357.932
236.6595 355.85
237.2569 353.587
237.7692 351.269
238.2351 349.017
238.6755 346.544
239.1549 344.035
239.611 341.781
240.04537 339.58
240.44635 337.474
240.78916 335.726
241.07451 333.85
241.31531 332.074
241.51643 330.404
241.62157 328.926
241.7811 327.33
241.91962 325.856
242.04825 324.63
242.17024 323.454
242.2847 322.576
242.43791 321.752
242.63412 321.188
242.86549 320.825
243.08713 320.687
243.27285 320.722
243.41085 320.966
243.48333 321.373
243.47557 322.066
243.39358 322.91
243.32493 323.782
243.31089 324.691
243.44733 325.729
243.49595 327.12
243.67935 328.545
243.84151 330.043
243.99378 332.095
244.13534 334.265
244.22226 336.665
244.32019 339.029
244.50284 341.198
244.7968 343.376
245.22959 345.869
245.78615 348.577
246.54431 351.774
247.40031 354.784
248.19084 357.622
248.96668 360.088
249.751623 362.088
250.472454 363.858
251.18687 365.478
251.8878 367.329
252.58611 369.156
253.29352 370.965
254.10935 372.715
254.99106 374.567
256.05341 376.509
257.05926 378.297
257.87335 379.576
258.39802 380.739
259.06141 381.854
259.65284 383.351
260.1434 384.532
260.5953 385.687
261.0944 386.872
261.6273 387.952
262.2631 389.157
262.8976 389.715
263.4238 390.416
263.8792 391.153
264.3089 391.618
264.7957 392.616
265.2343 393.545
265.6555 393.986
266.0142 394.394
266.3932 394.884
266.7896 395.491
267.1792 395.794
267.5024 395.721
267.82 395.799
268.078 396.041
268.3066 396.199
268.5479 396.391
268.7964 396.391
269.1137 396.509
269.3998 396.883
269.6585 396.861
269.8421 396.985
269.9932 396.932
270.1592 396.773
270.2088 396.664
270.2931 396.836
270.4223 397.226
270.5367 397.412
270.5439 397.662
270.5268 397.525
270.4418 397.519
270.3216 397.329
270.315 397.382
270.2446 397.521
270.1773 397.732
270.1321 397.741
270.1143 397.997
270.0846 397.871
270.082 397.756