169.9554 402.841
169.9435 402.803
170.0051 402.352
169.9224 402.349
169.8892 402.021
170.0438 400.912
169.9982 400.38
169.974 399.559
169.9667 398.581
169.889 397.575
169.7404 396.445
169.4976 395.233
169.3153 393.35
169.0884 391.177
168.8336 388.818
168.6785 385.81
168.614 382.553
168.3647 379.935
168.0685 377.449
167.6652 375.156
167.2725 372.809
166.9432 370.447
166.623 368.165
166.371 366.053
166.1634 364.082
166.0845 361.873
166.019 360.01
166.0767 358.029
166.1936 356.126
166.3051 354.453
166.458 352.899
166.8243 351.083
167.1904 349.641
167.5671 348.338
168.0934 346.906
168.7077 345.428
169.3054 344.215
169.9388 343.096
170.6224 342.199
171.3131 341.537
172.1633 340.771
173.1532 340.076
174.1867 339.765
175.2845 339.704
176.3907 339.806
177.5367 340.059
178.5907 340.909
179.7794 341.673
180.9808 342.624
182.106 343.801
183.2355 345.207
184.2614 346.892
185.2445 348.669
186.2249 350.308
187.1724 352.314
188.1145 354.205
188.9699 356.2
189.8078 358.031
190.5577 359.965
191.1997 361.857
191.7851 363.816
192.0956 366.246
192.4239 368.672
192.8656 370.771
193.3251 372.422
193.6272 374.147
193.8098 375.902
193.8364 377.789
193.8207 379.881
193.8842 381.476
193.9954 382.88
194.0216 384.498
193.9244 386.458
193.9275 387.831
193.9783 388.838
194.0269 389.421
194.0571 389.501
193.9976 389.647
193.8697 389.779
193.7625 389.614
193.6813 389.188
193.6422 388.572
193.578 387.607
193.4521 386.676
193.4193 385.471
193.3588 384.249
193.3667 382.831
193.4371 381.034
193.4779 378.935
193.4331 376.933
193.2803 374.56
193.1501 372.438
193.181 370.165
193.3444 367.879
193.6083 365.474
193.9115 363.306
194.2802 361.033
194.7837 358.361
195.4007 355.411
196.006 352.844
196.6421 350.67
197.3723 348.856
198.1359 347.345
198.9251 346.157
199.8324 344.938
200.7107 344.055
201.6386 343.353
202.5425 343.006
203.596 342.528
204.6269 342.457
205.646 342.775
206.7515 343.045
207.8302 343.485
208.9202 344.191
210.008 344.951
211.0029 345.889
211.8512 347.061
212.6801 348.307
213.3676 350.149
214.15 352.007
214.9429 354.306
215.6415 356.674
216.1964 359.361
216.722 362.056
217.2293 365.009
217.8014 367.85
218.3904 370.544
218.9322 373.044
219.4013 375.042
219.8761 376.527
220.3132 378.143
220.6246 380.029
220.8754 381.767
221.1827 383.16
221.4521 384.624
221.8481 385.809
222.2341 386.334
222.4629 386.895
222.6848 387.529
222.7711 388.388
222.7877 389.118
222.8454 389.273
222.9183 390.042
222.9241 390.592
222.7979 391.057
222.5652 391.661
222.4338 391.887
222.3539 391.969
222.2687 392.081
222.1888 391.91
222.0914 391.746
222.0244 391.205
221.9376 390.816
221.965 390.66
222.072 390.678
222.1937 390.553
222.2065 390.538
222.2069 390.687
222.0941 390.939
222.0434 390.699
221.9325 390.825
221.8166 391.401
221.6885 391.615
221.5204 391.81
221.428 392.018
221.2398 392.375