182.9904 384.898
183.1535 384.89
183.2946 385.265
183.5652 385.56
183.9355 385.66
184.3583 385.944
184.9392 385.862
185.5671 385.744
186.2327 385.891
187.031 385.943
187.9435 386.256
188.9612 386.519
190.1331 386.493
191.3851 386.672
192.6823 386.66
193.9208 386.629
195.2588 386.769
196.6344 386.824
198.0436 387.155
199.4031 387.484
201.0337 387.561
202.578 387.782
204.0278 388.174
205.7569 388.184
207.3645 388.521
208.9812 388.98
210.5865 389.086
212.1181 389.147
213.6299 389.016
215.0634 389.318
216.5258 389.281
217.8752 388.822
219.329 389.045
220.8249 389.009
222.136 388.929
223.6329 388.5
225.0181 387.803
226.1409 387.901
227.4435 387.815
228.5995 387.812
229.5645 388.072
230.4541 388.141
231.066 387.847
231.7973 387.232
232.399 386.847
232.7348 386.459
233.0606 386.062
232.9749 385.529
232.7615 384.981
232.5408 384.111
232.1436 383.108
231.5211 382.188
230.7398 381.2
229.687 380.198
228.531 379.165
227.2646 378.15
226.019 376.829
224.6827 375.622
223.0935 374.473
221.4852 373.053
219.8473 371.458
218.1914 369.779
216.5321 368.126
214.8522 366.397
213.0692 365.084
211.3718 363.283
209.7104 361.725
208.0389 360.049
206.3464 358.296
204.6673 356.598
202.8759 355.037
201.099 353.24
199.3082 351.514
197.598 349.615
195.7612 347.865
193.8533 346.366
192.0502 344.489
190.1957 342.897
188.4501 341.276
186.7253 339.641
185.0933 337.956
183.5098 336.469
181.9793 335.072
180.5346 333.752
179.2557 332.386
178.049 331.128
176.7989 330.246
175.6398 329.435
174.624 328.618
173.7883 327.602
173.0597 326.768
172.4223 326.081
171.8389 325.506
171.3935 324.91
170.9641 324.443
170.557 324.159
170.2907 323.761
170.0481 323.487
169.854 323.259
169.9073 322.672
169.9462 322.303
170.0934 321.909
170.2493 321.868
170.707 321.466
171.147 321.581
171.8705 321.599
172.8657 321.496
174.054 321.516
175.463 321.529
177.0587 321.457
178.7378 321.513
180.5053 321.645
182.2438 321.94
184.1515 322.127
186.0503 322.194
188.0912 322.223
190.0745 322.297
192.0284 322.435
194.0011 322.28
195.8229 322.51
197.4949 322.757
199.1077 323.005
200.71 323.082
202.3823 323.043
203.8554 323.037
205.2893 323.059
206.7604 322.982
208.0304 323.243
209.2622 323.33
210.5507 323.267
211.637 323.514
212.6885 323.818
213.7069 323.982
214.6634 324.136
215.6199 323.993
216.5298 323.767
217.3399 323.863
218.1713 323.779
218.9477 323.688
219.8297 323.538
220.6095 323.76
221.249 323.915
221.8632 324.268
222.4992 324.26
223.0672 324.043
223.6649 323.784
224.1142 323.62
224.4165 323.43
224.7165 323.358
225.0236 323.248
225.286 323.261
225.5405 323.489
225.9332 323.526
226.0549 323.703
226.3043 323.76
226.5164 323.765
226.4567 323.832
226.4255 323.838
226.3368 323.914
226.5041 323.707
226.4479 323.74
226.4065 323.902
226.483 323.932
226.4877 324.189
226.5061 324.471
226.2938 324.802
226.1217 324.89
225.9428 325.148