0.528702 1.20928
0.491906 1.21965
0.451897 1.2371
0.406206 1.24654
0.356061 1.24967
0.300538 1.2613
0.242889 1.27351
0.183186 1.26663
0.119582 1.26036
0.0525152 1.24676
-0.0183286 1.22878
-0.091563 1.22346
-0.165796 1.19729
-0.24466 1.16678
-0.324761 1.12661
-0.405287 1.0838
-0.484503 1.04121
-0.564666 0.995135
-0.640177 0.930584
-0.720019 0.886208
-0.797088 0.824923
-0.868935 0.746951
-0.942258 0.667996
-1.01758 0.598211
-1.09178 0.525608
-1.16236 0.44786
-1.23079 0.360137
-1.29351 0.258904
-1.35825 0.168273
-1.42075 0.0740638
-1.48317 -0.0101255
-1.54219 -0.104514
-1.59515 -0.196532
-1.6409 -0.301656
-1.68272 -0.401816
-1.72307 -0.486139
-1.75832 -0.563842
-1.78002 -0.662435
-1.79649 -0.755929
-1.80514 -0.844816
-1.80498 -0.926992
-1.8006 -1.00411
-1.78763 -1.08164
-1.77175 -1.14681
-1.74703 -1.2115
-1.72001 -1.2523
-1.68168 -1.30996
-1.64232 -1.3478
-1.59939 -1.38994
-1.54918 -1.41517
-1.4923 -1.44501
-1.433 -1.4689
-1.37292 -1.48992
-1.31283 -1.49726
-1.2478 -1.49811
-1.17723 -1.4965
-1.10634 -1.47641
-1.03186 -1.4553
-0.958138 -1.42618
-0.885126 -1.39392
-0.815079 -1.3534
-0.742435 -1.30848
-0.672015 -1.25073
-0.602201 -1.19311
-0.532434 -1.12914
-0.465683 -1.05328
-0.401204 -0.978659
-0.337304 -0.909411
-0.277689 -0.827906
-0.219926 -0.744522
-0.167017 -0.654025
-0.116333 -0.570552
-0.0692921 -0.472182
-0.0231719 -0.393048
0.0180066 -0.30689
0.060251 -0.215141
0.0975746 -0.108943
0.138919 -0.0232325
0.179373 0.0719613
0.219309 0.166395
0.261983 0.254386
0.305019 0.341707
0.347466 0.448576
0.391563 0.538804
0.439323 0.62948
0.486908 0.722437
0.537519 0.787436
0.589078 0.852479
0.634147 0.93376
0.676423 0.985428
0.713948 1.05633
0.749771 1.11641
0.77806 1.19393
0.8052 1.24757
0.826084 1.30277
0.844542 1.32693
0.858823 1.33476
0.867905 1.3492
0.872437 1.35672
0.871946 1.36808
0.868422 1.37551
0.858709 1.37868
0.849007 1.36696
0.837758 1.35833
0.825029 1.33368
0.811839 1.30393
0.798789 1.26658
0.786898 1.22587
0.773983 1.19684
0.762816 1.16503
0.75464 1.10402
0.747246 1.05244
0.739976 1.00015
0.734124 0.941499
0.72557 0.87489
0.71935 0.801437
0.713188 0.712864
0.702373 0.631762
0.695108 0.541086
0.690234 0.43614
0.684945 0.334191
0.681463 0.228262
0.681758 0.118485
0.68732 0.0152834
0.697778 -0.0891703
0.710709 -0.192237
0.726569 -0.289489
0.746563 -0.383162
0.768601 -0.472495
0.794924 -0.562858
0.824123 -0.644095
0.857374 -0.722424
0.892649 -0.787601
0.929222 -0.841282
0.967648 -0.897289
1.00806 -0.953609
1.049 -0.999819
1.08991 -1.04357
1.13203 -1.07681
1.17413 -1.1049
1.21749 -1.13411
1.25959 -1.14936
1.29974 -1.15755
1.33917 -1.16319
1.37523 -1.1597
1.41053 -1.15258
1.44331 -1.1478
1.47565 -1.13809
1.50643 -1.12221
1.53433 -1.09542
1.56213 -1.08021
1.58565 -1.05784
