0.327126 1.26577
0.335275 1.28735
0.343881 1.3018
0.352073 1.3214
0.360927 1.33996
0.370654 1.36418
0.38187 1.38423
0.394384 1.40187
0.407584 1.41951
0.422227 1.4357
0.434174 1.44781
0.443704 1.45211
0.448979 1.45136
0.450729 1.44046
0.446812 1.42559
0.437788 1.40101
0.422486 1.37403
0.402723 1.32967
0.37977 1.28086
0.354354 1.22177
0.326063 1.15357
0.292832 1.08487
0.254725 1.00779
0.211146 0.922111
0.163221 0.835382
0.110751 0.737568
0.0541114 0.636088
-0.00410647 0.528963
-0.0633231 0.415533
-0.123302 0.302331
-0.184912 0.186897
-0.249836 0.0721469
-0.316846 -0.0452441
-0.38455 -0.163887
-0.453254 -0.281096
-0.521341 -0.393138
-0.588749 -0.505612
-0.654645 -0.61697
-0.719218 -0.728124
-0.782551 -0.840689
-0.845129 -0.949999
-0.908395 -1.05938
-0.972564 -1.16147
-1.03722 -1.26036
-1.09989 -1.35441
-1.16016 -1.44048
-1.22068 -1.52286
-1.28128 -1.60017
-1.33965 -1.67105
-1.39636 -1.73222
-1.45153 -1.78476
-1.50251 -1.82789
-1.54681 -1.86482
-1.585 -1.89165
-1.6151 -1.90987
-1.63829 -1.91426
-1.65151 -1.90716
-1.65661 -1.88678
-1.64933 -1.8548
-1.63056 -1.81098
-1.60099 -1.75369
-1.56143 -1.6866
-1.5131 -1.60233
-1.4581 -1.50814
-1.39736 -1.40176
-1.33283 -1.28565
-1.26393 -1.16484
-1.19526 -1.03311
-1.12845 -0.893751
-1.06181 -0.745948
-0.862152 -0.22116
-0.724912 0.150043
-0.625589 0.428508
-0.549018 0.634267
-0.489186 0.813302
-0.438356 0.963221
-0.393209 1.08382
-0.352412 1.18651
-0.314447 1.26777
-0.280014 1.33367
-0.246891 1.384
-0.214051 1.42097
-0.179998 1.437
-0.141886 1.43431
-0.100047 1.40973
-0.0529032 1.38241
-0.000459007 1.33996
0.0558644 1.2894
0.117701 1.23081
0.182753 1.15562
0.252758 1.07633
0.326411 0.984642
0.404015 0.876447
0.483333 0.752796
0.566401 0.625162
0.655115 0.495296
0.748267 0.35348
0.841514 0.207134
0.929841 0.0575101
1.02008 -0.0879255
1.11024 -0.229992
1.19695 -0.367665
1.28251 -0.501947
1.36283 -0.633019
1.43424 -0.760335
1.5006 -0.88435
1.5605 -1.0045
1.61418 -1.12189
1.65762 -1.23322
1.70109 -1.33937
1.73293 -1.44005
1.75304 -1.51872
1.76175 -1.57877
1.76611 -1.62125
1.75354 -1.63707
1.73461 -1.6403
1.70173 -1.6286
1.65358 -1.59994
1.59697 -1.56377
1.52878 -1.51651
1.44988 -1.45979
1.35857 -1.39093
1.25893 -1.31761
1.14814 -1.23859
1.03117 -1.15551
0.907665 -1.07832
0.776595 -0.992567
0.638978 -0.912667
0.494229 -0.831425
0.341449 -0.753323
0.181835 -0.680048
0.0163703 -0.607569
-0.151048 -0.537298
-0.315812 -0.465093
-0.473845 -0.400399
-0.62251 -0.337458
-0.761454 -0.276316
-0.890521 -0.22289
-1.01076 -0.171877
-1.12328 -0.119976
-1.22586 -0.0710578
-1.31941 -0.0258269
-1.40521 0.0203146
-1.48009 0.0639749
-1.54197 0.104471
-1.59083 0.141257
-1.62518 0.173467
-1.64461 0.201785
-1.65324 0.230148
-1.64874 0.255074
-1.63303 0.276153
-1.60433 0.290904
-1.56451 0.304106
-1.51243 0.31822
-1.4488 0.331923
-1.37137 0.343396
-1.28258 0.352479
-1.18354 0.360309
-1.07675 0.36254
-0.965174 0.363177
-0.853382 0.374149
-0.739216 0.3861
-0.619874 0.390334
-0.499606 0.399349
-0.377049 0.408386
-0.256376 0.418242
-0.133606 0.428508
-0.0155302 0.43552
0.0977188 0.442121
0.203325 0.444306
0.299969 0.449178
0.387349 0.452592
0.466562 0.449815
0.538786 0.453685
0.603863 0.450111
0.661466 0.454595
0.712188 0.458055
0.757566 0.461584
0.797561 0.470757
0.831459 0.475037
0.85962 0.476904
0.880063 0.474126
0.89734 0.468823
0.908548 0.467844
0.917495 0.46707
0.924623 0.466273
0.930991 0.467252
0.936137 0.464179
0.941815 0.467434
0.945532 0.46518
0.947468 0.46814
0.947218 0.465294
0.945813 0.465431
0.942966 0.465499
0.940886 0.465408
0.938726 0.468663
0.933501 0.468413
0.933575 0.465317
0.934417 0.466979
0.935071 0.461106
0.935354 0.458966
0.936229 0.462153
0.937331 0.45908
0.938428 0.459148
0.939581 0.461652
0.940803 0.463587
0.941766 0.46386
0.944351 0.459103
