0.674099 1.49574
0.669148 1.49509
0.663358 1.5017
0.654298 1.50843
0.643458 1.51569
0.627319 1.51703
0.608432 1.53087
0.585383 1.53183
0.557415 1.52965
0.523611 1.52668
0.487398 1.52745
0.443767 1.52405
0.398461 1.52057
0.348368 1.51219
0.294086 1.50517
0.238478 1.4971
0.179204 1.49437
0.121906 1.47078
0.0628959 1.44913
0.00317923 1.42873
-0.0587659 1.40468
-0.122571 1.38253
-0.187529 1.35439
-0.253938 1.3234
-0.32255 1.29495
-0.390966 1.26204
-0.45855 1.23024
-0.524073 1.19199
-0.588009 1.15513
-0.648405 1.11602
-0.706953 1.07718
-0.764839 1.0374
-0.822471 1.00145
-0.879601 0.966553
-0.933446 0.922893
-0.987675 0.885005
-1.03933 0.842687
-1.08839 0.801446
-1.13773 0.761594
-1.18721 0.724257
-1.234 0.68292
-1.2809 0.644937
-1.32248 0.595697
-1.36239 0.551797
-1.40384 0.510652
-1.44067 0.465532
-1.47463 0.419214
-1.51019 0.379553
-1.54282 0.33405
-1.57334 0.289599
-1.60003 0.239569
-1.62637 0.194089
-1.65192 0.154333
-1.67331 0.108734
-1.69179 0.0648104
-1.70954 0.0258687
-1.72483 -0.016378
-1.73269 -0.0590079
-1.74103 -0.102021
-1.74989 -0.145657
-1.75967 -0.189173
-1.76801 -0.239467
-1.77384 -0.281713
-1.78166 -0.326618
-1.7881 -0.371859
-1.791 -0.417339
-1.79503 -0.461501
-1.7981 -0.504922
-1.80022 -0.549587
-1.80307 -0.592529
-1.80132 -0.640739
-1.80123 -0.685189
-1.80071 -0.728058
-1.79895 -0.767239
-1.79142 -0.806756
-1.78192 -0.848715
-1.77361 -0.889214
-1.76819 -0.931293
-1.75497 -0.973061
-1.74279 -1.01037
-1.72742 -1.04908
-1.70939 -1.08742
-1.69408 -1.12401
-1.67452 -1.15385
-1.65035 -1.18274
-1.62494 -1.21215
-1.59674 -1.24369
-1.56697 -1.27214
-1.53694 -1.29932
-1.505 -1.31769
-1.47456 -1.33678
-1.44222 -1.35948
-1.40716 -1.37819
-1.37033 -1.39541
-1.33273 -1.40846
-1.29291 -1.42055
-1.2508 -1.43521
-1.20969 -1.44405
-1.1661 -1.4554
-1.12315 -1.46038
-1.07858 -1.46611
-1.03413 -1.46594
-0.988821 -1.46192
-0.941679 -1.45895
-0.894316 -1.45279
-0.84539 -1.44187
-0.795898 -1.43164
-0.746802 -1.41466
-0.696883 -1.39917
-0.646755 -1.37618
-0.596705 -1.35443
-0.547283 -1.32617
-0.498034 -1.29654
-0.449022 -1.26613
-0.40176 -1.23823
-0.354611 -1.20709
-0.308667 -1.17462
-0.263741 -1.13376
-0.220996 -1.0947
-0.179954 -1.05389
-0.140455 -1.00932
-0.101895 -0.966139
-0.0645853 -0.921521
-0.0288526 -0.878269
0.00492899 -0.838537
0.0357891 -0.792434
0.0636204 -0.747242
0.0890481 -0.700397
0.112614 -0.651157
0.134869 -0.60594
0.156643 -0.562544
0.177412 -0.517495
0.196882 -0.473668
0.214848 -0.429769
0.231043 -0.384672
0.246453 -0.339982
0.261542 -0.291078
0.276604 -0.240784
0.292083 -0.192622
0.308029 -0.142879
0.32351 -0.0938543
0.338289 -0.0446383
0.352989 0.00196721
0.367465 0.0500576
0.382298 0.0963997
0.397209 0.139101
0.411328 0.18688
0.426019 0.229247
0.439147 0.269841
0.449899 0.310914
0.458824 0.356586
0.467332 0.400749
0.475282 0.44527
0.482449 0.486008
0.488128 0.525094
0.4927 0.567125
0.497217 0.605707
0.502314 0.639285
0.506987 0.678657
0.511439 0.716473
0.515588 0.747919
0.51941 0.77673
0.52272 0.807098
0.526047 0.835909
0.529885 0.867762
0.534175 0.896501
0.539077 0.92536
0.544266 0.95295
0.549317 0.97472
0.554017 0.996538
0.558556 1.01745
0.5626 1.04396
0.56613 1.06788
0.57015 1.08558
0.574194 1.10532
0.576946 1.12622
0.580098 1.14706
0.584454 1.16184
0.588583 1.17592
0.593629 1.19101
0.598459 1.20238
0.603536 1.22387
0.607429 1.23735
0.611748 1.25493
0.615662 1.27399
0.620897 1.28783
0.6247 1.29904
0.628702 1.30395
0.631844 1.30613
0.633427 1.30968
0.633635 1.31269
0.634737 1.31435
0.634275 1.3143
0.633275 1.3187
0.632247 1.31643
0.630982 1.31205
0.629579 1.30455
0.626612 1.29107
0.621649 1.27605
0.615587 1.25998
0.608237 1.23613
0.601482 1.21091
0.595005 1.18298
0.589207 1.14833
0.58403 1.1136
0.579254 1.07835
0.573866 1.04197
0.568559 0.998789
0.563249 0.95271
0.55847 0.906632
0.555044 0.857751
0.552879 0.810187
0.550234 0.765115
0.547872 0.713312
0.545376 0.661055
0.542997 0.612294
0.540574 0.558216
0.538046 0.502653
0.535924 0.442349
0.53277 0.388271
0.530549 0.329403
0.527713 0.276355
0.526506 0.218877
0.52723 0.166332
0.529144 0.117523
0.534386 0.0684268
0.540806 0.0166482
0.548356 -0.0368069
0.55693 -0.0825263
0.56635 -0.126737
0.57543 -0.168576
0.584176 -0.213122
0.594899 -0.258794
0.606541 -0.302693
0.618582 -0.347359
0.631229 -0.390324
0.644868 -0.434678
0.658392 -0.471584
0.672854 -0.515627
0.689033 -0.556341
0.704855 -0.594397
0.721713 -0.630728
0.740742 -0.67228
0.7593 -0.704732
0.779442 -0.739793
0.799979 -0.772652
0.820255 -0.804888
0.841968 -0.837914
0.865072 -0.871779
0.888986 -0.903511
0.914136 -0.931939
0.94111 -0.960918
0.969595 -0.991789
0.997094 -1.02185
1.02502 -1.04917
1.05174 -1.07216
1.07818 -1.09336
1.10465 -1.11501
1.13251 -1.13436
1.16077 -1.15326
1.1891 -1.16969
1.21563 -1.18216
1.24378 -1.19179
1.27211 -1.20096
1.30322 -1.21181
1.33074 -1.21871
1.35801 -1.2252
1.38575 -1.22848
1.41314 -1.22685
1.43934 -1.22489
1.46428 -1.22024
1.48861 -1.21442
1.51214 -1.20659
1.5329 -1.19816
1.55146 -1.18829
1.56768 -1.17663
1.58288 -1.16518
1.59613 -1.15268
1.60854 -1.13886
1.61955 -1.1249
1.62768 -1.11355
1.63505 -1.10141
1.64018 -1.08826
1.64321 -1.07597
1.64366 -1.06153
