1.13094 0.870572
1.13032 0.876331
1.12941 0.88867
1.12776 0.917298
1.11984 0.936383
1.10619 0.949929
1.08667 0.963091
1.061 0.973731
1.02877 0.979763
0.996157 1.00192
0.955282 1.02046
0.910795 1.04492
0.858009 1.05435
0.801703 1.0674
0.740459 1.08287
0.677049 1.10513
0.604489 1.10552
0.529511 1.11232
0.448978 1.10245
0.370257 1.11303
0.279351 1.10831
0.18485 1.09153
0.0900402 1.08347
-0.0137878 1.05704
-0.119559 1.01876
-0.225308 0.988977
-0.331159 0.941099
-0.444074 0.879566
-0.556183 0.832731
-0.666773 0.782989
-0.783357 0.715203
-0.898215 0.653122
-1.01384 0.565758
-1.12558 0.484755
-1.23358 0.398214
-1.33746 0.302843
-1.43602 0.202865
-1.52714 0.105026
-1.6131 -0.00372628
-1.68831 -0.105569
-1.75506 -0.215144
-1.81205 -0.316109
-1.86138 -0.416087
-1.90138 -0.516284
-1.93118 -0.610503
-1.95186 -0.698525
-1.96234 -0.793622
-1.96177 -0.892009
-1.95462 -0.973012
-1.93761 -1.05325
-1.90706 -1.1343
-1.87317 -1.19885
-1.82706 -1.24498
-1.7754 -1.29126
-1.71356 -1.33289
-1.64164 -1.3676
-1.56127 -1.38252
-1.47693 -1.39985
-1.38602 -1.40226
-1.29099 -1.39601
-1.19163 -1.36673
-1.09074 -1.33174
-0.993739 -1.29417
-0.899244 -1.24646
-0.808933 -1.19145
-0.719473 -1.1275
-0.626823 -1.06005
-0.538626 -0.988422
-0.45435 -0.904075
-0.37588 -0.817259
-0.30484 -0.726605
-0.23827 -0.623281
-0.18066 -0.52983
-0.126852 -0.409725
-0.0814787 -0.295707
-0.0410036 -0.178345
-0.00699247 -0.0700308
0.0265843 0.0488676
0.0569206 0.1506
0.090286 0.260834
0.117307 0.375235
0.139568 0.475377
0.161835 0.578536
0.178489 0.672426
0.192834 0.764507
0.205985 0.856642
0.213963 0.935176
0.22077 1.01541
0.227794 1.08978
0.236847 1.15959
0.244837 1.23719
0.248786 1.28995
0.250683 1.32949
0.253449 1.36958
0.251043 1.38017
0.252575 1.39437
0.252169 1.39986
0.249866 1.3919
0.247105 1.37649
0.245254 1.35478
0.242533 1.31183
0.241613 1.26867
0.238144 1.21537
0.231943 1.13667
0.234275 1.06795
0.234292 0.981463
0.243493 0.892783
0.252804 0.793244
0.260713 0.695954
0.276607 0.601021
0.29049 0.493914
0.31135 0.379513
0.34044 0.271638
0.368645 0.168205
0.40021 0.0554487
0.430992 -0.0455162
0.460122 -0.151527
0.489276 -0.244046
0.51792 -0.345943
0.548502 -0.436488
0.580708 -0.529501
0.624143 -0.614013
0.668304 -0.703571
0.707945 -0.775963
0.749123 -0.864369
0.789158 -0.936706
0.82825 -1.01623
0.872189 -1.07524
0.915676 -1.13321
0.962157 -1.1852
1.01041 -1.2379
1.05619 -1.28534
1.10987 -1.34243
1.15823 -1.3964
1.20721 -1.42415
1.26128 -1.44038
1.30717 -1.45656
1.35593 -1.465
1.40127 -1.48135
1.44757 -1.48206
1.49537 -1.48096
1.54395 -1.47147
1.58925 -1.45557
1.63036 -1.43555
1.66501 -1.40956
1.69148 -1.39091
