0.787809 0.992303
0.796669 0.986375
0.799448 1.0075
0.809412 1.01843
0.815143 1.04377
0.823127 1.06124
0.828447 1.0673
0.828109 1.08706
0.820641 1.11183
0.80878 1.14525
0.789057 1.17177
0.771453 1.1784
0.743014 1.19131
0.710021 1.20501
0.668522 1.2159
0.622901 1.208
0.564082 1.21704
0.498555 1.22244
0.424462 1.22416
0.3484 1.21129
0.258844 1.21696
0.161761 1.21753
0.0600724 1.21331
-0.0442625 1.19342
-0.150184 1.15741
-0.265731 1.13862
-0.380607 1.1124
-0.490607 1.0706
-0.599557 1.02295
-0.708569 0.977022
-0.8155 0.925953
-0.923541 0.875411
-1.03208 0.824254
-1.12935 0.761811
-1.22707 0.708854
-1.318 0.65919
-1.39538 0.597758
-1.46323 0.510374
-1.53191 0.43063
-1.60685 0.369856
-1.67007 0.283043
-1.73165 0.211467
-1.78567 0.126498
-1.83716 0.0381043
-1.88223 -0.0488407
-1.92119 -0.1346
-1.95435 -0.222423
-1.9828 -0.312574
-2.01054 -0.393678
-2.0312 -0.473466
-2.037 -0.558303
-2.04087 -0.650781
-2.04025 -0.733159
-2.02278 -0.826559
-1.99733 -0.918598
-1.9696 -0.995707
-1.93243 -1.06447
-1.88654 -1.12801
-1.83289 -1.19063
-1.77095 -1.25009
-1.70378 -1.28741
-1.63195 -1.31784
-1.5519 -1.34467
-1.46219 -1.37282
-1.36969 -1.38591
-1.27364 -1.39232
-1.17762 -1.3935
-1.08424 -1.3784
-0.993579 -1.35508
-0.903652 -1.32153
-0.811889 -1.29663
-0.726988 -1.26383
-0.641494 -1.23116
-0.564722 -1.18519
-0.489103 -1.13644
-0.417817 -1.07246
-0.344978 -1.01169
-0.277476 -0.939148
-0.209647 -0.867133
-0.147105 -0.79525
-0.0854061 -0.730612
-0.0244396 -0.67098
0.0312119 -0.601863
0.0784638 -0.517992
0.124739 -0.440664
0.16099 -0.337384
0.201839 -0.242096
0.246223 -0.167622
0.279538 -0.0682935
0.31793 0.00310675
0.351051 0.0886465
0.380777 0.16738
0.408201 0.240625
0.435613 0.304823
0.458266 0.397609
0.48711 0.463739
0.513729 0.527148
0.529035 0.614708
0.547643 0.677325
0.563926 0.744466
0.575805 0.807172
0.585236 0.884808
0.596027 0.930651
0.60208 0.980008
0.605131 1.04061
0.608854 1.08865
0.612338 1.12004
0.618785 1.14336
0.614124 1.18898
0.608998 1.22376
0.602951 1.25516
0.594546 1.28291
0.586324 1.29951
0.579849 1.30478
0.576676 1.296
0.573286 1.27988
0.56933 1.25757
0.563172 1.23992
0.554212 1.2098
0.540914 1.19188
0.534245 1.13936
0.530739 1.06836
0.524442 1.00082
0.518067 0.936448
0.512619 0.86171
0.50554 0.787017
0.501712 0.692387
0.49785 0.590117
0.496364 0.477308
0.492258 0.374994
0.487431 0.278345
0.488225 0.176601
0.492863 0.0606749
0.498949 -0.0576669
0.505446 -0.168807
0.507631 -0.263964
0.517146 -0.371811
0.529363 -0.480931
0.538289 -0.579029
0.555494 -0.688413
0.576199 -0.795689
0.593419 -0.88281
0.615595 -0.956274
0.644749 -1.02974
0.677044 -1.09587
0.712723 -1.15695
0.750499 -1.20679
0.793567 -1.25874
0.836991 -1.29747
0.876604 -1.31644
0.918341 -1.33953
0.96192 -1.36109
1.00282 -1.37646
1.03886 -1.37466
1.07594 -1.37954
1.11451 -1.38577
1.15289 -1.39126
1.18419 -1.38099
1.21309 -1.37225
1.23665 -1.36544
1.25801 -1.35802
1.27758 -1.35007
1.29247 -1.33883
1.3037 -1.31898
1.32162 -1.3153
1.33223 -1.30045
1.34233 -1.28535
1.35035 -1.27977
