-0.469546 2.81122
-0.469384 2.7827
-0.472554 2.75715
-0.477516 2.73087
-0.486732 2.70988
-0.494762 2.67553
-0.503838 2.63766
-0.511491 2.58651
-0.523458 2.52249
-0.538654 2.46439
-0.553585 2.40245
-0.566089 2.33478
-0.577739 2.26247
-0.587339 2.18626
-0.596061 2.11423
-0.606332 2.05152
-0.609451 1.97054
-0.613425 1.89602
-0.617134 1.81049
-0.616758 1.71555
-0.617701 1.62429
-0.615858 1.52979
-0.617362 1.44397
-0.615482 1.35313
-0.617812 1.2611
-0.623873 1.17154
-0.631061 1.08591
-0.636001 1.01219
-0.635257 0.944266
-0.626748 0.880918
-0.612769 0.827333
-0.594859 0.784152
-0.575557 0.743051
-0.556541 0.704799
-0.541419 0.672725
-0.525021 0.640907
-0.509781 0.615683
-0.496745 0.603007
-0.484624 0.58569
-0.477664 0.576791
-0.469664 0.553039
-0.466169 0.525831
-0.467208 0.491548
-0.473682 0.463571
-0.484034 0.430761
-0.500638 0.388924
-0.520229 0.341485
-0.538138 0.286428
-0.556895 0.228201
-0.580961 0.176665
-0.594476 0.119848
-0.606207 0.060853
-0.615607 3.39637e-05
-0.623268 -0.0708362
-0.629919 -0.149165
-0.638088 -0.220739
-0.644193 -0.289401
-0.651994 -0.351116
-0.655267 -0.418977
-0.658866 -0.482037
-0.663186 -0.537222
-0.664204 -0.593528
-0.668591 -0.641223
-0.671776 -0.686389
-0.66806 -0.742375
-0.666283 -0.787381
-0.662648 -0.824737
-0.659138 -0.858699
-0.653785 -0.897079
-0.651492 -0.930498
-0.65568 -0.952905
-0.660023 -0.977648
-0.66472 -1.00441
-0.677232 -1.02323
-0.693327 -1.03808
-0.711864 -1.05258
-0.733194 -1.07041
-0.757474 -1.08578
-0.787637 -1.09509
-0.817985 -1.10406
-0.84716 -1.11388
-0.876764 -1.11433
-0.89819 -1.11846
-0.91618 -1.12176
-0.928678 -1.12365
-0.939855 -1.12614
-0.946653 -1.12976
-0.953916 -1.12461
-0.959136 -1.11417
-0.960117 -1.10412
-0.956836 -1.09397
-0.949558 -1.08315
-0.942296 -1.0666
-0.930108 -1.04877
-0.915229 -1.02867
-0.901655 -1.00185
-0.882809 -0.973935
-0.86622 -0.934083
-0.845125 -0.899896
-0.825225 -0.862412
-0.803408 -0.827297
-0.784282 -0.784916
-0.760998 -0.746888
-0.741909 -0.693495
-0.717585 -0.646633
-0.6929 -0.598137
-0.665951 -0.54977
-0.639408 -0.493881
-0.609244 -0.434982
-0.576611 -0.380213
-0.54672 -0.320803
-0.511536 -0.260176
-0.472554 -0.201181
-0.426671 -0.149229
-0.378237 -0.0862971
-0.327163 -0.0305996
-0.275102 0.0238494
-0.224308 0.0811154
-0.168693 0.129771
-0.111956 0.182107
-0.0492775 0.229482
0.0141388 0.276761
0.0794057 0.327273
0.149959 0.363636
0.223631 0.397182
0.306336 0.422822
0.392623 0.445934
0.479884 0.472694
0.570323 0.498622
0.663881 0.5161
0.763248 0.52231
0.864769 0.531945
0.967278 0.547598
1.06492 0.562418
1.16373 0.563443
1.2594 0.567124
1.35175 0.567988
1.44196 0.561202
1.53242 0.536074
1.61694 0.517252
1.69386 0.494877
1.76515 0.474327
1.83336 0.460402
1.90195 0.43393
1.96504 0.407298
2.02872 0.378809
2.08595 0.341261
2.13834 0.302465
2.18195 0.266069
2.21581 0.225
2.24449 0.181019
2.26853 0.143279
2.29002 0.0946236
2.30359 0.0493614
2.30843 0.00714019
2.30339 -0.0322321
2.28858 -0.0722447
2.26661 -0.111169
2.23657 -0.155727
2.19712 -0.191706
2.15196 -0.227269
2.09982 -0.263665
2.03432 -0.29974
1.96367 -0.324068
1.88962 -0.349868
1.82094 -0.392761
1.74475 -0.431269
1.66502 -0.457101
1.58257 -0.484534
1.50145 -0.509758
1.40729 -0.534053
1.31679 -0.556685
1.22843 -0.577139
1.14995 -0.601499
1.06203 -0.611742
0.976664 -0.625346
0.89567 -0.638662
0.81649 -0.656172
0.738865 -0.669648
0.663792 -0.688502
0.588476 -0.70057
0.509864 -0.712157
0.428649 -0.720352
0.346615 -0.72829
0.263623 -0.73338
0.185645 -0.745192
0.113506 -0.759244
0.0416331 -0.766158
-0.0333221 -0.765518
-0.100963 -0.77272
-0.166326 -0.780018
-0.228754 -0.78578
-0.28622 -0.790038
-0.339027 -0.798744
-0.388589 -0.801593
-0.436249 -0.797624
-0.474877 -0.802265
-0.514087 -0.801145
-0.54675 -0.806011
-0.578484 -0.805691
-0.604268 -0.805947
-0.624536 -0.807515
-0.639717 -0.808059
-0.649465 -0.811804
-0.655688 -0.811132
-0.655164 -0.815037
-0.653999 -0.812925
-0.648219 -0.810748
-0.63651 -0.811164
-0.620533 -0.812413
-0.601038 -0.814845
-0.579029 -0.812701
-0.556335 -0.812029
