-0.283553 2.54582
-0.295746 2.55761
-0.307408 2.5619
-0.321733 2.57108
-0.331992 2.56566
-0.344323 2.56123
-0.356243 2.55224
-0.368367 2.5394
-0.372477 2.5128
-0.383986 2.49317
-0.390943 2.46707
-0.396903 2.43489
-0.396679 2.38946
-0.404757 2.35126
-0.409601 2.29857
-0.416756 2.24585
-0.416107 2.17658
-0.418799 2.10651
-0.424789 2.03145
-0.435469 1.95648
-0.443839 1.87353
-0.453929 1.78285
-0.464957 1.68801
-0.481583 1.59777
-0.498243 1.50781
-0.513217 1.40975
-0.531916 1.31485
-0.552434 1.21914
-0.576095 1.12405
-0.593921 1.0217
-0.612609 0.923286
-0.629979 0.827748
-0.642955 0.732094
-0.652847 0.638284
-0.659551 0.545151
-0.665977 0.452018
-0.670122 0.35627
-0.682568 0.267106
-0.698856 0.184036
-0.710856 0.0936812
-0.730154 0.0108211
-0.746224 -0.0691672
-0.758799 -0.155833
-0.767734 -0.240024
-0.782897 -0.312518
-0.791752 -0.384591
-0.799264 -0.453606
-0.812236 -0.512839
-0.825078 -0.567869
-0.83378 -0.623856
-0.846429 -0.670341
-0.857258 -0.722079
-0.867696 -0.763824
-0.874271 -0.805849
-0.884559 -0.833072
-0.888605 -0.868631
-0.890554 -0.901504
-0.890063 -0.927443
-0.889116 -0.953032
-0.894357 -0.974511
-0.903768 -0.996878
-0.909014 -1.01682
-0.915183 -1.03771
-0.928362 -1.04346
-0.938264 -1.05333
-0.943267 -1.05513
-0.951171 -1.0517
-0.956878 -1.05429
-0.962 -1.0474
-0.966909 -1.0422
-0.966949 -1.03033
-0.970266 -1.01992
-0.969953 -1.00257
-0.964494 -0.986722
-0.952916 -0.967647
-0.940768 -0.944416
-0.930673 -0.910843
-0.919288 -0.883223
-0.905172 -0.853221
-0.890162 -0.824364
-0.875411 -0.784603
-0.861875 -0.748671
-0.847644 -0.711175
-0.834658 -0.673189
-0.820571 -0.632868
-0.805938 -0.594648
-0.792392 -0.552903
-0.77296 -0.511134
-0.758015 -0.467195
-0.732851 -0.428905
-0.707851 -0.38793
-0.682915 -0.34385
-0.647383 -0.30563
-0.609867 -0.266173
-0.566134 -0.226973
-0.522529 -0.185017
-0.46939 -0.152237
-0.415497 -0.115465
-0.360974 -0.0797436
-0.302985 -0.0473607
-0.248318 -0.0112889
-0.193171 0.0249697
-0.132038 0.0538271
-0.069651 0.0815873
-0.0107697 0.112546
0.0508041 0.141754
0.114138 0.166619
0.177661 0.192348
0.238977 0.220014
0.30543 0.243455
0.374446 0.267153
0.442942 0.288329
0.510932 0.308478
0.580692 0.324728
0.651568 0.337429
0.722414 0.346254
0.792114 0.354682
0.861909 0.36115
0.934035 0.363881
1.00775 0.365586
1.07872 0.368574
1.15208 0.368948
1.23134 0.364325
1.31059 0.356807
1.38951 0.349453
1.46563 0.338783
1.5372 0.327786
1.60635 0.31184
1.67446 0.29092
1.73732 0.268694
1.7962 0.247681
1.8501 0.224917
1.89815 0.197461
1.94256 0.167669
1.97559 0.137574
2.00174 0.108507
2.0292 0.0749099
2.04966 0.0431107
2.05839 0.0144166
2.05813 -0.0121061
2.05069 -0.0417807
2.03963 -0.0746539
2.02556 -0.110796
2.00552 -0.149576
1.98032 -0.185204
1.95118 -0.218101
1.91972 -0.251161
1.88611 -0.284057
1.84827 -0.313778
1.80433 -0.340838
1.76266 -0.370629
1.7171 -0.401845
1.66913 -0.432664
1.62047 -0.465
1.56667 -0.492503
1.50943 -0.517718
1.45028 -0.541019
1.39102 -0.565044
1.32836 -0.586243
1.26566 -0.607606
1.20017 -0.625817
1.13445 -0.643304
1.06614 -0.658924
0.997924 -0.676084
0.925199 -0.689556
0.851036 -0.702303
0.770273 -0.709494
0.690789 -0.720398
0.60655 -0.728873
0.520273 -0.737745
0.43238 -0.746734
0.34472 -0.752827
0.257243 -0.7578
0.171661 -0.763264
0.0890584 -0.767326
0.00988716 -0.771809
-0.0704692 -0.772182
-0.145669 -0.77363
-0.221587 -0.774237
-0.292875 -0.773583
-0.363146 -0.771225
-0.431329 -0.767956
-0.494038 -0.771529
-0.548854 -0.775428
-0.608345 -0.767186
-0.661514 -0.759995
-0.710409 -0.753294
-0.757128 -0.74713
-0.802254 -0.740803
-0.844064 -0.740523
-0.883007 -0.733682
-0.917384 -0.728196
-0.946827 -0.723316
-0.971887 -0.717456
-0.995162 -0.707253
-1.01501 -0.70151
-1.02321 -0.695159
-1.02867 -0.685843
-1.02667 -0.684606
-1.02275 -0.674053
-1.01519 -0.662052
