-0.633915 2.33086
-0.633834 2.33037
-0.636287 2.33153
-0.633872 2.33318
-0.63273 2.33634
-0.637377 2.33258
-0.637881 2.32261
-0.631707 2.30952
-0.623911 2.30111
-0.618793 2.2834
-0.623258 2.25576
-0.625663 2.22672
-0.624069 2.19605
-0.624372 2.16484
-0.619926 2.12848
-0.614487 2.09462
-0.60853 2.05041
-0.603148 2.00476
-0.602683 1.95162
-0.604152 1.89888
-0.60564 1.84641
-0.609259 1.78786
-0.608549 1.72553
-0.607507 1.6535
-0.606955 1.57881
-0.606537 1.507
-0.603259 1.43059
-0.603547 1.35583
-0.60106 1.27261
-0.599015 1.19732
-0.604857 1.11282
-0.604243 1.02382
-0.609394 0.930793
-0.61129 0.83953
-0.608808 0.747643
-0.611319 0.652963
-0.61371 0.561957
-0.616475 0.46775
-0.613594 0.374079
-0.617435 0.279055
-0.616033 0.18762
-0.617718 0.0970872
-0.621083 0.00883325
-0.622183 -0.0786254
-0.616384 -0.165568
-0.613628 -0.247116
-0.61129 -0.325418
-0.613009 -0.401378
-0.616542 -0.474285
-0.614175 -0.543066
-0.612327 -0.606344
-0.609216 -0.668053
-0.606629 -0.725441
-0.608016 -0.77808
-0.611324 -0.828978
-0.617982 -0.877188
-0.619178 -0.921272
-0.622692 -0.96037
-0.628865 -0.994674
-0.627694 -1.02672
-0.629585 -1.05426
-0.626263 -1.07966
-0.626239 -1.10128
-0.624905 -1.11811
-0.622908 -1.12991
-0.617637 -1.1364
-0.618385 -1.13619
-0.620027 -1.13084
-0.618491 -1.1188
-0.613129 -1.10318
-0.621381 -1.08074
-0.623512 -1.05466
-0.630901 -1.02219
-0.633901 -0.988763
-0.636714 -0.95231
-0.635528 -0.913664
-0.632341 -0.874093
-0.633906 -0.830633
-0.63032 -0.784872
-0.626681 -0.734533
-0.619691 -0.683249
-0.614266 -0.630632
-0.602971 -0.575908
-0.586543 -0.524559
-0.568756 -0.474285
-0.553577 -0.423646
-0.537504 -0.372404
-0.514082 -0.323033
-0.491615 -0.273403
-0.463776 -0.223731
-0.435774 -0.174359
-0.406231 -0.12804
-0.369266 -0.0805599
-0.325719 -0.0368413
-0.28224 0.00492136
-0.232602 0.050123
-0.183457 0.0928529
-0.134405 0.133562
-0.0821208 0.172531
-0.0285458 0.212703
0.0285002 0.25122
0.0869191 0.285675
0.145535 0.320667
0.206397 0.355659
0.266631 0.388566
0.328516 0.417884
0.396622 0.451565
0.461297 0.473832
0.531324 0.497218
0.600616 0.513467
0.671248 0.529244
0.74379 0.543107
0.819866 0.555853
0.889845 0.560582
0.969794 0.566235
1.0385 0.57049
1.11309 0.564386
1.18797 0.558067
1.25247 0.545429
1.31585 0.534467
1.38179 0.513983
1.44985 0.495864
1.50452 0.475767
1.55773 0.457647
1.6053 0.434928
1.65022 0.405482
1.70004 0.379023
1.74127 0.348759
1.77777 0.31482
1.82061 0.287179
1.85583 0.259366
1.88146 0.224374
1.91002 0.188995
1.93128 0.15497
1.95102 0.120666
1.96457 0.0781296
1.97474 0.041547
1.98588 0.00709225
1.98911 -0.032435
1.98585 -0.0703718
1.97684 -0.107062
1.96231 -0.146955
1.93272 -0.187449
1.90189 -0.226181
1.87349 -0.266418
1.84375 -0.30386
1.81676 -0.343065
1.77715 -0.377541
1.73509 -0.412748
1.6887 -0.446429
1.63726 -0.478562
1.5846 -0.507859
1.53054 -0.535005
1.46734 -0.559659
1.40266 -0.584936
1.3377 -0.60686
1.26951 -0.630137
1.20085 -0.650406
1.13297 -0.669385
1.06053 -0.690944
0.976098 -0.71074
0.895985 -0.728236
0.818421 -0.745732
0.740718 -0.761035
0.66277 -0.775243
0.581985 -0.789644
0.490494 -0.802325
0.408216 -0.815501
0.316293 -0.827817
0.234342 -0.838736
0.144191 -0.85002
0.0589362 -0.860939
-0.0247053 -0.871084
-0.100723 -0.881143
-0.17798 -0.889246
-0.263633 -0.894362
-0.344298 -0.89793
-0.41407 -0.904507
-0.493602 -0.908075
-0.564138 -0.911192
-0.622221 -0.915834
-0.683093 -0.920155
-0.747739 -0.924196
-0.814794 -0.925507
-0.87328 -0.929698
-0.938559 -0.92972
-1.00151 -0.930493
-1.06076 -0.929655
-1.11831 -0.926904
-1.16535 -0.926216
-1.21261 -0.925141
-1.26457 -0.9208
-1.30727 -0.916802
-1.35165 -0.912503
-1.39183 -0.906528
-1.42255 -0.90182
-1.4516 -0.894169
-1.46727 -0.886968
-1.47756 -0.875748
-1.48179 -0.863454
-1.47715 -0.850858
-1.46281 -0.836543
-1.44239 -0.822186
