-0.553488 2.32813
-0.553824 2.32215
-0.557647 2.31983
-0.559296 2.31493
-0.559378 2.30484
-0.562676 2.29843
-0.564389 2.29257
-0.562336 2.27834
-0.559292 2.25586
-0.564361 2.24627
-0.569979 2.236
-0.571515 2.21379
-0.574573 2.19186
-0.580191 2.17228
-0.580884 2.13982
-0.577155 2.10104
-0.575379 2.06669
-0.57127 2.02733
-0.566282 1.98286
-0.559831 1.93875
-0.556737 1.89333
-0.552424 1.83844
-0.552342 1.78744
-0.555486 1.73508
-0.556578 1.6705
-0.55806 1.60042
-0.567619 1.5363
-0.572294 1.46042
-0.579026 1.3839
-0.587199 1.30795
-0.59076 1.22406
-0.598163 1.14745
-0.602807 1.07258
-0.604478 0.995735
-0.604728 0.916875
-0.604981 0.840639
-0.598702 0.757641
-0.592853 0.678478
-0.585695 0.596034
-0.582796 0.520051
-0.578234 0.439197
-0.577744 0.364879
-0.576417 0.289603
-0.579402 0.220433
-0.583978 0.153736
-0.5869 0.0827244
-0.589918 0.0111068
-0.591376 -0.0642203
-0.595173 -0.137327
-0.603101 -0.207077
-0.609462 -0.280032
-0.620439 -0.347561
-0.63437 -0.409009
-0.650476 -0.469044
-0.667243 -0.527261
-0.683625 -0.583864
-0.69945 -0.638397
-0.715121 -0.686496
-0.727806 -0.739162
-0.740446 -0.784232
-0.750997 -0.829403
-0.7625 -0.864909
-0.770804 -0.902105
-0.780463 -0.933675
-0.785773 -0.967036
-0.789216 -0.997167
-0.791785 -1.02245
-0.796011 -1.04014
-0.798725 -1.05554
-0.801 -1.06573
-0.799269 -1.07449
-0.798213 -1.07966
-0.798028 -1.07956
-0.797919 -1.07598
-0.796764 -1.07128
-0.79829 -1.05902
-0.798222 -1.04708
-0.80355 -1.03038
-0.810196 -1.01269
-0.818342 -0.995072
-0.825976 -0.974682
-0.835114 -0.946368
-0.845457 -0.912351
-0.855315 -0.882069
-0.864824 -0.84684
-0.871253 -0.817795
-0.881116 -0.779715
-0.88754 -0.746303
-0.89376 -0.709889
-0.899387 -0.670471
-0.904769 -0.628
-0.906364 -0.585
-0.904144 -0.545734
-0.903306 -0.4992
-0.898078 -0.456805
-0.894435 -0.407318
-0.886244 -0.361693
-0.870601 -0.319046
-0.853806 -0.273446
-0.834353 -0.226609
-0.811814 -0.179217
-0.786851 -0.132204
-0.757824 -0.0867806
-0.729772 -0.0388841
-0.69848 0.00353627
-0.662744 0.0418433
-0.624227 0.0769455
-0.588155 0.115177
-0.551812 0.151743
-0.510576 0.179678
-0.47334 0.213191
-0.433609 0.243877
-0.388553 0.271711
-0.339135 0.29947
-0.285649 0.32738
-0.226812 0.355416
-0.1647 0.381762
-0.102171 0.408789
-0.0401858 0.435336
0.0262575 0.457139
0.0917449 0.481845
0.160979 0.501251
0.233797 0.518486
0.308648 0.536454
0.386767 0.550914
0.465941 0.56391
0.545916 0.577234
0.625217 0.584375
0.70358 0.588211
0.781571 0.589574
0.859821 0.586975
0.937839 0.585763
1.01604 0.579253
1.09118 0.575089
1.16332 0.570193
1.23465 0.561437
1.30635 0.549879
1.37765 0.537766
1.44657 0.52424
1.51043 0.507913
1.57476 0.483964
1.63658 0.458527
1.69628 0.433494
1.74788 0.406467
1.79618 0.379617
1.84456 0.345776
1.8835 0.312668
1.92088 0.274638
1.94985 0.238072
1.9754 0.199412
1.99827 0.159868
2.01641 0.118357
2.02805 0.0761885
2.03644 0.0350803
2.03981 -0.00592694
2.0383 -0.049382
2.03609 -0.0924333
2.02747 -0.132557
2.01441 -0.174397
2.0009 -0.218685
1.98117 -0.261206
1.95801 -0.303248
1.92914 -0.342312
1.90092 -0.384581
1.8656 -0.418447
1.83191 -0.456325
1.79397 -0.490241
1.75576 -0.524788
1.71688 -0.563625
1.6709 -0.597718
1.62531 -0.635849
1.57759 -0.674181
1.52503 -0.710293
1.47313 -0.743906
1.4223 -0.777393
1.36717 -0.802199
1.31387 -0.830008
1.2609 -0.85807
1.20576 -0.883961
1.14889 -0.906875
1.08482 -0.920174
0.999567 -0.949245
0.922993 -0.975237
0.848436 -0.99651
0.771305 -1.00741
0.693694 -1.01397
0.616745 -1.01932
0.541164 -1.02465
0.469873 -1.03805
0.396883 -1.04607
0.323445 -1.05208
0.249626 -1.05826
0.174475 -1.06202
0.0992065 -1.06442
0.0226332 -1.06437
-0.0550955 -1.06303
-0.134555 -1.05945
-0.21545 -1.04938
-0.290728 -1.04693
-0.376652 -1.03504
-0.465938 -1.01935
-0.541184 -1.0063
-0.606902 -0.993028
-0.665417 -0.984044
-0.71821 -0.972436
-0.765123 -0.958153
-0.804275 -0.94233
-0.842163 -0.924085
-0.877147 -0.906673
-0.907338 -0.896503
-0.934126 -0.885349
-0.95541 -0.873968
-0.972431 -0.857237
-0.983712 -0.839017
-0.988804 -0.826072
-0.988568 -0.80977
-0.982865 -0.795613
-0.972259 -0.776535
-0.954545 -0.758467
