-0.394788 2.23879
-0.398941 2.23913
-0.397967 2.23798
-0.406224 2.23425
-0.411327 2.22572
-0.412965 2.21714
-0.418402 2.21321
-0.422483 2.20745
-0.429988 2.19404
-0.434702 2.18619
-0.444263 2.17446
-0.448947 2.167
-0.456088 2.15219
-0.481052 2.13595
-0.484745 2.12327
-0.489967 2.11254
-0.497072 2.09446
-0.511203 2.06603
-0.523034 2.03756
-0.532977 2.02059
-0.545842 1.99341
-0.55836 1.95836
-0.566044 1.92743
-0.575724 1.89374
-0.587089 1.851
-0.59656 1.81365
-0.606957 1.77519
-0.620054 1.73048
-0.635106 1.68199
-0.660913 1.63173
-0.670701 1.57814
-0.679293 1.5209
-0.692528 1.46803
-0.701628 1.40962
-0.709444 1.34929
-0.716602 1.28906
-0.729491 1.21864
-0.740647 1.14719
-0.744519 1.07739
-0.744973 1.00748
-0.753362 0.934603
-0.752753 0.862457
-0.751342 0.787398
-0.757431 0.718643
-0.755609 0.64505
-0.759666 0.57235
-0.764189 0.498995
-0.764817 0.423519
-0.757252 0.345882
-0.752054 0.270029
-0.73788 0.194791
-0.730692 0.127404
-0.708829 0.0588075
-0.693239 -0.00497139
-0.675833 -0.0691865
-0.652787 -0.13249
-0.632208 -0.190757
-0.613751 -0.248489
-0.587878 -0.3063
-0.569151 -0.362149
-0.541128 -0.419187
-0.530408 -0.470159
-0.513438 -0.519723
-0.504487 -0.564786
-0.479493 -0.612031
-0.46771 -0.654101
-0.440982 -0.697975
-0.430675 -0.737348
-0.414865 -0.777753
-0.407569 -0.815124
-0.39857 -0.851445
-0.392774 -0.886239
-0.380818 -0.919962
-0.37167 -0.951465
-0.364428 -0.980787
-0.357741 -1.00797
-0.355405 -1.03219
-0.363681 -1.05135
-0.368712 -1.06828
-0.374532 -1.08372
-0.373594 -1.09689
-0.377203 -1.10739
-0.383781 -1.11445
-0.392738 -1.11746
-0.403434 -1.11582
-0.425979 -1.1114
-0.446916 -1.1041
-0.499432 -1.08739
-0.502324 -1.07948
-0.514185 -1.06812
-0.543536 -1.05186
-0.57331 -1.03416
-0.592037 -1.0157
-0.621011 -0.992424
-0.649722 -0.968574
-0.681516 -0.941492
-0.717343 -0.911695
-0.74615 -0.883503
-0.769047 -0.854022
-0.804564 -0.819347
-0.825919 -0.788221
-0.852551 -0.753229
-0.869365 -0.718236
-0.883509 -0.683978
-0.897365 -0.647598
-0.901948 -0.61207
-0.907679 -0.573113
-0.905283 -0.537388
-0.902361 -0.498569
-0.90208 -0.457788
-0.889024 -0.417066
-0.869318 -0.379536
-0.847813 -0.342165
-0.829905 -0.303961
-0.807259 -0.265222
-0.785808 -0.229873
-0.769477 -0.192224
-0.748689 -0.156558
-0.729097 -0.121367
-0.711201 -0.0865537
-0.688071 -0.0509668
-0.661911 -0.0173029
-0.638165 0.0153895
-0.606228 0.0465355
-0.573985 0.0775427
-0.546912 0.111742
-0.503645 0.14041
-0.460342 0.168106
-0.41652 0.196278
-0.370391 0.225898
-0.324017 0.252246
-0.273186 0.280041
-0.220096 0.304367
-0.165129 0.326592
-0.103734 0.347666
-0.0393267 0.367512
0.0303386 0.385553
0.107168 0.398915
0.188473 0.409899
0.265685 0.41999
0.342127 0.427107
0.420737 0.430755
0.503231 0.434344
0.58891 0.437456
0.678186 0.439756
0.765945 0.438329
0.855065 0.434978
0.946893 0.429764
1.02822 0.420704
1.11062 0.412694
1.19718 0.404605
1.28272 0.394554
1.36634 0.379804
1.4379 0.366302
1.51199 0.348598
1.57989 0.328416
1.648 0.307817
1.70967 0.286366
1.76463 0.259224
1.81818 0.233709
1.86708 0.207321
1.9177 0.183729
1.95857 0.154446
1.99201 0.127186
2.02624 0.0989345
2.05583 0.0706037
2.07535 0.0382484
2.09867 0.0104926
2.11579 -0.0167081
2.12418 -0.0462284
2.13429 -0.0732904
2.12685 -0.0999954
2.1172 -0.125987
2.12727 -0.154119
2.11634 -0.177712
2.10573 -0.206062
2.10766 -0.235583
2.08352 -0.264706
2.06572 -0.293592
2.05564 -0.322419
2.02603 -0.34837
1.99928 -0.373787
1.97677 -0.401325
1.93232 -0.427792
1.89973 -0.456737
1.84338 -0.483839
1.8014 -0.515163
1.73152 -0.543514
1.66618 -0.58598
1.58345 -0.610465
1.53594 -0.649243
1.46277 -0.679418
1.39076 -0.696369
1.31219 -0.710683
1.23724 -0.732055
1.16693 -0.760207
1.08519 -0.777753
1.00093 -0.798431
0.918875 -0.821805
0.828511 -0.836437
0.741482 -0.857908
0.656155 -0.879379
0.571684 -0.896984
0.481571 -0.912091
0.409641 -0.933582
0.310571 -0.939728
0.218427 -0.953646
0.127902 -0.963856
0.0421218 -0.97809
-0.0420933 -0.990541
-0.140583 -0.995061
-0.227541 -1.00283
-0.309252 -1.00983
-0.387426 -1.016
-0.468026 -1.02004
-0.556394 -1.01548
-0.622092 -1.01879
-0.684904 -1.02204
-0.75059 -1.02212
-0.812392 -1.01961
-0.866569 -1.0174
-0.915871 -1.01181
-0.943267 -1.01481
-0.979716 -1.00819
-1.01496 -0.997757
-1.04664 -0.985723
-1.05941 -0.985585
-1.07004 -0.981342
-1.07706 -0.972262
-1.06938 -0.964807
-1.05742 -0.952456
-1.05548 -0.930469
-1.01983 -0.919783
-1.04718 -0.88156
