-0.447282 2.53258
-0.439142 2.52225
-0.432567 2.50424
-0.430619 2.49092
-0.432258 2.47385
-0.433075 2.46186
-0.434138 2.44386
-0.432852 2.41833
-0.436731 2.3947
-0.437857 2.3617
-0.444392 2.3272
-0.446386 2.28978
-0.452104 2.25257
-0.460061 2.21117
-0.468482 2.16694
-0.476245 2.11605
-0.484311 2.06189
-0.493543 2.00415
-0.500998 1.94359
-0.507613 1.88365
-0.513988 1.82162
-0.527281 1.75869
-0.539124 1.69326
-0.551314 1.61985
-0.564722 1.54992
-0.581865 1.48439
-0.596084 1.4107
-0.610154 1.33723
-0.618254 1.26421
-0.625823 1.19408
-0.62788 1.12129
-0.632536 1.05274
-0.633118 0.983434
-0.632541 0.913697
-0.631473 0.842978
-0.626469 0.769643
-0.623196 0.696524
-0.616004 0.621734
-0.614907 0.551231
-0.608092 0.475359
-0.609914 0.404128
-0.617489 0.33447
-0.626652 0.265993
-0.640316 0.198931
-0.653004 0.130355
-0.665766 0.0630382
-0.677482 -0.00333507
-0.68961 -0.0664831
-0.701087 -0.126013
-0.707508 -0.186171
-0.709433 -0.244442
-0.712449 -0.297777
-0.708742 -0.352803
-0.705148 -0.403227
-0.702395 -0.449324
-0.693649 -0.496719
-0.68636 -0.538903
-0.679345 -0.578865
-0.674409 -0.616821
-0.669548 -0.655799
-0.672107 -0.689349
-0.679042 -0.71993
-0.683977 -0.752045
-0.695186 -0.778319
-0.707125 -0.802823
-0.720207 -0.826973
-0.733791 -0.849196
-0.75114 -0.86605
-0.765793 -0.882963
-0.778978 -0.898165
-0.791802 -0.908568
-0.805935 -0.914271
-0.817349 -0.921744
-0.831556 -0.925756
-0.850328 -0.924635
-0.864752 -0.92672
-0.880799 -0.924655
-0.897348 -0.918362
-0.909619 -0.912442
-0.920884 -0.904045
-0.93336 -0.891734
-0.94446 -0.879777
-0.958164 -0.864732
-0.975399 -0.845046
-0.989538 -0.825439
-0.999032 -0.80597
-1.00925 -0.779184
-1.01012 -0.755506
-1.00354 -0.730373
-0.995473 -0.700205
-0.97597 -0.673754
-0.956051 -0.64276
-0.930287 -0.613104
-0.901775 -0.582444
-0.877731 -0.546416
-0.851819 -0.51023
-0.81984 -0.47666
-0.785799 -0.441733
-0.753877 -0.405016
-0.719178 -0.369499
-0.685457 -0.3341
-0.647594 -0.301376
-0.610388 -0.267845
-0.568321 -0.235907
-0.525699 -0.204087
-0.480655 -0.172189
-0.43183 -0.141077
-0.380457 -0.109198
-0.325165 -0.0790104
-0.263692 -0.0522054
-0.201104 -0.0258725
-0.133119 -0.00148645
-0.0567533 0.0173144
0.0202409 0.0364299
0.0965724 0.05763
0.175246 0.0777485
0.26154 0.0937567
0.350017 0.107051
0.440835 0.117258
0.526387 0.126894
0.614852 0.131535
0.703843 0.131024
0.791314 0.131122
0.880464 0.128507
0.968975 0.123748
1.06424 0.117454
1.15246 0.112499
1.24252 0.105163
1.33067 0.096333
1.41725 0.084435
1.49609 0.0700197
1.57321 0.0525758
1.6492 0.0329096
1.72209 0.0130468
1.79007 -0.00978557
1.85611 -0.0333259
1.91289 -0.0595999
1.96268 -0.0863852
2.00507 -0.115275
2.03847 -0.147586
2.06143 -0.177813
2.08791 -0.211954
2.1036 -0.244462
2.11689 -0.278209
2.12149 -0.310737
2.11178 -0.342969
2.10144 -0.377464
2.08025 -0.408241
2.05618 -0.439786
2.02699 -0.470445
1.99006 -0.49609
1.95054 -0.520102
1.91157 -0.541853
1.86458 -0.562365
1.81098 -0.582051
1.75777 -0.603408
1.70425 -0.627185
1.64027 -0.64866
1.57691 -0.672928
1.51172 -0.696999
1.43492 -0.717138
1.35898 -0.739006
1.27824 -0.758378
1.19307 -0.77411
1.10862 -0.789214
1.03232 -0.808054
0.954893 -0.825852
0.867297 -0.837809
0.776015 -0.84896
0.685808 -0.862274
0.590271 -0.873307
0.491312 -0.881232
0.389251 -0.885873
0.286636 -0.890711
0.18269 -0.894979
0.0827594 -0.901842
-0.0213238 -0.901488
-0.12194 -0.900623
-0.217454 -0.898971
-0.308787 -0.894389
-0.392036 -0.891301
-0.476599 -0.878459
-0.552542 -0.866187
-0.618049 -0.853975
-0.672152 -0.844201
-0.721332 -0.829471
-0.76136 -0.814229
-0.79202 -0.796294
-0.813208 -0.775861
-0.819783 -0.757729
