0.938892 1.51035
0.938654 1.51779
0.933471 1.52576
0.921134 1.52295
0.905473 1.51861
0.885024 1.5117
0.860781 1.50737
0.829681 1.50072
0.796494 1.49309
0.756229 1.48998
0.712456 1.49077
0.673979 1.48621
0.620398 1.47407
0.563104 1.45655
0.503856 1.44907
0.442956 1.43859
0.380234 1.42999
0.318112 1.4172
0.262108 1.40258
0.194287 1.387
0.122954 1.36984
0.0474167 1.35232
-0.0322133 1.32967
-0.113661 1.30377
-0.197158 1.27682
-0.279978 1.24111
-0.364402 1.20494
-0.449621 1.16936
-0.5307 1.13189
-0.612426 1.09429
-0.690666 1.0558
-0.76629 1.01682
-0.837959 0.971844
-0.907801 0.92664
-0.976822 0.880015
-1.04268 0.834912
-1.10881 0.79318
-1.17119 0.74768
-1.23087 0.699467
-1.28632 0.649469
-1.33522 0.594677
-1.37974 0.540116
-1.42333 0.49187
-1.46044 0.438698
-1.49001 0.380631
-1.51305 0.3223
-1.53449 0.272832
-1.54526 0.222701
-1.5483 0.168272
-1.54459 0.114141
-1.53639 0.0612333
-1.52465 0.0102103
-1.51069 -0.0387626
-1.49099 -0.0881322
-1.46843 -0.133666
-1.43805 -0.183466
-1.40205 -0.232769
-1.35949 -0.280254
-1.30996 -0.329128
-1.25881 -0.368544
-1.20298 -0.408225
-1.14208 -0.448832
-1.07626 -0.492514
-1.00866 -0.531368
-0.941296 -0.567213
-0.870583 -0.60567
-0.796267 -0.642342
-0.719918 -0.67984
-0.645477 -0.711023
-0.571366 -0.740255
-0.50237 -0.7595
-0.430016 -0.784863
-0.35848 -0.809366
-0.286001 -0.833207
-0.215161 -0.854139
-0.145343 -0.871698
-0.0753539 -0.891836
-0.0046928 -0.912767
0.059304 -0.92368
0.124244 -0.940544
0.188474 -0.95559
0.257084 -0.972289
0.326594 -0.992658
0.390432 -1.00331
0.457955 -1.01171
0.52534 -1.02308
0.592161 -1.03221
0.657923 -1.04242
0.719978 -1.05016
0.777888 -1.05549
0.832513 -1.0622
0.882106 -1.06269
0.930294 -1.06227
0.975645 -1.0615
1.02171 -1.05975
1.06832 -1.05757
1.11166 -1.05387
1.15323 -1.04778
1.19457 -1.0456
1.23136 -1.03674
1.26294 -1.03293
1.28898 -1.02698
1.31197 -1.02308
1.32855 -1.01465
1.34184 -1.00757
1.3529 -0.997387
1.35734 -0.984557
1.3584 -0.973115
1.35486 -0.970338
1.34773 -0.961409
1.33746 -0.954598
1.32556 -0.946463
1.31069 -0.938824
1.2942 -0.933997
1.27689 -0.927714
1.25923 -0.920869
1.24112 -0.914222
1.22862 -0.916669
