1.62229 0.664331
1.61065 0.679959
1.59997 0.700249
1.59615 0.719062
1.5887 0.73968
1.57402 0.761907
1.5453 0.790339
1.52255 0.817885
1.49727 0.850553
1.45698 0.889459
1.41518 0.923998
1.37088 0.95962
1.32705 0.990022
1.27438 1.02683
1.20905 1.06747
1.14798 1.10566
1.08313 1.14266
1.00936 1.1682
0.935321 1.20231
0.856512 1.22864
0.776106 1.25537
0.694736 1.28065
0.61122 1.30961
0.527486 1.33407
0.443608 1.3582
0.359537 1.3798
0.276137 1.39556
0.196252 1.4083
0.116787 1.42025
0.0367641 1.4256
-0.0395467 1.42324
-0.112855 1.42501
-0.186462 1.428
-0.258094 1.4191
-0.329823 1.4039
-0.400922 1.38637
-0.468797 1.36788
-0.533115 1.34855
-0.595911 1.32051
-0.658437 1.28557
-0.719538 1.24903
-0.781292 1.21587
-0.839871 1.17559
-0.896585 1.1334
-0.941565 1.07811
-0.983689 1.02433
-1.02526 0.96901
-1.06302 0.91116
-1.09639 0.852851
-1.12539 0.790438
-1.15205 0.724742
-1.17898 0.661179
-1.20302 0.603822
-1.22091 0.541737
-1.2358 0.48218
-1.24719 0.423937
-1.25649 0.367499
-1.26036 0.307811
-1.26504 0.247532
-1.26904 0.19546
-1.26694 0.138596
-1.26568 0.0850143
-1.26161 0.0337639
-1.25367 -0.0254318
-1.24459 -0.0809832
-1.23796 -0.126193
-1.22778 -0.173733
-1.21482 -0.223834
-1.19864 -0.269372
-1.18158 -0.316387
-1.16553 -0.35677
-1.14448 -0.401421
-1.11999 -0.445876
-1.0961 -0.482976
-1.07499 -0.517712
-1.05278 -0.554122
-1.02795 -0.596442
-1.00543 -0.631835
-0.982021 -0.665356
-0.955161 -0.698254
-0.922595 -0.738998
-0.890643 -0.76986
-0.8629 -0.797997
-0.831446 -0.834998
-0.796286 -0.87607
-0.767948 -0.899709
-0.734515 -0.933329
-0.698313 -0.96186
-0.661235 -0.993805
-0.620983 -1.02513
-0.574965 -1.05422
-0.522478 -1.07953
-0.463907 -1.10537
-0.411528 -1.12004
-0.347953 -1.14204
-0.285646 -1.15892
-0.224209 -1.1797
-0.170244 -1.19073
-0.105952 -1.20915
-0.0402335 -1.22307
0.0187142 -1.2257
0.0902857 -1.23187
0.163831 -1.23755
0.238203 -1.24615
0.315421 -1.24904
0.395392 -1.24868
0.476309 -1.24677
0.556965 -1.23601
0.635818 -1.22238
0.702284 -1.20183
0.7711 -1.18686
0.848607 -1.18032
0.921281 -1.16785
0.986778 -1.1554
1.04725 -1.13357
1.10017 -1.11942
1.14544 -1.09939
1.18753 -1.08298
1.21927 -1.0707
1.24655 -1.05602
1.26788 -1.03186
1.27821 -1.0182
1.28316 -1.0073
1.28416 -0.998829
1.28243 -0.985269
1.2807 -0.97496
1.27765 -0.953127
1.26472 -0.933362
1.24951 -0.909789
1.23017 -0.888448
1.20994 -0.856601
