1.1387 1.35979
1.1348 1.36024
1.12896 1.36956
1.11168 1.36706
1.09341 1.36944
1.06361 1.37133
1.03614 1.37769
1.00108 1.38835
0.957828 1.40312
0.910567 1.41174
0.853043 1.42776
0.793442 1.43991
0.725178 1.44966
0.651776 1.45886
0.575568 1.4676
0.49627 1.46519
0.413283 1.45956
0.330733 1.45809
0.23904 1.4436
0.141986 1.43288
0.0366278 1.41494
-0.073578 1.39176
-0.182076 1.37032
-0.297925 1.33034
-0.411363 1.29544
-0.522092 1.25858
-0.624378 1.21299
-0.721758 1.15714
-0.814397 1.08606
-0.903236 1.01851
-0.987616 0.948524
-1.06429 0.877442
-1.13556 0.796006
-1.19943 0.718894
-1.25439 0.644706
-1.29831 0.572559
-1.34158 0.50236
-1.37373 0.427502
-1.39802 0.352157
-1.42087 0.277269
-1.43606 0.195193
-1.445 0.109249
-1.44674 0.0254071
-1.44875 -0.041624
-1.4408 -0.109021
-1.42938 -0.171483
-1.41473 -0.23419
-1.38945 -0.298754
-1.35927 -0.359512
-1.32516 -0.42365
-1.29248 -0.488062
-1.25617 -0.550707
-1.21358 -0.608998
-1.17184 -0.660131
-1.13097 -0.712392
-1.08508 -0.752379
-1.0327 -0.794133
-0.972499 -0.834211
-0.913398 -0.861133
-0.849007 -0.891558
-0.77411 -0.916592
-0.697713 -0.938337
-0.620613 -0.956
-0.545701 -0.977623
-0.470488 -0.995104
-0.391442 -1.0061
-0.311391 -1.01764
-0.228186 -1.02836
-0.149019 -1.0304
-0.0614073 -1.03957
0.0283199 -1.04569
0.121871 -1.04535
0.208541 -1.0516
0.290062 -1.05787
0.370593 -1.05964
0.453299 -1.05486
0.534926 -1.04743
0.620839 -1.04091
0.703433 -1.03007
0.785745 -1.01658
0.856794 -1.01115
0.922287 -1.0033
0.987658 -0.980882
1.04782 -0.960355
1.09671 -0.953533
1.14248 -0.941382
1.19119 -0.924358
1.23134 -0.904166
1.26571 -0.890066
1.29552 -0.874595
1.32161 -0.857844
1.34115 -0.844871
1.35588 -0.826171
1.36698 -0.799523
1.36651 -0.770256
1.3484 -0.742634
1.31774 -0.716351
1.28361 -0.687998
1.23714 -0.659614
1.18827 -0.623555
1.13495 -0.590329
1.07662 -0.55421
