1.5384 1.23943
1.53165 1.24431
1.52607 1.26429
1.50999 1.26839
1.49072 1.27255
1.47243 1.29127
1.44495 1.2928
1.41928 1.30839
1.38909 1.32138
1.35388 1.33451
1.3118 1.3446
1.26845 1.35749
1.21794 1.37229
1.16428 1.39616
1.10261 1.40448
1.03982 1.42245
0.974146 1.43029
0.903639 1.43306
0.828255 1.43439
0.750501 1.44274
0.664321 1.44499
0.574671 1.45338
0.480337 1.4558
0.383415 1.44847
0.283897 1.43565
0.185841 1.42566
0.0866758 1.40503
-0.0115062 1.38293
-0.110127 1.34443
-0.209055 1.31558
-0.305755 1.2854
-0.403115 1.25689
-0.497368 1.22651
-0.5898 1.18474
-0.678869 1.13741
-0.763097 1.09072
-0.844575 1.04346
-0.92553 1.00325
-1.00081 0.95507
-1.07108 0.905352
-1.13739 0.857816
-1.19701 0.8038
-1.25063 0.738328
-1.29942 0.673093
-1.34255 0.613281
-1.38401 0.559402
-1.41781 0.501431
-1.44488 0.437561
-1.46744 0.371509
-1.48578 0.309991
-1.49608 0.245882
-1.50253 0.185184
-1.50812 0.120256
-1.51142 0.0563519
-1.51223 -0.0100077
-1.5093 -0.0701609
-1.49925 -0.129837
-1.48327 -0.195173
-1.46146 -0.25444
-1.43541 -0.314525
-1.40454 -0.372189
-1.37087 -0.42542
-1.33433 -0.478412
-1.29616 -0.531745
-1.25696 -0.57669
-1.21398 -0.620611
-1.17094 -0.667158
-1.12286 -0.709716
-1.0719 -0.752
-1.02039 -0.789545
-0.968891 -0.830772
-0.917214 -0.868897
-0.86588 -0.902111
-0.813708 -0.933688
-0.761216 -0.965094
-0.707941 -0.996808
-0.651739 -1.02347
-0.598537 -1.04291
-0.541306 -1.06675
-0.481716 -1.0841
-0.417012 -1.0973
-0.351159 -1.10941
-0.283516 -1.11728
-0.216977 -1.12803
-0.148316 -1.1313
-0.0796688 -1.1388
-0.0116625 -1.14525
0.0543115 -1.14303
0.122252 -1.13877
0.188715 -1.13229
0.250544 -1.13318
0.312353 -1.1237
0.369386 -1.11493
0.422128 -1.10562
0.471885 -1.09536
0.520341 -1.08185
0.567435 -1.07084
0.613324 -1.06208
0.659929 -1.05014
0.704461 -1.03428
0.746542 -1.01389
0.786274 -0.995205
0.822617 -0.973244
0.852959 -0.95633
0.880392 -0.935222
0.905615 -0.902111
0.926891 -0.876876
0.93923 -0.861497
0.957082 -0.847925
0.971509 -0.821906
0.981292 -0.804788
0.991589 -0.775018
0.997887 -0.751421
0.999804 -0.728198
0.996828 -0.709818
0.990338 -0.688437
0.978841 -0.666578
0.962472 -0.649494
0.942932 -0.637832
0.924894 -0.624089
0.90847 -0.604891
0.885097 -0.595888
0.866307 -0.591557
0.844835 -0.593399
0.821493 -0.590466
0.799743 -0.588113
