1.59975 1.22081
1.60403 1.23032
1.59803 1.23271
1.58885 1.2452
1.56895 1.25514
1.54184 1.28542
1.5034 1.30775
1.45304 1.32728
1.39039 1.33895
1.31806 1.35795
1.23671 1.39424
1.14785 1.39235
1.05964 1.39454
0.971166 1.39742
0.886108 1.41399
0.796746 1.41547
0.704569 1.39156
0.611457 1.37338
0.520533 1.37234
0.427969 1.35664
0.335884 1.3468
0.239972 1.33035
0.14456 1.30811
0.0499548 1.28303
-0.0421785 1.25678
-0.133158 1.22781
-0.223818 1.19056
-0.312919 1.15734
-0.39981 1.13409
-0.485574 1.09482
-0.56663 1.05408
-0.644379 1.00617
-0.71934 0.970921
-0.787636 0.918537
-0.856627 0.8672
-0.921679 0.812625
-0.982097 0.73964
-1.0354 0.680684
-1.08683 0.62951
-1.13389 0.579905
-1.17499 0.531837
-1.21117 0.473175
-1.24133 0.40454
-1.27256 0.34385
-1.29912 0.274561
-1.32294 0.204912
-1.34166 0.140364
-1.3573 0.0736574
-1.36872 0.00639528
-1.37579 -0.0572699
-1.37812 -0.110569
-1.37469 -0.159128
-1.36683 -0.210007
-1.35246 -0.262686
-1.33406 -0.312912
-1.31018 -0.362353
-1.28146 -0.411467
-1.24879 -0.45548
-1.20972 -0.504398
-1.16462 -0.55276
-1.1214 -0.598048
-1.07658 -0.639576
-1.02724 -0.682837
-0.973431 -0.723743
-0.919512 -0.757096
-0.863332 -0.791038
-0.806505 -0.830081
-0.749984 -0.866802
-0.690991 -0.891621
-0.631241 -0.921802
-0.571861 -0.949302
-0.509396 -0.977783
-0.444467 -1.00273
-0.376586 -1.02853
-0.308329 -1.04518
-0.238776 -1.06339
-0.16807 -1.07908
-0.0997259 -1.09037
-0.0305515 -1.09991
0.0382256 -1.11067
0.109677 -1.11796
0.183677 -1.11774
0.25645 -1.12218
0.328781 -1.12843
0.402881 -1.12872
0.473249 -1.13536
0.544556 -1.13578
0.61506 -1.12702
0.682308 -1.12329
0.745035 -1.118
0.810069 -1.11159
0.871018 -1.10904
0.930641 -1.09861
0.986668 -1.0937
1.04049 -1.08216
1.08885 -1.06247
1.13323 -1.04979
1.17217 -1.03344
1.20589 -1.01477
1.23198 -0.993184
1.25064 -0.969281
1.26171 -0.942664
1.2646 -0.91621
1.26284 -0.888122
1.25666 -0.870268
1.24662 -0.859641
1.233 -0.847673
