1.58173 1.01085
1.57629 1.02916
1.56189 1.04247
1.54266 1.05557
1.51971 1.08135
1.48532 1.09634
1.44182 1.10667
1.39465 1.1233
1.34241 1.14581
1.27846 1.16198
1.20992 1.17239
1.13634 1.18075
1.05881 1.19439
0.974505 1.19969
0.887252 1.20632
0.799109 1.20275
0.707901 1.19838
0.612982 1.20141
0.516644 1.19738
0.4169 1.18541
0.313381 1.17235
0.206382 1.15408
0.0969421 1.13069
-0.0131619 1.10504
-0.121054 1.08387
-0.225756 1.04764
-0.32989 1.01177
-0.432913 0.969657
-0.537371 0.929807
-0.642184 0.886556
-0.742145 0.834907
-0.840077 0.780528
-0.93386 0.723714
-1.0228 0.673576
-1.10608 0.611933
-1.18307 0.555161
-1.25296 0.49272
-1.31727 0.429313
-1.37403 0.371953
-1.41967 0.304263
-1.455 0.240772
-1.47731 0.170604
-1.4884 0.0962377
-1.48685 0.0214931
-1.47255 -0.0546791
-1.44401 -0.133497
-1.40517 -0.208115
-1.36088 -0.27484
-1.31106 -0.34845
-1.25962 -0.415511
-1.20796 -0.480051
-1.1495 -0.543206
-1.09128 -0.601322
-1.02723 -0.66095
-0.956125 -0.721081
-0.883298 -0.781087
-0.805384 -0.837901
-0.724303 -0.893162
-0.64053 -0.946701
-0.554272 -1.00255
-0.462967 -1.05151
-0.369781 -1.09136
-0.273143 -1.13688
-0.173073 -1.18105
-0.0714544 -1.21864
0.0297258 -1.25282
0.134683 -1.27386
0.241036 -1.29703
0.346928 -1.31375
0.453223 -1.31958
0.554096 -1.31698
0.643455 -1.31362
0.726559 -1.30715
0.802908 -1.30014
0.87979 -1.29905
0.936683 -1.29414
0.965692 -1.27692
0.982629 -1.26101
0.996962 -1.24988
0.997453 -1.22783
0.989728 -1.19491
0.970579 -1.16967
0.943256 -1.14624
0.912085 -1.11114
0.875977 -1.08275
