-2.19549 -1.12424
-2.18399 -1.13781
-2.16563 -1.16379
-2.14042 -1.1783
-2.11403 -1.20093
-2.08309 -1.21937
-2.04826 -1.22167
-2.00715 -1.23503
-1.96218 -1.24933
-1.91468 -1.26054
-1.86682 -1.263
-1.81707 -1.25473
-1.76434 -1.2497
-1.70652 -1.24608
-1.64864 -1.23236
-1.58809 -1.21879
-1.52638 -1.19187
-1.46401 -1.16981
-1.407 -1.13262
-1.35235 -1.09894
-1.30209 -1.05353
-1.25394 -0.995119
-1.20744 -0.933047
-1.16097 -0.868512
-1.11847 -0.786953
-1.07805 -0.708275
-1.03822 -0.627449
-1.0021 -0.548562
-0.966987 -0.471874
-0.933819 -0.388324
-0.901488 -0.300061
-0.868796 -0.206768
-0.834381 -0.105775
-0.796121 -0.00546321
-0.755782 0.0859437
-0.713879 0.167188
-0.671337 0.2653
-0.627962 0.356393
-0.582958 0.461995
-0.534264 0.547064
-0.481455 0.622547
-0.425902 0.712015
-0.362107 0.784355
-0.293664 0.859785
-0.224169 0.934849
-0.153587 1.003
-0.0825707 1.06345
-0.0125213 1.1118
0.0572601 1.15763
0.129032 1.19933
0.2022 1.22609
0.275914 1.25611
0.350186 1.26313
0.422513 1.28366
0.492615 1.30278
0.560995 1.32635
0.623552 1.32022
0.682432 1.31792
0.734761 1.32091
0.782346 1.31598
0.83299 1.29461
0.878508 1.27968
0.914635 1.27497
0.947858 1.26496
0.973581 1.26533
0.991702 1.27093
1.01029 1.27502
1.02059 1.28005
1.02884 1.28801
1.02633 1.2769
1.02312 1.26271
1.00743 1.23966
0.994558 1.22332
0.978466 1.21698
0.952594 1.20121
0.925 1.17067
0.892089 1.16287
0.857007 1.15103
0.817002 1.13631
0.774284 1.13044
0.73155 1.12002
0.688717 1.10341
0.638774 1.07413
0.590942 1.07377
0.543071 1.06973
0.493747 1.0602
0.442909 1.04281
0.392353 1.0415
0.344106 1.02353
0.295351 1.00499
0.246401 0.984874
0.197082 0.951664
0.148443 0.925892
0.10154 0.904572
0.0597876 0.860466
0.0178487 0.803632
-0.0234162 0.738678
-0.0641506 0.678753
-0.101276 0.620294
-0.133794 0.548897
-0.161931 0.483262
-0.184752 0.416213
-0.203816 0.34555
-0.218041 0.28002
-0.227185 0.205113
-0.231731 0.13885
-0.233313 0.0668242
-0.230666 -0.00692991
-0.22392 -0.0760744
-0.213751 -0.159414
-0.199715 -0.247626
-0.179153 -0.327404
-0.154499 -0.395344
-0.126382 -0.468836
-0.0911592 -0.561238
-0.0529274 -0.657255
-0.00915168 -0.750338
0.0415349 -0.828911
0.0940817 -0.914608
0.149119 -0.99271
0.209785 -1.0507
0.275676 -1.10481
0.348061 -1.14331
0.424029 -1.17772
0.501929 -1.20936
0.581321 -1.22534
0.658716 -1.23843
0.735472 -1.24964
0.809323 -1.24781
0.883453 -1.22853
0.95278 -1.21251
1.01999 -1.1894
1.08593 -1.16788
1.14832 -1.14305
1.20567 -1.11932
1.2597 -1.08532
1.30657 -1.05698
1.34489 -1.03734
1.37392 -1.02047
1.39634 -1.00041
1.41018 -0.973171
1.41904 -0.945409
1.42346 -0.930532
1.42317 -0.917646
1.42046 -0.911413
1.41548 -0.894441
1.40863 -0.871288
1.39856 -0.859502
1.38702 -0.852064
