-2.07446 -1.27974
-2.07195 -1.27833
-2.0597 -1.29307
-2.04892 -1.30272
-2.0392 -1.31037
-2.02612 -1.32148
-2.01111 -1.33149
-1.99296 -1.34481
-1.96762 -1.35464
-1.93995 -1.36677
-1.90876 -1.38421
-1.88041 -1.38819
-1.84528 -1.39209
-1.8081 -1.39487
-1.76845 -1.39802
-1.72122 -1.39231
-1.67043 -1.37712
-1.61405 -1.36451
-1.55325 -1.3615
-1.49221 -1.34016
-1.43023 -1.31524
-1.36618 -1.29639
-1.30707 -1.26629
-1.24946 -1.24057
-1.19477 -1.19971
-1.1409 -1.16382
-1.09177 -1.11747
-1.04236 -1.07179
-0.995838 -1.02341
-0.95724 -0.957016
-0.918154 -0.903059
-0.883306 -0.847906
-0.854988 -0.772746
-0.828177 -0.693956
-0.802544 -0.615698
-0.778906 -0.542087
-0.760988 -0.462766
-0.741748 -0.386943
-0.723336 -0.312269
-0.705835 -0.232993
-0.686852 -0.162259
-0.671172 -0.0809468
-0.650998 -0.00330802
-0.63086 0.0848655
-0.609257 0.169985
-0.578249 0.228811
-0.550818 0.320305
-0.516911 0.385948
-0.485296 0.483505
-0.44774 0.558488
-0.402177 0.618023
-0.351703 0.67052
-0.295062 0.718104
-0.232016 0.757587
-0.166827 0.808845
-0.106674 0.880552
-0.0412052 0.923134
0.028895 0.966512
0.0972748 1.01967
0.170423 1.0469
0.246517 1.0839
0.325195 1.13219
0.40813 1.17557
0.489201 1.19823
0.57488 1.21585
0.657802 1.23869
0.745255 1.22723
0.826308 1.25157
0.907248 1.24183
0.981377 1.2517
1.05474 1.24413
1.11838 1.23679
1.17626 1.24542
1.2321 1.2263
1.27928 1.21895
1.31691 1.20987
1.34816 1.18252
1.37275 1.18389
1.39 1.17942
1.39588 1.17911
1.39627 1.16632
1.38529 1.15393
1.36038 1.15109
1.3294 1.15251
1.29431 1.1599
1.25641 1.16189
1.21742 1.16698
1.17959 1.16973
1.13307 1.18619
1.09074 1.19837
1.04082 1.20332
0.991155 1.19075
0.935625 1.1838
0.876823 1.18402
0.814777 1.20753
0.751213 1.21674
0.687834 1.22625
0.628175 1.22391
0.569784 1.22063
0.512816 1.21497
0.457354 1.1985
0.396855 1.19208
0.33753 1.16397
0.278698 1.15069
0.217128 1.14352
0.159493 1.1202
0.106168 1.10072
0.0591233 1.07031
0.0165727 1.04623
-0.0218467 1.03716
-0.053337 1.01317
-0.077553 0.969301
-0.0956911 0.916007
-0.113567 0.877852
-0.131706 0.825355
-0.146665 0.788439
-0.156267 0.742316
-0.166315 0.701062
-0.17731 0.665518
-0.188281 0.6209
-0.197692 0.56619
-0.203984 0.493775
-0.214122 0.431717
-0.223718 0.361205
-0.23376 0.307513
-0.243731 0.252227
-0.250184 0.181405
-0.256571 0.103855
-0.258875 0.0315276
-0.260393 -0.027299
-0.254161 -0.10631
-0.248041 -0.172174
-0.233969 -0.241624
-0.216021 -0.307578
-0.194555 -0.381144
-0.173697 -0.447938
-0.149082 -0.517786
-0.123032 -0.584271
-0.0955245 -0.636945
-0.0633794 -0.69161
-0.027353 -0.749507
0.0141558 -0.803288
0.05954 -0.857378
0.10596 -0.904387
0.157213 -0.944755
0.21414 -0.988576
0.272603 -1.02262
0.333976 -1.03753
0.402278 -1.05785
0.473039 -1.07768
0.545693 -1.09242
0.623395 -1.09707
0.70593 -1.10344
0.79074 -1.09689
0.876425 -1.09565
0.956646 -1.08361
1.03251 -1.0683
1.10389 -1.05457
1.16637 -1.0347
1.226 -1.01606
1.27729 -1.00429
1.31851 -1.00186
1.34759 -0.981804
1.37268 -0.962549
1.38902 -0.943206
1.39689 -0.922579
1.3983 -0.903767
1.38982 -0.878714
1.37275 -0.844542
1.3487 -0.815106
1.31692 -0.805545
1.2833 -0.797401
1.24604 -0.769116
