0.214902 -0.220626
0.185855 -0.208846
0.148893 -0.194496
0.108257 -0.185011
0.0634374 -0.171536
0.012536 -0.160302
-0.0467259 -0.152375
-0.113322 -0.146034
-0.186004 -0.144367
-0.265805 -0.144394
-0.349674 -0.144121
-0.437307 -0.144722
-0.527711 -0.149478
-0.625387 -0.1512
-0.723631 -0.157842
-0.823052 -0.167436
-0.924924 -0.178779
-1.02507 -0.197284
-1.12278 -0.217537
-1.2206 -0.239869
-1.31651 -0.266682
-1.4087 -0.298443
-1.49867 -0.329193
-1.58283 -0.360216
-1.66157 -0.396159
-1.73729 -0.427291
-1.80588 -0.46318
-1.86885 -0.503168
-1.92693 -0.540724
-1.9804 -0.578279
-2.02339 -0.621739
-2.0619 -0.666866
-2.08929 -0.714043
-2.10756 -0.765238
-2.11823 -0.811485
-2.12476 -0.861204
-2.11982 -0.909884
-2.10651 -0.959521
-2.08486 -1.00716
-2.05002 -1.05464
-2.00288 -1.09832
-1.94264 -1.14088
-1.87144 -1.18048
-1.7932 -1.21224
-1.70769 -1.23646
-1.61483 -1.25636
-1.51443 -1.27216
-1.40933 -1.28003
-1.2998 -1.28301
-1.18536 -1.2812
-1.07303 -1.27276
-0.96225 -1.26185
-0.854596 -1.24685
-0.753213 -1.22493
-0.656034 -1.19721
-0.562179 -1.16373
-0.471118 -1.12617
-0.387609 -1.08588
-0.311876 -1.03988
-0.237464 -0.991883
-0.172934 -0.937081
-0.11136 -0.884218
-0.0530924 -0.833352
-0.00814585 -0.778357
0.0250191 -0.715983
0.0508037 -0.650657
0.0702499 -0.583637
0.08088 -0.516288
0.0830334 -0.444785
0.0862142 -0.372489
0.0906019 -0.298662
0.0963013 -0.222184
0.101683 -0.151665
0.105629 -0.0802981
0.11033 -0.00986073
0.113315 0.0639659
0.116604 0.133119
0.119454 0.198499
0.12147 0.269675
0.121571 0.336039
0.118063 0.403415
0.115956 0.466145
0.114822 0.530131
0.115462 0.595266
0.113968 0.657012
0.114492 0.714684
0.114257 0.772057
0.11146 0.827078
0.106102 0.876578
0.103415 0.926543
0.10436 0.974267
0.106614 1.0227
0.113017 1.06602
0.12162 1.11186
0.135063 1.15901
0.139735 1.19922
0.146214 1.23418
0.146924 1.27274
0.154011 1.30869
0.157398 1.33829
0.163748 1.3648
0.173565 1.39408
0.188183 1.42668
0.204059 1.46134
0.220371 1.48627
0.244864 1.50915
0.270886 1.53219
0.298684 1.54648
0.330349 1.56373
0.357824 1.57887
0.384921 1.59024
0.412762 1.60003
0.437516 1.6006
0.458771 1.60667
0.476507 1.60755
0.488505 1.61318
0.499545 1.61657
0.507273 1.61296
0.512156 1.60457
0.512719 1.59981
0.511775 1.59424
0.507143 1.58926
0.49896 1.58568
0.492475 1.58317
0.483447 1.56909
0.469749 1.54561
0.454166 1.52276
0.438025 1.49854
0.415004 1.47941
0.389053 1.44825
0.360867 1.41837
0.330126 1.37636
0.299787 1.34181
0.26976 1.30358
0.243044 1.25807
0.210691 1.21447
0.17942 1.16426
0.151337 1.10858
0.127991 1.0552
0.110759 0.993782
0.0953098 0.931244
0.0832143 0.867941
0.0709034 0.802342
0.0620832 0.733326
0.0568091 0.665321
0.0579078 0.58939
0.0669145 0.514606
0.0835523 0.432224
0.107277 0.350963
0.135429 0.270659
0.167476 0.192595
0.195995 0.116363
0.230208 0.0379448
0.266064 -0.0389158
0.303288 -0.115093
0.344885 -0.18851
0.3883 -0.263402
0.432168 -0.338814
0.477158 -0.414336
0.519365 -0.490349
0.561208 -0.562317
0.604881 -0.632508
0.647372 -0.69819
0.699987 -0.761274
0.750519 -0.816186
0.803395 -0.870115
0.854981 -0.922184
0.902897 -0.972996
0.945841 -1.02067
0.988012 -1.06535
1.0312 -1.10734
1.07609 -1.14405
1.12284 -1.17499
1.17099 -1.20166
1.22288 -1.22367
1.27597 -1.23867
1.32812 -1.2498
1.3823 -1.2545
1.44047 -1.25554
1.50152 -1.25639
1.56659 -1.25425
1.63551 -1.24553
1.70925 -1.23561
1.78777 -1.22107
1.87165 -1.20467
1.95208 -1.18781
2.0282 -1.1646
2.09628 -1.13874
2.15411 -1.1113
2.20079 -1.08225
2.23882 -1.05021
2.2676 -1.01971
2.29128 -0.991637
