0.793916 -0.351673
0.809235 -0.337541
0.824784 -0.319699
0.836292 -0.295292
0.837234 -0.276038
0.827193 -0.254251
0.804942 -0.223809
0.768927 -0.18156
0.725105 -0.140313
0.670376 -0.0965925
0.606034 -0.0612334
0.529011 -0.0265221
0.439669 0.00453859
0.34287 0.0212024
0.235855 0.0346277
0.119959 0.0406926
-0.00259478 0.047788
-0.127119 0.0440195
-0.253604 0.0403982
-0.376902 0.0289455
-0.501427 0.0125761
-0.632565 -0.0113303
-0.762532 -0.0469249
-0.893856 -0.0787216
-1.02739 -0.104836
-1.15672 -0.132246
-1.28264 -0.160834
-1.40396 -0.191806
-1.52055 -0.221277
-1.62707 -0.250777
-1.71886 -0.287167
-1.80685 -0.319552
-1.88702 -0.355971
-1.94818 -0.402488
-2.00926 -0.45195
-2.06113 -0.5015
-2.10033 -0.55944
-2.13313 -0.619089
-2.16327 -0.674821
-2.17999 -0.734175
-2.18189 -0.796208
-2.17131 -0.856003
-2.15054 -0.917359
-2.12487 -0.981041
-2.08579 -1.04431
-2.03623 -1.10511
-1.98053 -1.16211
-1.91979 -1.21136
-1.84886 -1.25396
-1.77311 -1.28658
-1.69093 -1.31084
-1.60382 -1.33104
-1.50931 -1.3356
-1.40636 -1.33181
-1.29883 -1.32044
-1.18692 -1.30307
-1.07163 -1.27728
-0.955932 -1.25025
-0.844493 -1.22013
-0.74326 -1.18065
-0.656633 -1.13266
-0.577333 -1.08091
-0.509957 -1.01805
-0.451713 -0.953631
-0.397663 -0.882854
-0.346472 -0.807631
-0.292148 -0.739533
-0.233401 -0.664428
-0.177983 -0.579196
-0.123911 -0.494875
-0.0705511 -0.398219
-0.0150888 -0.29279
0.0415451 -0.183857
0.104782 -0.0745998
0.163617 0.0315658
0.211425 0.13567
0.254349 0.237332
0.292894 0.334871
0.328799 0.437415
0.361573 0.535219
0.388729 0.625074
0.409556 0.720994
0.423539 0.814706
0.436066 0.896848
0.445089 0.97843
0.453554 1.05415
0.466825 1.1199
0.485035 1.18328
0.501865 1.2568
0.517228 1.3201
0.535208 1.37238
0.55413 1.42821
0.570074 1.47837
0.584112 1.53069
0.596704 1.5823
0.609165 1.63138
0.619798 1.68564
0.626456 1.72748
0.635314 1.76345
0.636606 1.79128
0.632741 1.82257
0.63227 1.83838
0.629051 1.85355
0.620992 1.86456
0.611914 1.87351
0.602672 1.86912
0.591306 1.86635
0.583608 1.85084
0.572066 1.83285
0.55597 1.80694
0.538866 1.78333
0.529394 1.74803
0.513702 1.7102
0.493729 1.67687
0.473461 1.63191
0.452842 1.57856
0.432223 1.51014
0.416783 1.43471
0.39715 1.36644
0.381097 1.28933
0.362284 1.21679
0.342421 1.13824
0.327638 1.04776
0.310709 0.965917
0.283236 0.887956
0.249608 0.800839
0.211523 0.717314
0.177228 0.633936
0.153389 0.555151
0.137358 0.479781
0.128839 0.400819
0.127919 0.321004
0.130197 0.233328
0.126288 0.157339
0.122324 0.0710467
0.119039 -0.0064136
0.120528 -0.084816
0.130219 -0.163601
0.146546 -0.240031
0.173121 -0.324969
0.203924 -0.407788
0.235471 -0.483187
0.271771 -0.556614
0.303909 -0.613259
0.338599 -0.668609
0.37606 -0.722958
0.411921 -0.765442
0.45294 -0.814049
0.491222 -0.860773
0.529679 -0.904817
0.572296 -0.947066
0.618462 -0.988637
0.665909 -1.02161
0.718141 -1.04958
0.777436 -1.07475
0.843257 -1.09407
0.920499 -1.11373
1.00383 -1.12342
1.09171 -1.1289
1.18225 -1.12789
1.27308 -1.11953
1.36136 -1.10634
1.44214 -1.08827
1.51768 -1.07042
1.57702 -1.04914
1.62131 -1.027
1.65212 -1.00088
1.67728 -0.972503
1.69516 -0.944799
1.71533 -0.916388
1.73781 -0.889331
1.76692 -0.864306
