1.03405 -0.251021
1.04551 -0.242251
1.0465 -0.233903
1.03554 -0.222147
1.01148 -0.209335
0.974877 -0.197078
0.922132 -0.187145
0.849225 -0.17708
0.748488 -0.16757
0.611813 -0.160543
0.443313 -0.158059
0.252588 -0.159961
0.0508419 -0.166064
-0.152135 -0.177318
-0.357216 -0.1905
-0.562433 -0.206852
-0.757133 -0.225635
-0.944334 -0.250308
-1.12487 -0.280529
-1.30416 -0.316166
-1.48178 -0.359702
-1.65497 -0.411189
-1.81741 -0.47031
-1.95633 -0.534768
-2.07897 -0.602396
-2.18339 -0.673194
-2.2651 -0.746581
-2.32454 -0.820126
-2.36474 -0.893064
-2.37795 -0.963334
-2.3789 -1.02824
-2.36804 -1.08757
-2.33686 -1.14014
-2.28576 -1.18614
-2.20941 -1.22605
-2.11342 -1.25876
-1.99892 -1.28396
-1.87092 -1.30182
-1.73597 -1.31468
-1.59491 -1.32247
-1.45363 -1.32237
-1.31492 -1.31426
-1.18497 -1.29585
-1.0628 -1.27152
-0.948467 -1.2325
-0.841273 -1.17948
-0.734773 -1.11822
-0.628083 -1.04924
-0.519827 -0.980373
-0.414126 -0.906695
-0.316934 -0.829293
-0.231027 -0.750279
-0.158393 -0.666722
-0.0917438 -0.58224
-0.0269876 -0.500452
0.037958 -0.420435
0.107447 -0.344512
0.188137 -0.272393
0.266335 -0.199719
0.334446 -0.123744
0.390788 -0.0504359
0.432627 0.024034
0.467934 0.0960208
0.505618 0.17197
0.545522 0.247946
0.580766 0.325692
0.600507 0.400452
0.608248 0.478462
0.609258 0.553724
0.610804 0.629753
0.607312 0.69746
0.603273 0.757744
0.602306 0.817315
0.598235 0.881799
0.596205 0.942691
0.595059 0.995234
0.591735 1.03645
0.579893 1.08796
0.568145 1.13678
0.551822 1.17883
0.535793 1.22092
0.51826 1.25761
0.503073 1.29589
0.493313 1.33353
0.486098 1.36819
0.479861 1.40095
0.471752 1.43291
0.473056 1.47016
0.471689 1.5054
0.465505 1.53525
0.460488 1.56209
0.453714 1.58154
0.445648 1.60293
0.433594 1.61163
0.427515 1.61519
0.420237 1.62769
0.420774 1.6466
0.40159 1.6401
0.376653 1.63691
0.352862 1.62687
0.335708 1.62676
0.306617 1.60925
0.290083 1.60861
0.270489 1.60959
0.248718 1.59548
0.220047 1.5809
0.183562 1.54524
0.148329 1.5025
0.116071 1.45693
0.0833515 1.40724
0.0668495 1.37403
0.0496639 1.33879
0.0272196 1.2943
0.00563771 1.24186
-0.0134831 1.18737
-0.0293855 1.13052
-0.0429531 1.07266
-0.0553217 1.0113
-0.067217 0.944381
-0.0760411 0.877572
-0.0801535 0.814171
-0.0883887 0.756582
-0.105942 0.688927
-0.127955 0.624337
-0.150179 0.557159
-0.169994 0.48216
-0.192617 0.397757
-0.217575 0.306803
-0.242975 0.215638
-0.264946 0.130495
-0.281974 0.0503983
-0.300179 -0.0245207
-0.317796 -0.101104
-0.335928 -0.177238
-0.348854 -0.251787
-0.356406 -0.33022
-0.35811 -0.411268
-0.352904 -0.492844
-0.338253 -0.570378
-0.311338 -0.64041
-0.271856 -0.702147
-0.221004 -0.75831
-0.165303 -0.808186
-0.0998633 -0.857322
-0.0271138 -0.905533
0.0461616 -0.950363
0.120015 -0.995034
0.193922 -1.03728
0.266472 -1.07392
0.338632 -1.10469
0.41501 -1.13248
0.496857 -1.15499
0.587707 -1.1742
0.687287 -1.18804
0.799719 -1.19757
0.912624 -1.20138
1.02957 -1.20228
1.15324 -1.20156
1.27494 -1.19771
1.3927 -1.19047
1.50675 -1.18011
1.61429 -1.16815
1.71526 -1.15557
1.8098 -1.14205
1.89985 -1.1286
1.98434 -1.11544
2.06031 -1.10324
2.12845 -1.09016
2.19919 -1.07857
2.2569 -1.06261
