-0.0462157 -0.048935
-0.236233 -0.034416
-0.453488 -0.0323955
-0.692551 -0.0470186
-0.947465 -0.0864301
-1.20471 -0.145047
-1.45845 -0.226703
-1.68959 -0.327065
-1.89673 -0.435968
-2.06711 -0.549536
-2.18975 -0.655877
-2.26881 -0.751552
-2.3083 -0.837519
-2.32036 -0.9193
-2.30111 -0.988437
-2.24847 -1.04093
-2.16724 -1.08301
-2.05789 -1.114
-1.91736 -1.13488
-1.75025 -1.1435
-1.55494 -1.12469
-1.34463 -1.09692
-1.12637 -1.05589
-0.909202 -0.998873
-0.704294 -0.923175
-0.51604 -0.831354
-0.347056 -0.726513
-0.194733 -0.600634
-0.0598254 -0.464381
0.0609965 -0.311151
0.16259 -0.144985
0.248738 0.0260136
0.324522 0.201886
0.392875 0.385071
0.4484 0.559527
0.48455 0.72361
0.515515 0.874444
0.548786 1.01432
0.583667 1.13881
0.60844 1.23473
0.635684 1.30918
0.67195 1.38654
0.695388 1.45301
0.714884 1.50884
0.732044 1.56117
0.748795 1.61126
0.758049 1.66211
0.759452 1.69696
0.755701 1.71533
0.741725 1.71169
0.732807 1.71711
0.728067 1.71879
0.731245 1.7191
0.709833 1.69182
0.685938 1.6522
0.660372 1.61231
0.640449 1.56642
0.61404 1.50709
0.578897 1.41725
0.540069 1.31389
0.50257 1.19934
0.459838 1.06121
0.418015 0.898837
0.376941 0.723922
0.343847 0.552112
0.311675 0.373156
0.281308 0.194387
0.258584 0.0207018
0.236599 -0.139652
0.220775 -0.285571
0.204036 -0.421532
0.194043 -0.537996
0.190292 -0.641899
0.20126 -0.729784
0.222977 -0.800441
0.25238 -0.853184
0.291483 -0.89972
0.337314 -0.93609
0.383841 -0.960733
0.435736 -0.977085
0.491517 -0.982355
0.548237 -0.98023
0.602291 -0.976668
0.649697 -0.971127
0.693588 -0.958358
0.737955 -0.942214
0.780474 -0.924425
0.822133 -0.904657
0.870605 -0.888825
0.915894 -0.864204
0.961085 -0.839082
1.0031 -0.809502
1.04149 -0.778465
1.07927 -0.749156
1.11459 -0.722805
1.14803 -0.695246
1.18124 -0.662063
