-0.0159196 -0.205061
-0.0424844 -0.198128
-0.0734684 -0.190003
-0.110084 -0.17982
-0.152562 -0.168857
-0.201998 -0.158782
-0.260487 -0.146585
-0.326026 -0.133455
-0.400103 -0.120607
-0.481287 -0.113219
-0.569202 -0.110706
-0.663873 -0.113739
-0.76737 -0.118202
-0.877256 -0.127042
-0.995022 -0.14249
-1.12029 -0.159389
-1.24464 -0.187988
-1.35775 -0.220725
-1.46537 -0.255217
-1.56173 -0.294259
-1.64953 -0.335684
-1.73051 -0.376394
-1.80568 -0.418122
-1.87209 -0.462299
-1.92557 -0.511285
-1.97615 -0.557109
-2.0171 -0.61097
-2.04945 -0.662968
-2.07475 -0.711478
-2.0848 -0.758406
-2.08978 -0.808237
-2.08794 -0.858372
-2.08447 -0.905062
-2.07313 -0.949152
-2.05658 -0.993459
-2.03354 -1.03402
-2.00463 -1.07241
-1.97093 -1.10822
-1.9315 -1.14131
-1.88519 -1.16891
-1.83315 -1.19653
-1.77554 -1.21757
-1.7135 -1.2343
-1.6459 -1.23971
-1.57481 -1.23802
-1.49964 -1.22998
-1.41978 -1.21473
-1.33529 -1.19664
-1.24852 -1.17186
-1.16021 -1.13996
-1.07173 -1.11186
-0.981613 -1.07583
-0.888888 -1.04067
-0.794372 -0.999265
-0.698243 -0.956302
-0.602795 -0.911258
-0.511534 -0.861492
-0.427558 -0.808107
-0.352618 -0.74428
-0.287948 -0.677787
-0.229028 -0.59901
-0.168965 -0.51473
-0.106665 -0.4246
-0.0372487 -0.329682
0.0341845 -0.237213
0.103172 -0.147061
0.168332 -0.0636694
0.232897 0.0217156
0.296732 0.102659
0.363188 0.182714
0.43026 0.26511
0.493633 0.34614
0.552036 0.42899
0.608594 0.504669
0.661623 0.575408
0.711676 0.649353
0.763177 0.719464
0.809562 0.785956
0.848908 0.85026
0.881781 0.90839
0.905179 0.969942
0.919052 1.02625
0.926116 1.07565
0.939153 1.12971
0.942055 1.17039
0.95715 1.2264
0.973466 1.26936
0.991544 1.31231
1.00872 1.35358
1.024 1.39942
1.03751 1.44059
1.05989 1.48806
1.06196 1.50834
1.06215 1.52918
1.06558 1.55414
1.06979 1.57394
1.0742 1.59255
1.07677 1.60464
1.07707 1.61522
1.07391 1.63023
1.07086 1.63749
1.06369 1.64865
1.05818 1.66221
1.04848 1.6743
1.03733 1.67393
1.02295 1.67497
1.00724 1.67311
0.991201 1.67053
0.976445 1.6538
0.974219 1.65712
0.960477 1.64756
0.943799 1.64022
0.926024 1.62865
0.917173 1.62185
0.898145 1.60157
0.879976 1.57604
0.853856 1.53815
0.821265 1.48828
0.783538 1.43355
0.745987 1.38101
0.705545 1.32355
0.66309 1.2659
0.621593 1.20759
0.579032 1.15198
0.539031 1.09088
0.495162 1.02625
0.448096 0.9452
0.394775 0.853034
0.342352 0.754606
0.295777 0.663891
0.258223 0.582254
0.22948 0.509543
0.207003 0.433193
0.189084 0.361566
0.176145 0.295052
0.162788 0.232459
0.145263 0.166552
0.123623 0.0999293
0.0988493 0.0313569
0.0767616 -0.0411369
0.0573301 -0.118506
0.0421783 -0.192733
0.0329918 -0.266743
0.0278102 -0.338219
0.030253 -0.409153
0.0393603 -0.47805
0.0534484 -0.546016
0.0703424 -0.61123
0.0917077 -0.673974
0.120402 -0.73765
0.15599 -0.803753
0.195443 -0.866692
0.237013 -0.924713
0.281094 -0.974523
0.325114 -1.0171
0.370474 -1.05224
0.415931 -1.08324
0.460799 -1.11106
0.504688 -1.13242
0.548483 -1.14618
0.592065 -1.15541
0.634951 -1.16078
0.678372 -1.16269
0.719066 -1.15873
0.756867 -1.15337
0.789574 -1.14692
0.815471 -1.13715
0.834318 -1.1282
0.84578 -1.11583
0.851618 -1.09992
0.854235 -1.08131
0.85312 -1.06002
0.848739 -1.0377
0.841558 -1.013
0.83389 -0.986395
0.823806 -0.962888
0.813909 -0.94393
0.800054 -0.927768
0.781415 -0.908615
0.757432 -0.885953
0.731118 -0.866323
