-0.100475 0.0274152
-0.158451 0.039215
-0.22784 0.0498231
-0.313059 0.0577676
-0.413096 0.0610622
-0.526464 0.0604546
-0.650454 0.0476034
-0.780876 0.0306164
-0.912748 0.0113629
-1.04429 -0.0163491
-1.17384 -0.0529401
-1.30062 -0.0991112
-1.42006 -0.138459
-1.53408 -0.185308
-1.63886 -0.238816
-1.73576 -0.296647
-1.825 -0.356066
-1.90583 -0.418733
-1.97142 -0.491635
-2.02013 -0.563929
-2.04678 -0.638677
-2.05879 -0.709312
-2.05788 -0.779012
-2.04375 -0.848316
-2.0133 -0.912385
-1.97298 -0.970169
-1.92149 -1.01914
-1.85833 -1.06688
-1.78073 -1.10333
-1.69531 -1.13623
-1.59914 -1.15303
-1.49484 -1.1617
-1.38148 -1.15485
-1.26481 -1.14095
-1.13996 -1.12501
-1.00596 -1.09684
-0.861976 -1.05658
-0.713305 -0.997624
-0.556213 -0.926615
-0.401816 -0.836236
-0.248262 -0.733683
-0.0996545 -0.623022
0.0344258 -0.503575
0.151587 -0.384643
0.244335 -0.269495
0.305445 -0.148647
0.339156 -0.0249945
0.353634 0.100691
0.365876 0.225768
0.377135 0.352972
0.392002 0.472185
0.419097 0.590744
0.4559 0.704583
0.497006 0.806645
0.541855 0.899291
0.589315 0.998292
0.629671 1.08213
0.665003 1.15814
0.695402 1.24027
0.723983 1.32768
0.73297 1.39619
0.749372 1.47274
0.760079 1.54223
0.759527 1.58415
0.751219 1.61417
0.762258 1.66576
0.772703 1.71549
0.776927 1.75131
0.777607 1.78965
0.763511 1.80715
0.750483 1.83073
0.731823 1.83932
0.710856 1.84246
0.68379 1.83458
0.652874 1.80661
0.627548 1.77638
0.607275 1.74376
0.574788 1.68436
0.538112 1.60193
0.506707 1.51891
0.472105 1.42243
0.437155 1.3145
0.408871 1.19793
0.389511 1.0854
0.367362 0.965019
0.342178 0.83188
0.318366 0.683764
0.282532 0.515903
0.241016 0.338439
0.202274 0.159736
0.174783 -0.0184053
0.163114 -0.194467
0.174195 -0.35401
0.197717 -0.506496
0.243267 -0.650196
0.302707 -0.775601
0.367716 -0.885561
0.437382 -0.967786
0.50733 -1.02059
0.573783 -1.05001
0.634865 -1.06263
0.689967 -1.06274
0.744709 -1.05109
0.799564 -1.03216
0.85466 -1.01272
0.909529 -0.990287
0.958319 -0.962855
1.00085 -0.933928
1.03589 -0.910212
1.06715 -0.886355
1.09423 -0.863106
1.11452 -0.849788
1.13111 -0.837497
1.13968 -0.83023
1.1467 -0.828572
1.1525 -0.830184
1.15126 -0.823711
1.1495 -0.823898
1.14873 -0.832731
1.1502 -0.846633
1.14423 -0.84918
1.13935 -0.867195
1.13799 -0.887804
