-1.61653 -1.10974
-1.46379 -1.10305
-1.29192 -1.07832
-1.10633 -1.01902
-0.915117 -0.928718
-0.729194 -0.809393
-0.557712 -0.654772
-0.404813 -0.468379
-0.274262 -0.252305
-0.175788 -0.0251815
-0.111133 0.22386
-0.079797 0.459165
-0.0705733 0.694829
-0.0774709 0.930671
-0.0964394 1.14089
-0.132395 1.34825
-0.188359 1.5132
-0.260896 1.6462
-0.349688 1.75717
-0.449513 1.83522
-0.55635 1.87225
-0.664402 1.87583
-0.771132 1.84448
-0.879237 1.7841
-0.98867 1.68544
-1.09383 1.5298
-1.19438 1.32
-1.28415 1.06469
-1.36348 0.789249
-1.4248 0.502822
-1.46448 0.213349
-1.4811 -0.0525342
-1.45762 -0.29417
-1.4061 -0.52189
-1.32392 -0.725722
-1.21426 -0.907576
-1.0763 -1.06387
-0.913849 -1.19627
-0.730676 -1.31942
-0.529753 -1.39969
-0.315794 -1.45881
-0.0946718 -1.49757
0.114297 -1.48873
0.297229 -1.4394
0.456545 -1.37084
0.600632 -1.2895
0.736108 -1.2029
0.858041 -1.0997
0.958888 -0.980138
1.04319 -0.864337
1.11293 -0.7477
1.17854 -0.642529
1.23452 -0.516097
1.28112 -0.387695
1.30449 -0.254395
1.32088 -0.142894
1.32198 -0.0466814
1.31386 0.0372282
1.29988 0.104774
1.2793 0.154343
1.25835 0.190654
1.23852 0.221232
1.22169 0.247032
1.20732 0.267397
1.19185 0.29051
1.1736 0.311651
1.1512 0.331479
1.12573 0.343842
1.10134 0.354771
1.07599 0.35925
1.05487 0.366237
1.03885 0.36994
1.02892 0.378122
