-1.50377 0.291801
-1.48687 0.263704
-1.45581 0.233833
-1.40995 0.209101
-1.34957 0.175729
-1.27692 0.149496
-1.1889 0.11758
-1.08446 0.110215
-0.961862 0.112579
-0.825348 0.126082
-0.674168 0.16409
-0.512765 0.218421
-0.351647 0.283481
-0.199856 0.37491
-0.0657411 0.486572
0.0487455 0.615055
0.135068 0.753359
0.198503 0.892708
0.235358 1.03433
0.249116 1.17195
0.23747 1.29666
0.203708 1.4221
0.149602 1.52808
0.0820649 1.6226
0.00350293 1.72649
-0.0943766 1.79718
-0.208874 1.84947
-0.334885 1.88384
-0.464837 1.90266
-0.592897 1.89493
-0.716783 1.86561
-0.837362 1.80068
-0.952741 1.70953
-1.06166 1.57577
-1.16224 1.41092
-1.25498 1.20792
-1.33515 0.983047
-1.40087 0.742311
-1.45068 0.495301
-1.48105 0.254747
-1.4866 0.0237863
-1.4654 -0.18517
-1.41864 -0.370075
-1.34547 -0.540386
-1.24785 -0.694784
-1.12689 -0.835497
-0.986062 -0.963208
-0.826091 -1.07469
-0.651163 -1.16039
-0.46753 -1.23559
-0.283323 -1.29578
-0.102503 -1.34016
0.0712115 -1.36534
0.232986 -1.35925
0.386529 -1.34279
0.53633 -1.32915
0.672247 -1.28719
0.795558 -1.2485
0.902988 -1.2129
0.993783 -1.17098
1.06696 -1.13206
1.12558 -1.08637
1.1664 -1.04936
1.19279 -1.01326
1.20827 -0.973937
1.21535 -0.938066
1.21615 -0.902921
1.21457 -0.86223
1.21141 -0.817902
1.20672 -0.776711
1.19908 -0.740476
1.18905 -0.702331
1.18061 -0.671233
1.17088 -0.636134
1.16228 -0.595853
1.15582 -0.555798
1.15138 -0.519335
1.14888 -0.482918
1.14896 -0.441454
1.15253 -0.394853
1.15769 -0.352298
1.16386 -0.308606
1.17054 -0.258095
1.17821 -0.213721
1.18772 -0.161801
1.19841 -0.110835
1.21017 -0.0612327
1.21951 -0.0069933
