-1.23454 0.558949
-1.24701 0.572882
-1.25003 0.561004
-1.25253 0.546158
-1.247 0.508926
-1.23814 0.474665
-1.1943 0.395463
-1.13811 0.319972
-1.06504 0.248137
-0.921671 0.154431
-0.713435 0.065921
-0.456922 -0.00271684
-0.166348 -0.0256723
0.142787 0.0166982
0.437202 0.135929
0.702596 0.347211
0.886065 0.539362
1.0084 0.71621
1.04882 0.916756
0.976932 1.11953
0.867285 1.26446
0.644965 1.36096
0.364392 1.41258
0.130641 1.41744
-0.0709162 1.37735
-0.252993 1.28427
-0.422581 1.15756
-0.620662 0.905221
-0.794457 0.548385
-0.914439 0.132903
-0.951649 -0.260423
-0.898676 -0.596817
-0.739874 -0.886672
-0.567355 -1.0943
-0.283967 -1.29616
0.0557227 -1.4436
0.414402 -1.5477
0.70531 -1.61131
1.00695 -1.62376
1.27939 -1.5855
1.48672 -1.54593
1.67935 -1.4806
1.82355 -1.4251
1.94687 -1.354
2.0343 -1.27908
