-1.71122 0.161551
-1.72318 0.157865
-1.73203 0.1419
-1.73145 0.123082
-1.72912 0.102084
-1.70235 0.0785209
-1.6606 0.0570099
-1.6026 0.0298567
-1.52553 0.0112951
-1.45872 -0.000630552
-1.36966 -0.0115944
-1.28896 -0.0175572
-1.2152 -0.0258923
-1.14263 -0.0344518
-1.07426 -0.0394208
-1.00761 -0.0402543
-0.940784 -0.032336
-0.872823 -0.0253153
-0.804694 -0.0166917
-0.734815 -0.00983122
-0.637883 0.00488344
-0.523467 0.023381
-0.396582 0.0496365
-0.260641 0.0729107
-0.118216 0.108271
0.0281046 0.14658
0.149546 0.180914
0.278967 0.218967
0.387868 0.263592
0.481172 0.290361
0.565483 0.323605
0.671161 0.379097
0.760741 0.412021
0.857792 0.459275
0.955323 0.507811
1.03448 0.559937
1.10088 0.618379
1.17244 0.685509
1.23207 0.742187
1.27911 0.80111
1.31796 0.852724
1.35735 0.921809
1.38363 0.997177
1.39961 1.0644
1.40798 1.13573
1.40836 1.20911
1.40505 1.26441
1.39662 1.30692
1.37617 1.34863
1.34333 1.39354
1.29601 1.42557
1.23523 1.45548
1.1798 1.47241
1.12455 1.48161
1.0523 1.49517
0.987349 1.50902
0.924388 1.51296
0.839683 1.50206
0.763513 1.50498
0.690169 1.48148
0.619254 1.48654
0.550831 1.47205
0.461479 1.45971
0.359947 1.44163
0.251463 1.41102
0.138845 1.37639
0.0464705 1.3351
-0.033072 1.30917
-0.10366 1.27214
-0.188185 1.22341
-0.27908 1.14904
-0.371081 1.08444
-0.465771 1.02305
-0.561174 0.94582
-0.660088 0.868464
-0.754746 0.791781
-0.841176 0.719426
-0.913411 0.641012
-0.977102 0.564553
-1.0247 0.496206
-1.06215 0.429493
-1.08776 0.367108
-1.11157 0.307704
-1.13145 0.235702
-1.14627 0.171073
-1.15673 0.115452
-1.16218 0.0639665
-1.16752 0.014597
-1.17103 -0.0374012
-1.17458 -0.0856486
-1.17734 -0.158933
-1.17477 -0.246869
-1.16413 -0.337817
-1.1352 -0.440916
-1.09484 -0.551997
-1.04889 -0.654102
-1.0073 -0.740146
-0.966861 -0.809712
-0.905137 -0.882965
-0.847267 -0.952467
-0.791402 -1.00745
-0.736742 -1.05342
-0.660001 -1.10487
-0.591004 -1.14975
-0.505432 -1.18854
-0.408189 -1.22833
-0.301128 -1.26574
-0.213378 -1.28969
-0.138738 -1.31007
-0.0731306 -1.32412
0.00618444 -1.34675
0.094081 -1.37291
0.185744 -1.39856
0.276096 -1.41609
0.364991 -1.42773
0.437678 -1.43523
0.518519 -1.43116
0.602866 -1.4268
0.671065 -1.425
0.741619 -1.41218
0.814899 -1.40006
0.890499 -1.38208
0.952948 -1.37464
1.01873 -1.37111
1.0782 -1.36887
1.12832 -1.36974
1.16683 -1.37272
1.19649 -1.3883
1.21552 -1.38692
1.23008 -1.39035
1.22536 -1.38031
1.2106 -1.36364
1.19565 -1.34819
1.1793 -1.33505
1.1717 -1.33011
1.16773 -1.31421
1.15851 -1.27683
1.14461 -1.25862
1.13308 -1.24375
