-1.4376 -0.18
-1.44369 -0.182935
-1.4505 -0.201197
-1.45539 -0.222132
-1.45748 -0.232906
-1.45741 -0.240176
-1.4467 -0.257606
-1.43426 -0.268117
-1.41676 -0.281738
-1.3978 -0.287256
-1.37579 -0.295884
-1.35 -0.294132
-1.31944 -0.294702
-1.28282 -0.295315
-1.2453 -0.29422
-1.2043 -0.293081
-1.16099 -0.294658
-1.11671 -0.295884
-1.07328 -0.296979
-1.02892 -0.290672
-0.983349 -0.27876
-0.935737 -0.26203
-0.88609 -0.246395
-0.835783 -0.230103
-0.78204 -0.212935
-0.701828 -0.184818
-0.603603 -0.141635
-0.520558 -0.0984961
-0.422213 -0.0497075
-0.311194 0.0227308
-0.185626 0.0958699
-0.0559112 0.17571
0.0513049 0.25717
0.143462 0.339419
0.223945 0.415361
0.293246 0.486879
0.353941 0.564836
0.408609 0.636136
0.460066 0.707742
0.509247 0.786706
0.562737 0.886823
0.604501 0.969772
0.645081 1.09174
0.674015 1.20833
0.698686 1.32855
0.707207 1.44329
0.703472 1.5622
0.68943 1.6508
0.660209 1.73002
0.630057 1.80019
0.590545 1.83908
0.544467 1.86785
0.499457 1.87595
0.417228 1.86386
0.340652 1.83671
0.271511 1.82681
0.200446 1.79506
0.134545 1.77286
0.0663925 1.73515
0.000635646 1.68947
-0.0919237 1.60924
-0.207011 1.50141
-0.310447 1.39345
-0.403529 1.28983
-0.487717 1.20058
-0.589716 1.08487
-0.698581 0.957203
-0.784229 0.842764
-0.854335 0.732355
-0.927745 0.570267
-0.991864 0.375068
-1.03426 0.216352
-1.0606 0.0782202
-1.07631 -0.0535178
-1.0715 -0.215738
-1.0402 -0.396045
-0.982149 -0.60044
-0.915524 -0.781799
-0.828595 -0.985056
-0.756099 -1.13637
-0.661339 -1.27358
-0.535077 -1.385
-0.365149 -1.47088
-0.210993 -1.51993
-0.0605535 -1.54411
0.0917529 -1.54923
0.242319 -1.53049
0.390258 -1.50439
0.530074 -1.47097
0.656785 -1.42704
0.771361 -1.38237
0.881059 -1.32907
0.980679 -1.27433
1.09068 -1.19155
1.17901 -1.11982
1.25379 -1.04957
1.3166 -0.991625
1.36856 -0.942092
1.40999 -0.89996
1.45599 -0.868471
1.49182 -0.838909
1.52122 -0.817537
1.5419 -0.803828
1.55818 -0.787186
1.57123 -0.772952
1.58064 -0.756616
1.5879 -0.730514
1.59133 -0.706383
1.58962 -0.692149
1.58753 -0.668587
1.58529 -0.65028
1.58329 -0.626368
1.57947 -0.608981
1.56684 -0.600616
1.54957 -0.586951
1.53469 -0.568907
