-1.74742 -0.291292
-1.75186 -0.293038
-1.75534 -0.298566
-1.7573 -0.301849
-1.75688 -0.307294
-1.75155 -0.322132
-1.74392 -0.334185
-1.72391 -0.351434
-1.70028 -0.364235
-1.65762 -0.369348
-1.61326 -0.380777
-1.56782 -0.381733
-1.51879 -0.381318
-1.4673 -0.379614
-1.41303 -0.375042
-1.35738 -0.371841
-1.30038 -0.362698
-1.24181 -0.350353
-1.18195 -0.335349
-1.12064 -0.318558
-1.05738 -0.303387
-0.992873 -0.283728
-0.927467 -0.264692
-0.861609 -0.239131
-0.793709 -0.215066
-0.725293 -0.187717
-0.627225 -0.149728
-0.509394 -0.106669
-0.408683 -0.0666855
-0.31918 -0.0271591
-0.235666 0.017355
-0.15731 0.0659006
-0.082038 0.119226
-0.00813373 0.172219
0.0654286 0.228163
0.165839 0.299901
0.250821 0.362495
0.326334 0.419477
0.393701 0.483568
0.470307 0.574175
0.530266 0.660792
0.576409 0.741383
0.613042 0.814451
0.64047 0.88224
0.661882 0.947203
0.681943 1.0083
0.699507 1.06932
0.712027 1.12547
0.717026 1.19766
0.708567 1.29151
0.686825 1.3918
0.648316 1.49201
0.598142 1.57127
0.533993 1.62863
0.474168 1.67102
0.419437 1.70141
0.366057 1.72231
0.315203 1.73856
0.261468 1.74093
0.206454 1.73632
0.154304 1.72077
0.104993 1.69787
0.0532759 1.65523
0.00109648 1.60361
-0.0488359 1.54496
-0.0956748 1.48628
-0.139298 1.42052
-0.180845 1.35261
-0.221217 1.28503
-0.260093 1.21861
-0.299962 1.15714
-0.337765 1.09297
-0.37447 1.02946
-0.409389 0.966406
-0.444376 0.868691
-0.470846 0.724592
-0.488258 0.595455
-0.499233 0.473218
-0.505323 0.360957
-0.506034 0.253724
-0.501646 0.143831
-0.492543 0.0287848
-0.478614 -0.0852226
-0.459695 -0.193162
-0.437321 -0.294576
-0.411785 -0.395615
-0.382287 -0.500521
-0.349785 -0.605467
-0.312459 -0.712617
-0.269648 -0.81694
-0.219869 -0.913117
-0.161922 -1.00551
-0.0961709 -1.09288
0.0108645 -1.1903
0.111334 -1.26873
0.210077 -1.34109
0.306677 -1.39205
0.402723 -1.4297
0.499474 -1.46167
0.598613 -1.48478
0.695843 -1.49417
0.792598 -1.49928
0.887951 -1.49492
0.983906 -1.48839
1.07676 -1.47734
1.16417 -1.46175
1.2753 -1.43328
1.39066 -1.39097
1.48227 -1.35788
1.57671 -1.32181
1.66296 -1.28091
1.73036 -1.23968
1.77689 -1.20888
1.8188 -1.1679
1.85619 -1.11274
1.88958 -1.03901
1.90975 -0.983275
1.92002 -0.932901
1.91932 -0.880739
1.91579 -0.842792
1.89926 -0.78876
1.8876 -0.759874
