-1.5162 -0.680946
-1.52159 -0.684469
-1.52474 -0.686272
-1.52162 -0.696433
-1.51474 -0.696924
-1.50255 -0.699178
-1.48553 -0.699465
-1.46243 -0.695327
-1.43481 -0.692418
-1.40208 -0.683814
-1.36448 -0.679184
-1.29752 -0.67271
-1.23354 -0.662713
-1.15371 -0.649029
-1.08778 -0.635057
-1.03048 -0.618013
-0.97628 -0.602977
-0.924362 -0.59048
-0.871617 -0.575935
-0.791759 -0.531932
-0.719942 -0.485552
-0.652737 -0.432371
-0.591197 -0.377141
-0.533473 -0.315397
-0.477036 -0.248368
-0.420277 -0.171751
-0.361465 -0.0891931
-0.274195 0.0335577
-0.19343 0.138199
-0.116873 0.239153
-0.0452414 0.337977
0.0421934 0.480271
0.132044 0.64047
0.219087 0.813001
0.290115 0.974265
0.335783 1.09644
0.363528 1.1969
0.371385 1.29888
0.361968 1.41459
0.346098 1.50194
0.325634 1.57007
0.287946 1.63567
0.25014 1.68279
0.208503 1.71892
0.165137 1.73986
0.11872 1.74617
0.0687553 1.74277
0.0153682 1.7299
-0.0383079 1.71024
-0.0924694 1.69287
-0.146109 1.66869
-0.198732 1.64546
-0.251035 1.61486
-0.302925 1.572
-0.355724 1.52337
-0.409642 1.46461
-0.463388 1.39939
-0.532132 1.29511
-0.589135 1.20362
-0.645173 1.08268
-0.686532 0.947511
-0.711705 0.798497
-0.727102 0.628711
-0.732619 0.449296
-0.721424 0.275372
-0.693606 0.095138
-0.664826 -0.0558422
-0.62153 -0.231815
-0.564484 -0.427659
-0.484464 -0.621373
-0.376173 -0.798657
-0.23991 -0.955496
-0.0862226 -1.08816
0.0763031 -1.17867
0.242933 -1.24349
0.406899 -1.26909
0.576658 -1.27229
0.712952 -1.2636
0.861791 -1.23226
0.981921 -1.20092
1.11441 -1.15511
1.22071 -1.11324
1.31191 -1.07403
1.39038 -1.0308
1.45911 -0.984914
1.51706 -0.942303
1.56821 -0.906207
1.61784 -0.877199
1.65865 -0.845446
1.68756 -0.81693
1.70837 -0.788742
1.72303 -0.759529
1.73475 -0.726096
1.74273 -0.695081
1.74797 -0.665008
1.75215 -0.62588
1.7542 -0.592611
1.75009 -0.56475
1.74055 -0.539676
1.71193 -0.513659
1.66559 -0.489649
