0.629291 0.597637
0.675811 0.593368
0.724063 0.59713
0.776127 0.621308
0.827311 0.655199
0.876176 0.704941
0.918956 0.774911
0.951863 0.857531
0.972904 0.950744
0.980074 1.04097
0.97299 1.12823
0.955184 1.21819
0.92143 1.30142
0.871449 1.37686
0.772275 1.46797
0.676696 1.5258
0.589676 1.55902
0.512138 1.56946
0.444157 1.55769
0.379352 1.51771
0.316604 1.46132
0.256775 1.39763
0.185446 1.28037
0.115407 1.12746
0.0521485 0.938389
0.00649345 0.758286
-0.0263491 0.513257
-0.0456001 0.275033
-0.0525635 0.0479896
-0.048575 -0.175985
-0.026822 -0.484846
0.00983349 -0.846893
0.0556805 -1.23213
0.108273 -1.56973
0.161568 -1.86875
0.196949 -2.08453
0.219235 -2.276
0.224806 -2.42669
0.213115 -2.52175
0.179033 -2.54118
0.141919 -2.52516
0.0788645 -2.41252
-0.000839336 -2.21358
-0.0968743 -1.94037
-0.212206 -1.60274
-0.314284 -1.31344
-0.408479 -1.04818
-0.50078 -0.801287
-0.595711 -0.57419
-0.692192 -0.378797
-0.788612 -0.203097
-0.880611 -0.055418
-0.967214 0.0750757
-1.0475 0.17328
-1.12376 0.253043
-1.1977 0.316476
-1.2719 0.369474
-1.34951 0.406167
-1.42632 0.434614
-1.49097 0.432666
-1.56311 0.434854
-1.62994 0.431171
-1.70199 0.400723
-1.75688 0.357759
-1.80169 0.30332
-1.83708 0.250268
-1.85693 0.188357
-1.85754 0.113877
-1.83965 0.0371818
-1.80033 -0.0360708
-1.73968 -0.0927515
-1.65172 -0.128884
-1.53438 -0.15138
-1.39014 -0.158665
-1.22077 -0.154849
-1.02879 -0.152154
-0.723307 -0.143908
-0.437277 -0.135689
-0.0639665 -0.117516
0.26125 -0.0999033
0.54611 -0.0780743
0.84011 -0.0532831
1.0588 -0.0303066
1.22797 -0.0100788
1.33302 0.00102252
1.39349 0.00635968
1.41941 0.00483859
1.42434 0.00561248
1.41466 0.00982884
1.37863 0.00889483
1.33887 0.00684003
1.28041 0.00953529
1.21206 0.0183683
1.14364 0.0347534
1.08173 0.037929
1.02898 0.0350736
0.985365 0.0359543
0.950747 0.0250398
0.925902 0.0110831
0.908737 0.000248627
0.896273 -0.00471494
