1.22097 0.597549
1.28176 0.625535
1.33039 0.671338
1.36377 0.730787
1.3838 0.801969
1.38746 0.878105
1.35333 0.997089
1.26189 1.12728
1.10871 1.25728
0.969758 1.36346
0.835117 1.4455
0.708089 1.51254
0.585887 1.54427
0.476242 1.56087
0.347978 1.55991
0.207261 1.52164
0.0559241 1.42902
-0.0818222 1.29219
-0.181326 1.16408
-0.252608 1.03327
-0.30861 0.830679
-0.346667 0.580195
-0.36081 0.297061
-0.346616 -0.010264
-0.296017 -0.306493
-0.207769 -0.579169
-0.115089 -0.829218
-0.0510015 -1.03691
-0.0189182 -1.22024
-0.00438512 -1.35241
-5.44402e-05 -1.4645
-0.023235 -1.54831
-0.0633297 -1.60981
-0.104863 -1.65133
-0.137429 -1.65298
-0.166537 -1.61807
-0.190785 -1.5654
-0.215498 -1.49935
-0.246555 -1.42567
-0.30848 -1.30579
-0.416227 -1.14225
-0.578129 -0.956807
-0.797536 -0.766612
-1.0606 -0.579198
-1.34784 -0.412122
-1.63633 -0.287517
-1.89616 -0.201444
-2.08467 -0.144661
-2.17326 -0.113807
-2.14823 -0.10358
-1.99597 -0.115371
-1.71607 -0.117892
-1.31481 -0.1061
-0.830204 -0.0850094
-0.312569 -0.0632521
0.188328 -0.0376707
0.623346 -0.00319509
0.943663 0.0434483
1.15169 0.0935683
1.28532 0.140443
1.37651 0.197748
1.43204 0.269191
1.45777 0.346399
