1.12667 0.832312
1.12302 0.884527
1.10852 0.934406
1.08696 0.992956
1.05718 1.0593
1.01869 1.12795
0.972312 1.19094
0.925265 1.26125
0.874363 1.32159
0.81852 1.38009
0.754291 1.42535
0.681361 1.46225
0.59787 1.49159
0.507386 1.51615
0.412037 1.55216
0.312514 1.57234
0.209482 1.58194
0.111382 1.59264
0.021443 1.57673
-0.0596685 1.55985
-0.133714 1.53944
-0.202955 1.51212
-0.268317 1.45492
-0.330873 1.38147
-0.401032 1.2611
-0.446698 1.07996
-0.4462 0.877101
-0.430348 0.693373
-0.387322 0.454574
-0.326967 0.17597
-0.272148 -0.0562858
-0.207772 -0.324919
-0.151717 -0.606456
-0.107155 -0.885216
-0.0634741 -1.14593
-0.0255423 -1.37829
0.00538928 -1.59393
0.0269338 -1.76792
0.0390632 -1.90099
0.0444858 -1.99703
0.0296933 -2.03803
-0.00764117 -2.01638
-0.0662226 -1.95035
-0.122177 -1.86981
-0.176524 -1.79082
-0.25958 -1.6605
-0.339069 -1.53135
-0.419286 -1.3994
-0.537701 -1.20645
-0.677915 -0.99793
-0.793187 -0.829391
-0.89395 -0.694893
-0.987253 -0.58018
-1.11035 -0.460222
-1.26168 -0.350027
-1.41509 -0.259773
-1.55297 -0.191615
-1.66453 -0.150019
-1.747 -0.139581
-1.80372 -0.155524
-1.83577 -0.180372
-1.85006 -0.204753
-1.8496 -0.226382
-1.83368 -0.243519
-1.80747 -0.254087
-1.76861 -0.268679
-1.71803 -0.283089
-1.65241 -0.290593
-1.56606 -0.300953
-1.3945 -0.298201
-1.14589 -0.282051
-0.845582 -0.257722
-0.5147 -0.228485
-0.241957 -0.207454
-0.00342107 -0.196419
0.275627 -0.184397
0.510449 -0.167831
0.709175 -0.154148
0.879959 -0.142567
1.02498 -0.127949
1.14425 -0.121769
1.24126 -0.116005
1.31691 -0.105723
1.37299 -0.0928964
1.40297 -0.0816536
1.4166 -0.0678402
1.4157 -0.0545981
1.40443 -0.0426543
1.3894 -0.025102
1.36402 -0.0150016
1.33581 0.00462785
1.29833 0.019324
1.25674 0.0291128
1.2119 0.0476517
1.16419 0.0627893
1.0974 0.0714615
1.03952 0.0811724
0.988039 0.089611
