0.654278 0.482982
0.688462 0.486732
0.71681 0.501787
0.740121 0.520017
0.757896 0.541121
0.786416 0.590063
0.821794 0.659917
0.854139 0.762591
0.874944 0.873833
0.882164 0.959865
0.866995 1.05383
0.829389 1.16417
0.773267 1.28204
0.700559 1.405
0.62853 1.48109
0.528214 1.53395
0.416918 1.57057
0.302635 1.59058
0.189476 1.58782
0.0798833 1.54837
-0.0208307 1.46229
-0.0970106 1.36101
-0.159614 1.16587
-0.198315 0.885056
-0.221293 0.626468
-0.228223 0.303665
-0.217561 -0.0597589
-0.187849 -0.439469
-0.154822 -0.746917
-0.119298 -1.00581
-0.0867543 -1.22832
-0.0604042 -1.41957
-0.0385916 -1.59136
-0.0170163 -1.80462
-0.00205413 -2.01092
0.00553323 -2.18402
0.00412009 -2.30526
-0.0117943 -2.36058
-0.0337118 -2.37325
-0.0618339 -2.35447
-0.0989703 -2.30411
-0.14323 -2.22456
-0.217213 -2.04423
-0.284823 -1.86108
-0.34738 -1.68872
-0.41104 -1.51715
-0.476624 -1.34273
-0.54511 -1.17551
-0.618444 -1.00953
-0.696823 -0.836999
-0.779647 -0.668741
-0.865779 -0.505683
-0.995062 -0.300938
-1.10982 -0.140316
-1.21561 -0.0135268
-1.31248 0.0844118
-1.40598 0.161602
-1.49324 0.215088
-1.57642 0.257433
-1.68251 0.281466
-1.77149 0.291265
-1.84656 0.285873
-1.90594 0.272816
-1.95286 0.246101
-1.98494 0.206465
-2.00028 0.153472
-1.99546 0.0879428
-1.96857 0.0186358
-1.91599 -0.0345763
-1.82957 -0.0719123
-1.70418 -0.0845036
-1.44274 -0.066821
-1.18341 -0.0483172
-0.92417 -0.0220671
-0.670261 0.00163749
-0.419776 0.0275866
-0.173745 0.0589006
0.0615317 0.0880523
0.28456 0.126593
0.488916 0.166775
0.666724 0.205945
0.85134 0.258364
0.987057 0.296083
1.08588 0.324003
1.15956 0.349815
1.21392 0.368346
1.25951 0.382908
1.28731 0.385646
1.30071 0.389916
1.30353 0.390983
1.29821 0.390627
1.28713 0.394432
1.26821 0.39654
1.24456 0.401658
1.21809 0.406038
1.19067 0.410363
1.16092 0.405518
1.1337 0.409542
1.10492 0.416932
1.0752 0.419095
1.04489 0.418137
1.01821 0.42602
0.99282 0.427416
0.969106 0.427443
0.953166 0.432589
0.940382 0.438064
0.929849 0.441129
