0.933601 0.50648
1.02362 0.552765
1.11817 0.65101
1.1779 0.753194
1.20996 0.860255
1.22296 0.977097
1.2141 1.08824
1.1825 1.18805
1.12666 1.26786
1.05741 1.34021
0.977164 1.40297
0.885204 1.44829
0.799893 1.49816
0.709739 1.52491
0.620235 1.54163
0.531208 1.54866
0.441405 1.5397
0.350748 1.5135
0.261994 1.46722
0.172217 1.40135
0.088249 1.31178
0.0149034 1.20543
-0.0483875 1.07322
-0.0971878 0.925605
-0.131918 0.768816
-0.150892 0.602797
-0.15697 0.430827
-0.150247 0.24971
-0.132186 0.0619539
-0.109179 -0.131175
-0.0789456 -0.331825
-0.0448699 -0.527791
-0.00900502 -0.722297
0.024005 -0.903055
0.0536318 -1.07166
0.0798102 -1.22906
0.0988625 -1.36962
0.101947 -1.49236
0.0914937 -1.60077
0.0653023 -1.68383
0.0292511 -1.74952
-0.0152951 -1.80186
-0.0883288 -1.83842
-0.155198 -1.85096
-0.218207 -1.84195
-0.277777 -1.8185
-0.336762 -1.77051
-0.424156 -1.64576
-0.507548 -1.51536
-0.591771 -1.38395
-0.685157 -1.24264
-0.839836 -1.04417
-1.03775 -0.826934
-1.25499 -0.619286
-1.478 -0.438803
-1.68915 -0.287744
-1.84779 -0.183493
-1.9722 -0.108997
-2.06866 -0.0536202
-2.13921 -0.015022
-2.1785 0.0121427
-2.1374 0.0239343
-2.04455 0.023218
-1.8994 0.0260557
-1.70993 0.0293066
-1.4791 0.0364422
-1.21716 0.0433849
-0.932013 0.0524214
-0.632713 0.0647089
-0.331919 0.0694476
-0.0403819 0.0723129
0.236842 0.0722853
0.484864 0.0691446
0.697241 0.0630008
0.871268 0.0582346
1.00456 0.0544326
1.10046 0.0578213
1.1678 0.0701088
1.20934 0.0827545
1.23359 0.104685
1.2522 0.133006
1.266 0.163835
1.27746 0.198136
1.28968 0.237726
1.2944 0.273459
1.29075 0.307235
