1.13754 0.615069
1.2006 0.684664
1.22082 0.79745
1.19477 0.95028
1.11106 1.12463
0.96819 1.28676
0.831476 1.40775
0.681613 1.53005
0.559874 1.62134
0.461716 1.67678
0.384678 1.70909
0.322995 1.71536
0.275347 1.70701
0.236404 1.6882
0.191834 1.62368
0.145478 1.50958
0.103373 1.32034
0.0811545 1.08108
0.0696448 0.816045
0.069962 0.537398
0.087265 0.241693
0.124689 -0.0790717
0.181587 -0.418333
0.23999 -0.739904
0.298263 -1.01284
0.340165 -1.20674
0.372877 -1.3585
0.399486 -1.48387
0.420269 -1.58912
0.429888 -1.7061
0.409133 -1.8175
0.360844 -1.9011
0.312481 -1.94434
0.247129 -1.94022
0.168631 -1.89263
0.0764798 -1.79627
-0.0336989 -1.66464
-0.131173 -1.54481
-0.263155 -1.38763
-0.432245 -1.21003
-0.622237 -1.0267
-0.823515 -0.849786
-0.986177 -0.711597
-1.15678 -0.569211
-1.29114 -0.455132
-1.40255 -0.364747
-1.49644 -0.292053
-1.60327 -0.221116
-1.71301 -0.15933
-1.81606 -0.11565
-1.90767 -0.0857334
-1.97865 -0.0676271
-2.01935 -0.0625271
-2.03241 -0.0601601
-2.01908 -0.0710922
-1.9812 -0.0833908
-1.92307 -0.0979589
-1.84332 -0.116797
-1.66711 -0.126021
-1.37367 -0.11792
-0.980233 -0.0882468
-0.524853 -0.0443231
-0.148045 -0.0124785
0.172494 0.0178777
0.502857 0.0504789
0.774926 0.0884241
0.959208 0.12593
1.07492 0.154676
1.13525 0.199868
1.14409 0.250405
1.13387 0.294109
1.11052 0.330663
1.08495 0.369023
1.05655 0.396378
1.02604 0.413703
0.992252 0.430272
0.957599 0.443498
0.909784 0.454821
0.864025 0.462288
0.805078 0.466827
0.751927 0.471512
0.705681 0.476466
0.665185 0.474831
0.62521 0.476978
