1.08666 0.210435
1.12141 0.224493
1.15616 0.241711
1.19111 0.267692
1.22229 0.288994
1.25348 0.319572
1.27425 0.34857
1.28463 0.371781
1.29163 0.400881
1.29096 0.446974
1.27853 0.503246
1.26582 0.555865
1.25052 0.605241
1.22567 0.669435
1.19091 0.744279
1.16028 0.811428
1.12747 0.868336
1.07994 0.936428
1.01934 1.0101
0.956234 1.09034
0.880675 1.16808
0.793553 1.23921
0.702031 1.30474
0.607058 1.36813
0.509277 1.41938
0.430553 1.46118
0.360976 1.49168
0.299808 1.51314
0.245849 1.52695
0.198965 1.53787
0.155974 1.54419
0.116771 1.55051
0.0611641 1.53621
0.000102997 1.50534
-0.0527586 1.46732
-0.0976939 1.42192
-0.134533 1.37983
-0.168095 1.33842
-0.208967 1.28176
-0.25025 1.20976
-0.285587 1.12897
-0.31177 1.05632
-0.332697 0.990422
-0.348581 0.925962
-0.360544 0.860784
-0.367484 0.798519
-0.371623 0.731535
-0.37213 0.6665
-0.369266 0.601239
-0.3577 0.519027
-0.345143 0.448534
-0.333533 0.380379
-0.319594 0.289179
-0.306668 0.20514
-0.293549 0.0934176
-0.282394 -0.0277249
-0.272904 -0.159313
-0.260497 -0.289732
-0.2492 -0.399977
-0.233494 -0.536388
-0.217432 -0.685933
-0.197289 -0.842764
-0.177495 -0.968524
-0.153229 -1.10063
-0.127537 -1.24024
-0.10722 -1.35594
-0.0906747 -1.45736
-0.0772068 -1.54899
-0.0662859 -1.62638
-0.0582487 -1.69979
-0.0528061 -1.77018
-0.0500808 -1.8297
-0.0511107 -1.90319
-0.0564266 -1.97023
-0.0615404 -2.01487
-0.0663017 -2.04317
-0.0706709 -2.05663
-0.0750163 -2.05649
-0.0802371 -2.04327
-0.0886228 -2.01729
-0.110009 -1.96075
-0.131003 -1.90247
-0.163679 -1.81084
-0.211181 -1.68715
-0.256275 -1.58318
-0.326803 -1.44696
-0.391679 -1.33538
-0.452276 -1.22901
-0.508853 -1.12706
-0.580111 -1.00364
-0.665691 -0.866446
-0.76535 -0.721909
-0.869833 -0.578705
-0.972189 -0.439031
-1.05422 -0.333075
-1.14703 -0.223035
-1.25291 -0.115088
-1.34264 -0.0321372
-1.44274 0.0504852
-1.54914 0.120035
-1.66041 0.176184
-1.75309 0.213226
-1.83342 0.23931
-1.90645 0.25698
-1.97332 0.264552
-2.03338 0.263813
-2.08409 0.257882
-2.12446 0.236047
-2.14297 0.207952
-2.14223 0.177128
-2.09174 0.12455
-1.96667 0.0716436
-1.74998 0.0302914
-1.5323 0.00229908
-1.30825 -0.0152679
-1.07464 -0.0241335
-0.731957 -0.0206858
-0.333224 -0.0161914
0.0612632 -0.0153705
0.411738 -0.0192697
0.706959 -0.0228201
0.919411 -0.0220402
1.0742 -0.0182231
1.20322 -0.0135646
1.29598 -0.00710008
1.37219 -0.00359079
1.42444 0.000739394
1.4573 0.00642404
1.47894 0.0126423
1.49013 0.0212
1.49812 0.0348473
1.49568 0.0438976
1.49084 0.057237
1.48772 0.0734085
1.48345 0.0898673
1.47532 0.0982198
1.46973 0.110205
1.46162 0.120384
