1.05653 0.738396
1.05042 0.751756
1.04007 0.769169
1.02332 0.794787
0.990734 0.821893
0.948235 0.856538
0.887964 0.894979
0.804739 0.935907
0.681336 0.973296
0.568365 0.994965
0.429927 1.01548
0.268182 1.0134
0.0749525 0.999889
-0.147297 0.969398
-0.393527 0.914237
-0.64958 0.851948
-0.909806 0.763424
-1.16401 0.658027
-1.4113 0.544039
-1.62734 0.420075
-1.80526 0.289188
-1.94405 0.147043
-2.03163 -0.0122586
-2.04873 -0.169329
-2.00155 -0.312295
-1.89204 -0.430104
-1.72112 -0.49506
-1.48342 -0.506395
-1.192 -0.465698
-0.93195 -0.406665
-0.596064 -0.296036
-0.302447 -0.183125
-0.0468559 -0.0749841
0.161276 0.0315928
0.321765 0.126938
0.437942 0.220487
0.530535 0.30978
0.621851 0.430231
0.68421 0.517318
0.707901 0.622638
0.697589 0.718393
0.67521 0.782632
0.648023 0.82992
0.602333 0.870412
0.55435 0.907878
0.509519 0.919982
0.471093 0.934009
0.447814 0.934855
0.437657 0.910596
0.450198 0.858436
0.489909 0.772349
0.548824 0.641512
0.626153 0.459542
0.723498 0.210127
0.811241 -0.0801129
0.889258 -0.381688
0.967219 -0.675082
1.04228 -0.942986
1.08917 -1.14063
1.12303 -1.34883
1.12363 -1.55006
1.06154 -1.74116
0.915552 -1.90631
0.681352 -2.03291
0.351277 -2.10713
-0.0543077 -2.12903
-0.473162 -2.09536
-0.845629 -2.01029
-1.14271 -1.88815
-1.36342 -1.74067
-1.49668 -1.57763
-1.55209 -1.42751
