1.33265 0.894392
1.36176 0.936434
1.39207 0.99539
1.40116 1.06095
1.37857 1.13765
1.29475 1.20876
1.13548 1.26472
0.925688 1.30341
0.682442 1.31667
0.393623 1.30433
0.053753 1.24276
-0.327916 1.13274
-0.630128 1.02138
-0.945419 0.864584
-1.25375 0.681199
-1.51426 0.463985
-1.71086 0.242377
-1.81623 0.0291257
-1.86515 -0.131344
-1.87292 -0.249772
-1.84624 -0.335492
-1.79125 -0.399415
-1.70773 -0.442433
-1.59542 -0.471667
-1.45666 -0.47764
-1.29913 -0.470662
-1.11874 -0.446454
-0.925561 -0.412625
-0.727962 -0.370239
-0.469334 -0.293393
-0.207694 -0.183551
0.034918 -0.0461123
0.237574 0.121852
0.390903 0.296709
0.503705 0.451924
0.593326 0.595364
0.643327 0.723412
0.666897 0.836815
0.675449 0.929513
0.673146 0.990307
0.665668 1.01437
0.653241 0.997601
0.636882 0.963284
0.626464 0.911766
0.6387 0.851691
0.672891 0.783344
0.706708 0.724504
0.741428 0.662734
0.770205 0.559928
0.805307 0.432884
0.855451 0.289961
0.90877 0.122714
0.945127 -0.0716416
0.942928 -0.283026
0.926219 -0.525568
0.885007 -0.799843
0.827242 -1.0514
0.755926 -1.26844
0.658868 -1.44945
0.528032 -1.59415
0.361129 -1.70488
0.159974 -1.78894
-0.0694238 -1.83554
-0.317145 -1.85685
-0.556736 -1.85539
-0.756386 -1.81829
-0.897588 -1.75623
-0.97673 -1.66603
-0.990902 -1.55383
-0.946344 -1.43414
-0.849749 -1.31709
