0.867433 0.811224
0.873605 0.815794
0.883505 0.817827
0.904432 0.821434
0.940259 0.833523
0.977069 0.86319
0.994273 0.901185
0.972735 0.949521
0.8968 1.00004
0.748044 1.04409
0.589242 1.07562
0.34003 1.0836
0.104195 1.0834
-0.112786 1.07448
-0.32391 1.05393
-0.529943 1.02805
-0.726719 0.990774
-0.918313 0.945499
-1.16228 0.859954
-1.41701 0.735561
-1.64664 0.583251
-1.84236 0.414895
-1.99301 0.251523
-2.07888 0.108788
-2.11872 -0.0157798
-2.11078 -0.121459
-2.03959 -0.209102
-1.916 -0.275562
-1.73771 -0.316574
-1.52327 -0.331243
-1.29203 -0.322127
-1.0567 -0.289706
-0.817154 -0.238878
-0.58141 -0.159586
-0.370684 -0.0589565
-0.185217 0.0465915
-0.0208125 0.145537
0.105926 0.243346
0.20074 0.343779
0.272707 0.448802
0.324481 0.542654
0.36088 0.6268
0.393721 0.701173
0.423408 0.772048
0.44611 0.83842
0.458415 0.900945
0.464289 0.949674
0.46979 0.993179
0.479609 1.02335
0.4883 1.04523
0.492022 1.05378
0.495387 1.04895
0.501021 1.02215
0.519543 0.973394
0.547553 0.896769
0.575792 0.78604
0.606619 0.629882
0.640359 0.446047
0.680817 0.248855
0.72115 0.0491274
0.761614 -0.154754
0.798925 -0.317186
0.849588 -0.495228
0.903272 -0.663344
0.950112 -0.795191
0.994303 -0.907451
1.05049 -1.03818
1.10043 -1.16804
1.13614 -1.29539
1.15732 -1.42205
1.15353 -1.53228
1.12255 -1.63107
1.06038 -1.71756
0.966389 -1.79372
0.840202 -1.85904
0.675088 -1.90257
0.46251 -1.93176
0.184684 -1.93235
-0.153721 -1.89614
-0.510757 -1.82651
-0.843801 -1.72637
-1.12982 -1.60331
-1.3366 -1.45941
-1.45682 -1.30942
-1.49944 -1.16957
-1.47491 -1.03681
