1.33305 0.959219
1.35963 0.984429
1.38177 1.01668
1.39656 1.05833
1.40462 1.09604
1.39722 1.13274
1.37062 1.16
1.31966 1.18809
1.24268 1.20681
1.13893 1.22495
1.01218 1.23079
0.858507 1.23948
0.681573 1.2371
0.493268 1.22082
0.304047 1.20352
0.118706 1.17867
-0.0645743 1.14642
-0.239673 1.09552
-0.424771 1.0438
-0.612895 0.981168
-0.804011 0.918958
-0.987222 0.846376
-1.16283 0.767462
-1.3228 0.676403
-1.46187 0.574452
-1.58258 0.468603
-1.6648 0.361147
-1.73026 0.257425
-1.77213 0.160105
-1.78629 0.0723538
-1.77666 0.000503924
-1.73671 -0.0666205
-1.67696 -0.128665
-1.59162 -0.175541
-1.48431 -0.214006
-1.35398 -0.241792
-1.20301 -0.268608
-1.03777 -0.285998
-0.866524 -0.296252
-0.690017 -0.299371
-0.522595 -0.288408
-0.366144 -0.26341
-0.228957 -0.234609
-0.106789 -0.190852
-0.0002839 -0.136935
0.0941669 -0.0739686
0.177521 -0.00209505
0.252964 0.0753781
0.323146 0.145905
0.386222 0.219054
0.440998 0.288305
0.487335 0.354272
0.524034 0.419506
0.5543 0.479023
0.579198 0.546053
0.60113 0.604435
0.620608 0.669882
0.638358 0.727863
0.653288 0.780551
0.665863 0.825513
0.67503 0.868278
0.681619 0.909531
0.6871 0.950784
0.692674 0.983082
0.696416 1.00754
0.699143 1.02712
0.699185 1.04633
0.693933 1.05118
0.681542 1.04636
0.665003 1.04614
0.651711 1.04291
0.641754 1.02757
0.633661 1.01607
0.628367 0.999172
0.624971 0.982373
0.623846 0.960826
0.624967 0.927937
0.625204 0.890252
0.62766 0.849991
0.634808 0.802548
0.643692 0.747237
0.652454 0.679569
0.660057 0.5973
0.66236 0.502815
0.661137 0.397935
0.660238 0.284879
0.66651 0.171847
0.679454 0.0518455
0.699177 -0.0704245
0.719815 -0.188607
0.746958 -0.304781
0.779033 -0.418687
0.811165 -0.530372
0.837864 -0.635418
0.85997 -0.735455
0.876809 -0.825285
0.879756 -0.89619
0.875348 -0.972387
0.862143 -1.05312
0.832487 -1.11769
0.794831 -1.1898
0.748369 -1.25386
0.697062 -1.32289
0.638429 -1.38109
0.567065 -1.43449
0.48446 -1.49251
0.391031 -1.55153
0.28708 -1.6042
0.174363 -1.65157
0.0523754 -1.70048
-0.0731796 -1.74421
-0.198408 -1.77481
-0.325601 -1.80054
-0.457249 -1.82601
-0.595601 -1.83945
-0.744141 -1.83702
-0.908011 -1.82724
-1.07355 -1.7891
-1.25302 -1.74761
-1.41725 -1.68184
-1.566 -1.60599
-1.68868 -1.52566
-1.77921 -1.44278
-1.8449 -1.36197
-1.87664 -1.27786
-1.88058 -1.1959
-1.86337 -1.12138
-1.8336 -1.04799
-1.79682 -0.979664
-1.7544 -0.92062
-1.71301 -0.867885
