1.21152 0.956739
1.21021 0.974091
1.20021 0.993016
1.18795 1.01493
1.16127 1.0327
1.13078 1.05542
1.09215 1.08264
1.03469 1.10182
0.957339 1.12016
0.864089 1.13562
0.746774 1.138
0.621425 1.14255
0.491175 1.14764
0.351264 1.15209
0.192624 1.14424
0.0229884 1.1319
-0.160558 1.10808
-0.341987 1.08473
-0.520288 1.06073
-0.699361 1.02007
-0.867127 0.978438
-1.0283 0.922962
-1.18203 0.855288
-1.32618 0.779863
-1.45801 0.699698
-1.57425 0.614653
-1.67407 0.532776
-1.75755 0.455955
-1.82064 0.391409
-1.8654 0.336011
-1.89747 0.279334
-1.91154 0.224763
-1.9084 0.169935
-1.88786 0.111095
-1.84554 0.0554608
-1.78963 -0.00101912
-1.72304 -0.0581876
-1.64548 -0.104182
-1.56054 -0.14516
-1.46366 -0.171698
-1.36187 -0.195738
-1.24631 -0.205456
-1.12172 -0.207207
-0.990868 -0.198453
-0.856483 -0.18358
-0.722085 -0.164793
-0.583508 -0.133356
-0.451018 -0.0953294
-0.322709 -0.0479185
-0.199963 0.00208914
-0.0770329 0.0581363
0.0465674 0.114164
0.162485 0.168952
0.265186 0.225353
0.353664 0.282758
0.427489 0.339277
0.483269 0.391409
0.526049 0.448873
0.564452 0.507005
0.58911 0.566101
0.596863 0.618627
0.605427 0.66889
0.615873 0.719272
0.612153 0.754112
0.615688 0.789601
0.618502 0.825307
0.623767 0.864042
0.622204 0.894535
0.61558 0.918771
0.616862 0.947395
0.618285 0.972694
0.628687 1.00506
0.630474 1.02195
0.621004 1.0264
0.628885 1.03952
0.634271 1.05034
0.631195 1.04733
0.629861 1.04387
0.636842 1.04261
0.640588 1.02941
0.646191 1.0086
0.651813 0.97954
0.662195 0.944129
0.67924 0.912043
0.700375 0.877931
0.721293 0.829576
0.737355 0.758007
0.750507 0.676819
0.765082 0.578692
0.780059 0.466342
0.791041 0.3439
0.795744 0.214809
0.806018 0.0961633
0.818188 -0.0215376
0.829948 -0.129225
0.857624 -0.231286
0.888114 -0.334685
0.916652 -0.436825
0.944928 -0.53387
0.981467 -0.622692
1.00661 -0.712202
1.02313 -0.791699
1.03994 -0.865962
1.0452 -0.930508
1.0525 -0.994267
1.04425 -1.05395
1.03538 -1.11148
1.01663 -1.17679
0.991633 -1.23825
0.955029 -1.29335
0.90865 -1.35298
0.858652 -1.40452
0.801928 -1.46306
0.745536 -1.52102
0.674409 -1.5713
0.598656 -1.6148
0.513261 -1.66026
0.417043 -1.70724
0.310519 -1.75121
0.184922 -1.79193
0.0471226 -1.82077
-0.117708 -1.83633
-0.300444 -1.84688
-0.500787 -1.84745
-0.712424 -1.83743
-0.928503 -1.80785
-1.128 -1.77167
-1.29403 -1.72988
-1.42016 -1.68005
-1.50279 -1.62727
-1.5439 -1.57038
-1.54977 -1.51474
-1.5294 -1.45968
-1.49346 -1.4032
-1.44563 -1.34582
-1.39289 -1.29693
-1.34014 -1.24812
-1.29004 -1.20179
