1.55241 1.01499
1.54871 1.03162
1.53354 1.04526
1.50607 1.07456
1.46506 1.09546
1.41091 1.10907
1.34265 1.12964
1.26196 1.14708
1.16381 1.17065
1.05156 1.18954
0.923975 1.20632
0.786436 1.2118
0.626995 1.21723
0.45101 1.21942
0.258969 1.20905
0.0483619 1.19366
-0.17218 1.17575
-0.378167 1.14601
-0.583403 1.11224
-0.781445 1.06818
-0.971531 1.01778
-1.14717 0.955899
-1.31217 0.887231
-1.4511 0.798402
-1.58163 0.70299
-1.69686 0.604317
-1.79713 0.506148
-1.874 0.403472
-1.90896 0.318823
-1.91742 0.24891
-1.90125 0.182376
-1.84348 0.13215
-1.7701 0.0924795
-1.69085 0.0522453
-1.57592 0.0255905
-1.45401 0.00714856
-1.31244 -0.000471331
-1.17357 -0.00379206
-1.0259 -0.00100502
-0.87793 0.00874963
-0.728092 0.0233075
-0.582066 0.0460189
-0.434272 0.0710726
-0.292413 0.1009
-0.157836 0.13559
-0.0281873 0.170754
0.0976597 0.207282
0.212533 0.250125
0.308919 0.29878
0.386893 0.342127
0.442766 0.384141
0.476272 0.429801
0.49297 0.474038
0.497192 0.511336
0.498717 0.546263
0.497324 0.586053
0.497324 0.626169
0.495998 0.663794
0.494517 0.699165
0.492506 0.732728
0.488517 0.765817
0.487345 0.791138
0.483478 0.817674
0.474725 0.842668
0.466083 0.861199
0.451773 0.8848
0.438655 0.905644
0.431815 0.913857
0.430323 0.915161
0.43828 0.909172
0.455519 0.890997
0.476449 0.869827
0.501579 0.846286
0.528885 0.819809
0.561496 0.787372
0.596417 0.749629
0.63252 0.702545
0.671065 0.642861
0.709434 0.575172
0.745869 0.498558
0.780402 0.402553
0.810339 0.298365
0.832706 0.182614
0.856764 0.0506146
0.878932 -0.0876998
0.899774 -0.231885
0.912593 -0.363736
0.928119 -0.495112
0.951591 -0.620796
0.980843 -0.731388
1.01312 -0.844056
1.03978 -0.949459
1.05387 -1.05608
1.05398 -1.14547
1.04801 -1.23644
1.03346 -1.30872
1.0117 -1.37869
0.978356 -1.44632
0.929489 -1.49409
0.868599 -1.54372
0.7911 -1.59175
0.698847 -1.62665
0.593809 -1.66831
0.470338 -1.7148
0.335253 -1.74688
0.185702 -1.77078
0.0246357 -1.79381
-0.145503 -1.81335
-0.329201 -1.81742
-0.509374 -1.81187
-0.675324 -1.78596
-0.819759 -1.75471
-0.942224 -1.71462
-1.05007 -1.66182
-1.14987 -1.59724
-1.23551 -1.53082
-1.30921 -1.4626
-1.37772 -1.39245
-1.43589 -1.32283
-1.47676 -1.25159
-1.49393 -1.18339
-1.49302 -1.11653
-1.46294 -1.05483
-1.40264 -0.994853
-1.31907 -0.93757
-1.20685 -0.879635
