1.28841 0.938643
1.28917 0.942491
1.28827 0.94424
1.28852 0.955849
1.28202 0.962623
1.2713 0.975409
1.25813 0.986763
1.23455 0.996241
1.20111 1.00206
1.17033 1.01949
1.12862 1.03514
1.07562 1.06182
1.00821 1.08943
0.922658 1.10886
0.80976 1.12804
0.678677 1.14111
0.542778 1.15781
0.400701 1.16592
0.253655 1.1558
0.0996269 1.14547
-0.0562083 1.13398
-0.207956 1.11935
-0.361741 1.11118
-0.515089 1.09359
-0.667487 1.0636
-0.816034 1.0379
-0.95966 1.00849
-1.09365 0.97913
-1.21595 0.939756
-1.33237 0.89841
-1.43787 0.856111
-1.53098 0.808977
-1.62012 0.760571
-1.70172 0.712482
-1.76781 0.664267
-1.83402 0.614175
-1.89587 0.560299
-1.94751 0.495482
-1.98569 0.427707
-2.00779 0.360091
-2.01685 0.290662
-2.0084 0.223777
-1.98698 0.160391
-1.95321 0.104416
-1.91041 0.0582996
-1.85637 0.0111974
-1.79135 -0.0360002
-1.71767 -0.0753104
-1.63582 -0.11074
-1.54019 -0.143117
-1.43573 -0.169228
-1.32454 -0.192795
-1.20629 -0.201033
-1.07678 -0.214263
-0.938486 -0.215885
-0.793086 -0.210447
-0.646094 -0.202973
-0.510902 -0.191173
-0.400525 -0.176957
-0.30938 -0.156793
-0.222182 -0.130364
-0.139169 -0.0948382
-0.0638984 -0.0517434
0.00128221 -0.00206502
0.0605432 0.0480586
0.108301 0.0944929
0.147979 0.137111
0.178425 0.181541
0.202876 0.22823
0.226534 0.271325
0.250043 0.312575
0.275703 0.357674
0.300123 0.399401
0.316558 0.437089
0.330742 0.472551
0.344182 0.507599
0.359379 0.543951
0.371881 0.577664
0.380917 0.61144
0.386317 0.644771
0.396194 0.67966
0.390755 0.70803
0.387286 0.734014
0.388042 0.763401
0.38682 0.783915
0.38741 0.801853
0.387173 0.822112
0.399496 0.84975
0.404933 0.872076
0.417516 0.903849
0.417464 0.923345
0.429118 0.944145
0.428026 0.96485
0.430195 0.972324
0.430628 0.974963
0.432745 0.973914
0.435427 0.974041
0.439381 0.964468
0.442473 0.946053
0.449215 0.927734
0.465317 0.908492
0.486604 0.882508
0.522877 0.858178
0.553477 0.828982
0.580631 0.790785
0.602811 0.747817
0.628007 0.699952
0.657043 0.637583
0.690244 0.577378
0.724855 0.508998
0.762017 0.442305
0.805497 0.377265
0.838893 0.310094
0.884444 0.236117
0.927434 0.166148
0.966243 0.0918531
1.00846 0.0199118
1.03691 -0.0531427
1.06064 -0.133353
1.07892 -0.214836
1.09193 -0.296573
1.10502 -0.376942
1.12119 -0.458425
1.1395 -0.537904
1.15688 -0.616143
1.17408 -0.693459
1.18753 -0.775768
1.19261 -0.86393
1.19607 -0.948466
1.1844 -1.02635
1.1717 -1.11219
1.15607 -1.2008
1.14117 -1.28922
1.12571 -1.36847
1.10899 -1.43898
1.08609 -1.51264
1.05059 -1.58357
0.99898 -1.65042
0.930516 -1.70967
0.846091 -1.76797
0.748209 -1.82474
0.641025 -1.87928
0.525395 -1.91961
0.405494 -1.96124
0.28325 -2.00033
0.146234 -2.02342
-0.0124424 -2.03439
-0.191959 -2.03357
-0.385039 -2.02377
-0.576727 -2.00596
-0.751454 -1.98745
-0.904421 -1.96331
-1.03747 -1.92689
-1.1506 -1.88183
-1.24338 -1.82639
-1.31578 -1.76167
-1.36566 -1.6911
-1.39701 -1.6127
-1.4072 -1.53611
-1.38883 -1.45202
-1.33547 -1.36396
-1.24779 -1.27637
-1.12569 -1.18658
-0.970163 -1.09553
-0.787721 -1.00756
-0.589299 -0.925726
-0.386968 -0.855343
-0.192132 -0.794247
-0.00722953 -0.745777
