1.77744 0.913221
1.76807 0.92814
1.75194 0.945546
1.72518 0.96061
1.69731 0.987285
1.6567 1.01104
1.60832 1.02895
1.54549 1.04052
1.47713 1.0563
1.39085 1.06376
1.29116 1.07487
1.17116 1.07902
1.04914 1.07999
0.922926 1.08286
0.791401 1.06864
0.657997 1.05372
0.52519 1.03451
0.390877 1.01746
0.255903 1.00476
0.121013 0.988299
-0.0163745 0.965317
-0.152333 0.937531
-0.284523 0.912497
-0.410134 0.879907
-0.529001 0.843309
-0.641542 0.814654
-0.744407 0.783246
-0.845115 0.751042
-0.942588 0.71331
-1.03584 0.675795
-1.12185 0.637942
-1.20117 0.603397
-1.2674 0.556515
-1.31805 0.50227
-1.36127 0.450778
-1.38789 0.393781
-1.39961 0.334901
-1.40254 0.278122
-1.39488 0.222043
-1.37557 0.170502
-1.34038 0.125286
-1.28694 0.0838599
-1.21862 0.0519215
-1.13749 0.0349504
-1.04862 0.0208522
-0.951474 0.013634
-0.841347 0.0139478
-0.712249 0.0271529
-0.562409 0.0536597
-0.408425 0.0812286
-0.259037 0.121544
-0.121579 0.163018
0.00405489 0.208982
0.119222 0.257481
0.230094 0.312136
0.331381 0.370316
0.421927 0.427965
0.507555 0.490055
0.57694 0.554149
0.631071 0.614405
0.674478 0.670339
0.710873 0.719152
0.736477 0.760578
0.759211 0.799059
0.761524 0.829669
0.757217 0.85072
0.758275 0.87602
0.749675 0.890577
0.733485 0.893884
0.717906 0.890746
0.704999 0.886087
0.689969 0.870975
0.682 0.854897
0.674831 0.833846
0.674017 0.804152
0.670076 0.768762
0.677849 0.717921
0.691848 0.658631
0.713667 0.587077
0.737596 0.500943
0.759306 0.401579
0.777531 0.296976
0.793334 0.183127
0.810378 0.0674683
0.819568 -0.0349858
0.832903 -0.136571
0.841855 -0.240473
0.850544 -0.349518
0.842812 -0.456728
0.835778 -0.571856
0.813695 -0.685704
0.781207 -0.798466
0.750801 -0.914681
0.718354 -1.02476
0.679083 -1.12985
0.630087 -1.23119
0.572613 -1.32271
0.509278 -1.40933
0.439534 -1.48844
0.35784 -1.56303
0.265278 -1.63403
0.160078 -1.70141
0.0348872 -1.75691
-0.108752 -1.80961
-0.270252 -1.85458
-0.451165 -1.88213
-0.640782 -1.90337
-0.831629 -1.90424
-1.01118 -1.89094
-1.17267 -1.86414
-1.30745 -1.82692
-1.40918 -1.77929
-1.47642 -1.72318
-1.51853 -1.66551
-1.54349 -1.60953
-1.55769 -1.55398
-1.56283 -1.49889
-1.55973 -1.44037
-1.55065 -1.3925
-1.53962 -1.34507
-1.524 -1.30371
-1.50231 -1.26023
-1.47263 -1.21659
-1.4329 -1.17644
-1.38563 -1.13422
