0.756549 0.913452
0.748908 0.924631
0.744591 0.92842
0.736075 0.938706
0.728382 0.945716
0.705613 0.962308
0.673959 0.972702
0.626224 0.987859
0.561302 1.00524
0.479411 1.02069
0.37621 1.03509
0.269698 1.03019
0.141376 1.03173
-0.00660411 1.03279
-0.154338 1.01211
-0.310522 0.985152
-0.473448 0.957652
-0.636911 0.927662
-0.790322 0.895804
-0.922864 0.855772
-1.02702 0.794547
-1.12851 0.738573
-1.22424 0.689717
-1.29476 0.625162
-1.347 0.555329
-1.35153 0.466766
-1.34278 0.376552
-1.33014 0.289153
-1.29482 0.204271
-1.25587 0.148973
-1.19793 0.10277
-1.11788 0.0693695
-1.00343 0.0524798
-0.873995 0.0496107
-0.734843 0.0666087
-0.563803 0.0766505
-0.395939 0.101687
-0.230382 0.122556
-0.0801532 0.150841
0.064171 0.188491
0.201061 0.243708
0.336085 0.302389
0.460162 0.364616
0.578626 0.426978
0.687764 0.491587
0.792559 0.549727
0.889032 0.603942
0.980197 0.64844
1.0503 0.70547
1.10516 0.751429
1.14728 0.78529
1.16971 0.820234
1.18182 0.858614
1.18736 0.888821
1.18801 0.920192
1.18373 0.941466
1.17716 0.955352
1.16457 0.956164
1.14404 0.958546
1.11974 0.954864
1.0915 0.95121
1.06861 0.941845
1.05704 0.917296
1.0429 0.898538
1.02893 0.880999
1.02102 0.848816
1.01295 0.810625
1.00267 0.771675
0.983205 0.737706
0.968829 0.683031
0.951783 0.622293
0.929676 0.547155
0.895468 0.462544
0.853547 0.363695
0.807926 0.247578
0.764158 0.114923
0.731726 -0.0411989
0.69884 -0.188281
0.683719 -0.352983
0.67834 -0.519769
0.685515 -0.686854
0.702308 -0.859297
0.714123 -1.01526
0.721777 -1.15703
0.723806 -1.28571
0.715082 -1.39373
0.6942 -1.49678
0.659479 -1.5855
0.602983 -1.65122
0.518156 -1.7171
0.409375 -1.77408
0.276458 -1.82629
0.122191 -1.87198
-0.0497108 -1.90492
-0.240745 -1.92441
-0.44237 -1.93518
-0.659207 -1.93099
-0.881902 -1.9069
-1.11562 -1.86418
-1.32068 -1.81822
-1.50734 -1.75489
-1.66522 -1.67997
-1.76763 -1.59579
-1.83121 -1.50655
-1.86854 -1.40702
-1.87924 -1.30864
-1.86906 -1.19945
-1.82816 -1.09494
-1.76439 -1.00232
-1.69458 -0.910345
-1.59192 -0.831608
-1.48006 -0.759231
-1.36586 -0.688721
-1.22807 -0.627361
-1.08548 -0.567137
-0.948076 -0.519715
