-0.739892 1.81787
-0.719767 1.84056
-0.7002 1.86
-0.686542 1.8853
-0.669971 1.90884
-0.6495 1.92836
-0.632729 1.94421
-0.622352 1.95404
-0.616138 1.94946
-0.622226 1.94637
-0.630932 1.93105
-0.645462 1.9057
-0.659562 1.85966
-0.68651 1.80751
-0.72453 1.74552
-0.763885 1.6549
-0.80507 1.54188
-0.843952 1.40459
-0.87661 1.24361
-0.896093 1.06032
-0.899709 0.860507
-0.895777 0.650445
-0.887997 0.440277
-0.879101 0.232026
-0.866232 0.0360522
-0.849598 -0.147086
-0.828002 -0.316349
-0.803819 -0.466546
-0.777796 -0.598154
-0.754948 -0.695701
-0.738809 -0.773968
-0.728799 -0.837163
-0.720587 -0.887761
-0.713006 -0.931248
-0.707791 -0.968691
-0.705142 -0.99865
-0.70777 -1.01884
-0.71532 -1.02794
-0.72575 -1.02605
-0.741101 -1.01173
-0.763696 -0.98672
-0.799087 -0.948185
-0.843416 -0.898173
-0.885673 -0.847149
-0.912264 -0.79253
-0.921306 -0.73626
-0.918246 -0.681907
-0.913042 -0.627927
-0.905808 -0.572935
-0.899331 -0.513495
-0.884506 -0.447878
-0.862657 -0.380662
-0.834016 -0.304392
-0.793662 -0.223888
-0.74006 -0.142718
-0.67178 -0.0653568
-0.592375 0.00188528
-0.513444 0.0652659
-0.44263 0.121936
-0.377221 0.171122
-0.312189 0.213571
-0.243184 0.250961
-0.171802 0.287311
-0.0944691 0.315327
-0.0134667 0.333249
0.0708372 0.341717
0.163858 0.339081
0.258834 0.329254
0.358846 0.311758
0.458217 0.28843
0.556915 0.263876
0.654551 0.232719
0.754448 0.193945
0.849235 0.145717
0.945346 0.0835611
1.03404 0.0108864
1.11487 -0.0692715
1.18761 -0.149962
1.25979 -0.231158
1.32897 -0.312168
1.385 -0.386121
1.43946 -0.467238
1.48312 -0.551923
1.51599 -0.639458
1.53952 -0.726246
1.55982 -0.807976
1.58116 -0.881875
1.60144 -0.944217
1.6107 -0.9868
1.62072 -1.02206
1.63412 -1.04943
1.64938 -1.0701
1.66576 -1.08618
1.67711 -1.09575
1.68287 -1.09867
1.67879 -1.09444
1.67562 -1.091
1.65293 -1.06887
1.6383 -1.04906
1.62451 -1.02017
1.61597 -0.985042
1.61963 -0.949384
