-0.770936 2.56839
-0.769145 2.557
-0.766584 2.54733
-0.765658 2.53893
-0.768498 2.52327
-0.774347 2.50507
-0.783132 2.4704
-0.794687 2.43181
-0.79658 2.36645
-0.805556 2.29524
-0.808096 2.21274
-0.80164 2.10563
-0.787708 1.98839
-0.779829 1.87349
-0.770575 1.75169
-0.756867 1.61997
-0.747538 1.48184
-0.745699 1.34381
-0.747749 1.19017
-0.754817 1.03228
-0.765474 0.87837
-0.775008 0.715859
-0.784636 0.550955
-0.802137 0.393716
-0.82465 0.248798
-0.850553 0.104527
-0.88151 -0.0288453
-0.910063 -0.155846
-0.93327 -0.273307
-0.952459 -0.377832
-0.963 -0.477925
-0.971063 -0.566959
-0.97634 -0.64878
-0.984512 -0.716695
-0.994631 -0.766403
-1.00571 -0.812003
-1.01577 -0.851717
-1.02307 -0.89363
-1.03176 -0.927749
-1.04369 -0.942949
-1.05254 -0.960252
-1.06452 -0.972024
-1.07153 -0.983052
-1.08461 -0.981047
-1.09378 -0.975322
-1.10092 -0.96313
-1.10267 -0.950161
-1.10478 -0.933053
-1.10498 -0.908636
-1.10085 -0.869407
-1.09284 -0.835385
-1.07771 -0.800393
-1.0615 -0.755051
-1.04332 -0.702239
-1.02247 -0.646775
-0.997123 -0.595289
-0.970035 -0.542639
-0.940304 -0.494257
-0.908857 -0.445003
-0.876709 -0.392902
-0.845548 -0.336565
-0.812052 -0.280422
-0.774334 -0.228257
-0.729976 -0.179649
-0.686067 -0.130103
-0.636711 -0.0849237
-0.583699 -0.0368334
-0.527982 0.0104484
-0.466349 0.0450851
-0.403387 0.0800775
-0.33382 0.110251
-0.266119 0.14589
-0.195878 0.174835
-0.125317 0.203877
-0.0537548 0.231011
0.0214164 0.248345
0.0935642 0.267264
0.166202 0.284049
0.241775 0.29194
0.316122 0.301642
0.39241 0.308628
0.468331 0.311765
0.544666 0.309275
0.61772 0.306396
0.688077 0.299928
0.755996 0.288738
0.823029 0.266715
0.887707 0.240907
0.9496 0.211186
1.0015 0.187739
1.05213 0.154364
1.09247 0.122411
1.12805 0.0844111
1.16158 0.0389404
1.18756 -0.00520437
1.20895 -0.0513543
1.22491 -0.0971807
1.23621 -0.144754
1.24469 -0.198504
1.25206 -0.251995
1.25752 -0.299374
1.2632 -0.350083
1.26584 -0.39633
1.26865 -0.445779
1.26952 -0.492285
1.27024 -0.535686
1.27293 -0.57844
1.27752 -0.620773
1.2832 -0.654537
1.29032 -0.690888
1.29515 -0.721126
1.30104 -0.751267
1.30725 -0.77714
1.3124 -0.799907
1.31769 -0.821737
1.32455 -0.845055
1.33078 -0.858638
1.33681 -0.869084
1.34336 -0.877654
1.34812 -0.880403
1.35321 -0.880274
1.35959 -0.882311
1.36614 -0.883766
1.3717 -0.883799
1.37871 -0.881535
1.38418 -0.875714
1.38908 -0.870798
1.39338 -0.861775
1.39768 -0.85314
1.40098 -0.843761
1.40475 -0.837455
1.40582 -0.829337
