-1.88498 2.35931
-1.8852 2.35901
-1.88091 2.35045
-1.86986 2.32955
-1.86437 2.31878
-1.85661 2.30187
-1.85151 2.29488
-1.84371 2.28178
-1.83667 2.26056
-1.82564 2.23113
-1.8094 2.18833
-1.78921 2.13508
-1.76427 2.07374
-1.73452 2.01204
-1.70182 1.94899
-1.66459 1.87282
-1.62448 1.79532
-1.5809 1.70622
-1.53103 1.60853
-1.47744 1.509
-1.41535 1.39902
-1.34383 1.28135
-1.27028 1.16897
-1.19365 1.04898
-1.11704 0.93403
-1.04147 0.82146
-0.970741 0.716424
-0.899187 0.606258
-0.828052 0.494445
-0.758257 0.383334
-0.691985 0.273518
-0.634928 0.182199
-0.581152 0.0843727
-0.530977 -0.0113748
-0.48801 -0.0958625
-0.449064 -0.178055
-0.412862 -0.260653
-0.380096 -0.340361
-0.351742 -0.413562
-0.326453 -0.485279
-0.30445 -0.554564
-0.284322 -0.61791
-0.265554 -0.677799
-0.248095 -0.734098
-0.231336 -0.788101
-0.216286 -0.836514
-0.202886 -0.882741
-0.192232 -0.921353
-0.182455 -0.958588
-0.176001 -0.990315
-0.170054 -1.01942
-0.165038 -1.04156
-0.161424 -1.05517
-0.157919 -1.06503
-0.156817 -1.07005
-0.157586 -1.06908
-0.16058 -1.06206
-0.165687 -1.04861
-0.17121 -1.03114
-0.176949 -1.00733
-0.183245 -0.976949
-0.190273 -0.939849
-0.197098 -0.903019
-0.201847 -0.865379
-0.209761 -0.8171
-0.217068 -0.764366
-0.223106 -0.714927
-0.229236 -0.659546
-0.235353 -0.60044
-0.239346 -0.543656
-0.239549 -0.485063
-0.237337 -0.423634
-0.232974 -0.363016
-0.228009 -0.306528
-0.223131 -0.24888
-0.215117 -0.197766
-0.205914 -0.142899
-0.192419 -0.0911373
-0.17781 -0.0389433
-0.158626 0.00482616
-0.138003 0.0477586
-0.115396 0.089773
-0.0912009 0.131679
-0.0665441 0.168266
-0.0398994 0.205366
-0.00896302 0.234312
0.0237325 0.261044
0.0571392 0.286155
0.0929413 0.305326
0.131879 0.326819
0.171848 0.341913
0.213323 0.347854
0.256248 0.352498
0.298958 0.357466
0.343144 0.355441
0.386898 0.350662
0.426397 0.345639
0.465925 0.332679
0.504484 0.310645
0.544645 0.289773
0.584327 0.265067
0.623456 0.236553
0.660289 0.212306
0.696532 0.179742
0.733652 0.141292
0.769837 0.101438
0.804254 0.0562641
0.837649 0.0165718
0.869662 -0.0300058
0.902108 -0.0765564
0.935259 -0.121919
0.966067 -0.16261
0.997539 -0.210619
1.03081 -0.25401
1.06377 -0.301209
1.09466 -0.351837
1.12362 -0.40125
1.15146 -0.448664
1.17187 -0.497186
1.19094 -0.544979
1.20859 -0.593096
1.22373 -0.640375
1.23833 -0.687223
1.25113 -0.730938
1.2648 -0.769227
1.2783 -0.804275
1.2917 -0.836271
1.30561 -0.860276
1.31964 -0.88239
1.33352 -0.9031
1.34761 -0.924863
1.36192 -0.939876
1.374 -0.952864
1.38459 -0.959398
1.39391 -0.966365
1.40067 -0.969119
1.40461 -0.966608
1.40629 -0.962503
1.40575 -0.954754
1.40235 -0.944358
1.39457 -0.934665
1.38375 -0.926159
1.37223 -0.90634
1.36151 -0.889329
1.35228 -0.875883
1.34551 -0.859196
1.33991 -0.836325
1.33425 -0.810566
