-0.696275 2.30183
-0.697546 2.30614
-0.697526 2.30546
-0.697311 2.30136
-0.696568 2.29758
-0.697736 2.28638
-0.699789 2.27613
-0.701104 2.25854
-0.702087 2.23923
-0.705508 2.21522
-0.711823 2.19443
-0.718945 2.16319
-0.723882 2.12624
-0.730706 2.08851
-0.738527 2.04645
-0.746079 2.00008
-0.75368 1.94661
-0.761901 1.88555
-0.771936 1.8241
-0.785427 1.76554
-0.80168 1.70245
-0.81585 1.63726
-0.828906 1.56658
-0.842598 1.49343
-0.859984 1.42468
-0.878178 1.35312
-0.892333 1.27482
-0.905438 1.19468
-0.918523 1.11629
-0.932049 1.04101
-0.943628 0.961033
-0.953287 0.881733
-0.961729 0.803659
-0.96776 0.727177
-0.971392 0.650669
-0.976823 0.5739
-0.979184 0.494547
-0.979448 0.414464
-0.978426 0.337173
-0.976662 0.260169
-0.976994 0.186114
-0.976266 0.109919
-0.974648 0.0357067
-0.976642 -0.0341736
-0.977492 -0.102488
-0.977033 -0.171586
-0.975102 -0.239248
-0.972033 -0.306806
-0.968938 -0.372824
-0.964671 -0.43545
-0.959299 -0.494632
-0.956342 -0.548516
-0.952994 -0.600052
-0.948643 -0.650232
-0.943902 -0.699158
-0.940168 -0.744119
-0.936756 -0.785582
-0.932523 -0.825063
-0.927136 -0.861777
-0.921505 -0.894839
-0.916226 -0.922211
-0.911265 -0.945748
-0.907159 -0.966128
-0.903326 -0.982437
-0.899362 -0.994858
-0.894015 -1.00428
-0.887778 -1.01049
-0.88046 -1.0132
-0.873343 -1.01117
-0.865444 -1.00749
-0.857364 -1.00062
-0.848077 -0.991831
-0.839269 -0.979123
-0.831091 -0.962971
-0.822493 -0.943296
-0.812199 -0.921559
-0.800487 -0.897579
-0.78464 -0.872267
-0.767122 -0.845938
-0.747555 -0.816843
-0.726937 -0.783416
-0.703915 -0.747432
-0.676962 -0.710066
-0.648299 -0.672125
-0.614562 -0.634471
-0.580819 -0.594207
-0.546095 -0.554388
-0.510823 -0.513681
-0.475072 -0.4742
-0.439805 -0.433885
-0.404787 -0.393178
-0.368792 -0.35174
-0.329292 -0.313329
-0.288555 -0.274971
-0.245956 -0.237213
-0.202218 -0.200446
-0.157489 -0.16548
-0.111411 -0.130983
-0.0646998 -0.0994352
-0.014667 -0.0706011
0.0336991 -0.0398099
0.0823638 -0.0100103
0.131218 0.01611
0.182407 0.0406646
0.23532 0.0615139
0.289677 0.0805626
0.342896 0.0983328
0.395882 0.115477
0.447632 0.12902
0.499469 0.139405
0.552171 0.148277
0.604921 0.151591
0.658745 0.1512
0.712385 0.147886
0.764544 0.139222
0.815782 0.129202
0.860063 0.118504
0.905751 0.102795
0.951175 0.0842419
0.997098 0.0606267
1.04445 0.0345586
1.09126 0.00825561
1.13592 -0.020709
1.17806 -0.0493343
1.21602 -0.0797079
1.24894 -0.114883
1.27898 -0.150997
1.30855 -0.189147
1.33727 -0.231263
1.36303 -0.271109
1.38184 -0.310041
1.39793 -0.347643
1.40643 -0.384175
1.4157 -0.419507
1.42331 -0.453664
1.42906 -0.488917
1.43586 -0.524718
1.44201 -0.560937
1.44569 -0.594468
1.44749 -0.625677
1.4501 -0.656572
1.45188 -0.686372
1.45213 -0.713327
1.45139 -0.738848
1.45177 -0.763689
1.44759 -0.788166
1.4469 -0.81058
1.44647 -0.831508
1.44619 -0.852175
1.44721 -0.869684
1.44962 -0.884871
1.45451 -0.898283
1.4612 -0.908616
1.46912 -0.91634
1.47787 -0.923281
1.4884 -0.928239
1.498 -0.930092
1.50728 -0.930405
1.51553 -0.925708
1.52299 -0.918924
1.53072 -0.909034
1.53885 -0.897318
1.54638 -0.882888
1.55561 -0.86851
1.56535 -0.853401
1.57336 -0.837927
1.57973 -0.823314
