-0.437251 0.0924892
-0.42646 0.10418
-0.409023 0.106074
-0.383028 0.103671
-0.356394 0.091688
-0.331356 0.07111
-0.297357 0.041354
-0.26279 0.00369461
-0.234421 -0.0443812
-0.206066 -0.109903
-0.188271 -0.194618
-0.171376 -0.313023
-0.174384 -0.457615
-0.208726 -0.621182
-0.258446 -0.794328
-0.319655 -0.951995
-0.383727 -1.08249
-0.436627 -1.2005
-0.480895 -1.30539
-0.526209 -1.39637
-0.567557 -1.47558
-0.592162 -1.5461
-0.60137 -1.60637
-0.592651 -1.661
-0.581256 -1.7066
-0.571539 -1.74525
-0.56971 -1.77391
-0.574995 -1.78786
-0.579543 -1.78877
-0.578068 -1.77912
-0.571553 -1.75799
-0.559868 -1.73108
-0.552695 -1.69415
-0.555045 -1.65022
-0.567874 -1.60371
-0.619158 -1.5403
-0.669745 -1.48418
-0.731707 -1.42489
-0.805239 -1.36133
-0.888674 -1.2922
-0.983621 -1.21878
-1.10315 -1.12816
-1.23139 -1.02567
-1.3591 -0.913279
-1.47175 -0.796987
-1.56468 -0.677817
-1.62339 -0.569646
-1.65066 -0.464389
-1.64554 -0.356109
-1.59714 -0.248813
-1.5008 -0.145595
-1.37307 -0.0442355
-1.24841 0.046453
-1.15588 0.127053
-1.09149 0.199276
-1.04147 0.267092
-0.987878 0.328899
-0.926947 0.391215
-0.849965 0.456409
-0.762506 0.522549
-0.698792 0.59062
-0.634038 0.654066
-0.579254 0.711903
-0.508931 0.764458
-0.429827 0.822077
-0.327543 0.871209
-0.241903 0.915132
-0.170632 0.958583
-0.117789 0.99657
-0.0663616 1.02101
-0.00524479 1.02392
0.0647516 1.00768
0.156606 0.978432
0.278472 0.934181
0.422981 0.870881
0.560793 0.813481
0.69806 0.759651
0.818465 0.715399
0.912649 0.688375
0.980415 0.673224
1.04261 0.666741
1.11494 0.681782
1.16584 0.703198
1.20154 0.742424
1.22482 0.78744
1.25429 0.842217
1.27761 0.902057
1.25901 0.963536
1.25642 1.01489
1.22312 1.07134
1.16769 1.11971
1.0985 1.15904
1.13469 1.18075
1.15151 1.19099
1.15431 1.19292
1.16711 1.18385
1.18731 1.16054
1.21213 1.12772
1.24707 1.08569
1.27546 1.03838
1.3432 0.985024
1.39799 0.938442
1.46779 0.890111
1.55049 0.846624
1.63403 0.810677
1.72597 0.781868
1.81603 0.758667
1.90574 0.742132
1.99428 0.730842
2.07695 0.724177
2.15036 0.724067
