-0.87502 0.66375
-0.827819 0.665424
-0.802044 0.667253
-0.774359 0.673792
-0.750587 0.672118
-0.765119 0.67383
-0.769129 0.668537
-0.740499 0.670522
-0.715933 0.670678
-0.696978 0.674842
-0.691923 0.680719
-0.681405 0.689865
-0.682696 0.695742
-0.686614 0.702008
-0.667203 0.708936
-0.657383 0.708157
-0.631389 0.703098
-0.666799 0.699206
-0.638187 0.690527
-0.637546 0.677294
-0.627849 0.655071
-0.604823 0.618176
-0.584907 0.57556
-0.585645 0.5208
-0.581969 0.449345
-0.554214 0.363295
-0.509959 0.258252
-0.464009 0.131804
-0.438827 -0.00737101
-0.421287 -0.149971
-0.378692 -0.278988
-0.350344 -0.388623
-0.288584 -0.489501
-0.219587 -0.592014
-0.161463 -0.697835
-0.126585 -0.805135
-0.104938 -0.918234
-0.0934496 -1.03285
-0.0843238 -1.14852
-0.0958255 -1.25259
-0.06883 -1.35043
-0.0102408 -1.44259
0.0541673 -1.52401
0.0921024 -1.59741
0.0962745 -1.66147
0.116199 -1.73133
0.118044 -1.79637
0.119818 -1.85521
0.140815 -1.91499
0.174503 -1.96819
0.203712 -2.01171
0.230637 -2.04315
0.240018 -2.06265
0.21827 -2.06841
0.165781 -2.06102
0.0656471 -2.04066
-0.0632702 -2.00525
-0.20892 -1.95866
-0.334916 -1.90102
-0.436957 -1.83163
-0.515563 -1.75021
-0.593392 -1.66159
-0.650809 -1.57496
-0.722156 -1.47789
-0.78374 -1.37207
-0.817683 -1.26687
-0.820028 -1.16393
-0.782457 -1.06488
-0.713522 -0.971476
-0.65098 -0.874022
-0.547385 -0.790618
-0.434159 -0.710056
-0.352277 -0.633152
-0.301043 -0.558816
-0.267039 -0.4809
-0.234918 -0.414621
-0.223561 -0.355697
-0.221629 -0.298175
-0.230439 -0.242754
-0.235524 -0.189123
-0.228212 -0.137594
-0.205477 -0.0862212
-0.167954 -0.0293603
-0.119308 0.0273059
-0.0565553 0.0784846
0.0265613 0.127834
0.137323 0.17228
0.246351 0.218827
0.364807 0.265413
0.493246 0.316825
0.628215 0.363956
0.761032 0.401864
0.918613 0.449345
1.11227 0.490482
1.24068 0.528818
1.40662 0.569722
1.54188 0.609341
1.60885 0.649701
1.68874 0.694419
1.82287 0.74046
1.93757 0.782532
2.05772 0.821762
2.16804 0.861654
2.28205 0.897499
2.38701 0.931319
2.47932 0.962649
2.56114 0.998533
2.58986 1.02811
2.56601 1.04018
2.44999 1.04695
2.28727 1.04204
2.09048 1.02387
1.87802 0.98351
1.68199 0.927739
1.53941 0.860876
1.39453 0.807284
1.31683 0.761554
1.219 0.741044
1.05154 0.730146
0.825523 0.73361
0.578808 0.753109
0.192175 0.790471
-0.121706 1.15931
-0.414555 1.07322
-0.498132 1.07824
-0.622992 1.02402
-0.764517 0.97845
-0.913465 0.937196
-1.047 0.897577
-1.16964 0.865235
-1.26161 0.83227
-1.34111 0.793351
-1.40335 0.761943
-1.44677 0.735984
-1.45991 0.710998
-1.43722 0.696793
-1.39032 0.69076
-1.31829 0.690566
-1.22561 0.698661
-1.10481 0.711777
-0.938647 0.728356
-0.775158 0.751747
-0.597147 0.779613
-0.42762 0.806
-0.253908 0.830597
