-0.161639 -0.294368
-0.162516 -0.28529
-0.169695 -0.272856
-0.178515 -0.263432
-0.187301 -0.251097
-0.201117 -0.238071
-0.227297 -0.227709
-0.252691 -0.20896
-0.264804 -0.184586
-0.278513 -0.159965
-0.280352 -0.130213
-0.277373 -0.10574
-0.270942 -0.0810697
-0.275884 -0.0630111
-0.282816 -0.0552647
-0.290514 -0.0554621
-0.302783 -0.0668597
-0.312707 -0.0890629
-0.323865 -0.118124
-0.349782 -0.157991
-0.405576 -0.204766
-0.48268 -0.261064
-0.57582 -0.323479
-0.658416 -0.392309
-0.716128 -0.477915
-0.739033 -0.578766
-0.74107 -0.687809
-0.727982 -0.813627
-0.706155 -0.949856
-0.701642 -1.08298
-0.717054 -1.20006
-0.754799 -1.29988
-0.800629 -1.39288
-0.847327 -1.48421
-0.886397 -1.56661
-0.914601 -1.6419
-0.923883 -1.71508
-0.926837 -1.78682
-0.940007 -1.85283
-0.977872 -1.90292
-1.03983 -1.9379
-1.13046 -1.95502
-1.22668 -1.95423
-1.32426 -1.93834
-1.42363 -1.9114
-1.51268 -1.87731
-1.58618 -1.83774
-1.66059 -1.79215
-1.71899 -1.74073
-1.76218 -1.67432
-1.7572 -1.61516
-1.72334 -1.5526
-1.66487 -1.4853
-1.57875 -1.41301
-1.47111 -1.33377
-1.35501 -1.25231
-1.23765 -1.17342
-1.12017 -1.09832
-0.998563 -1.03053
-0.871429 -0.965003
-0.734404 -0.893262
-0.583148 -0.819301
-0.430119 -0.738777
-0.260212 -0.669948
-0.118514 -0.597763
-0.00380698 -0.519114
0.0842819 -0.441107
0.142375 -0.357327
0.17739 -0.273152
0.202921 -0.182908
0.237685 -0.0914312
0.289001 0.00285832
0.36413 0.0974439
0.464992 0.185467
0.545377 0.275168
0.655678 0.35658
0.775727 0.429554
0.900285 0.503071
1.0096 0.57649
1.11312 0.645813
1.17804 0.700828
1.23063 0.756632
1.30214 0.807304
1.38565 0.855609
1.48644 0.905739
1.58749 0.952415
1.70855 0.994551
1.81764 1.02973
1.92693 1.06378
2.0334 1.09634
2.12098 1.12703
2.18383 1.15545
2.23022 1.18382
2.26307 1.21974
2.26567 1.25033
2.23643 1.27633
2.182 1.2973
2.09726 1.31482
1.99498 1.32938
1.85656 1.30653
1.66949 1.25887
1.42999 1.18357
1.12076 1.10197
0.931517 0.989272
0.776081 0.867746
0.644392 0.752685
0.54606 0.664365
0.443697 0.611719
0.311306 0.604811
0.14664 0.633577
0.00692739 0.691552
-0.102255 0.762997
-0.148807 0.832616
-0.192201 0.897893
-0.257608 0.935293
-0.369485 0.954684
-0.476232 0.942201
-0.561914 0.91314
-0.577536 0.872977
-0.575586 0.833702
-0.538129 0.795956
-0.476278 0.760826
-0.391913 0.735415
-0.293267 0.713903
-0.195547 0.699644
-0.10785 0.700778
-0.0658927 0.711485
0.0258999 0.762651
0.0430338 0.777355
0.0094388 0.804541
0.0871159 0.803209
0.139193 0.811992
0.172382 0.820133
0.187022 0.834146
0.21452 0.843471
0.210652 0.855362
0.197769 0.877466
0.206327 0.901347
0.211105 0.923995
0.255107 0.945112
0.316036 0.963714
0.398782 0.980687
0.488688 1.00092
0.578888 1.02169
