-1.10774 0.424963
-1.1051 0.431057
-1.10552 0.432095
-1.10249 0.420088
-1.10303 0.411106
-1.10291 0.399055
-1.10768 0.386236
-1.11339 0.357574
-1.10604 0.317763
-1.0976 0.277817
-1.09195 0.228438
-1.07893 0.166104
-1.06628 0.0975414
-1.05484 0.0147155
-1.03516 -0.0844048
-1.01855 -0.203069
-0.997172 -0.338886
-0.980184 -0.484181
-0.957588 -0.632229
-0.942297 -0.777434
-0.933374 -0.910001
-0.927825 -1.04058
-0.970802 -1.13862
-0.999847 -1.23702
-0.806817 -1.52269
-0.808294 -1.58398
-0.783182 -1.66572
-0.737629 -1.75875
-0.687645 -1.84383
-0.637082 -1.92467
-0.598177 -1.9913
-0.569851 -2.05128
-0.560369 -2.0966
-0.560669 -2.1272
-0.562366 -2.14512
-0.561288 -2.15528
-0.556696 -2.15293
-0.553403 -2.13506
-0.553043 -2.10608
-0.55482 -2.0725
-0.558693 -2.02822
-0.565 -1.97685
-0.57069 -1.91822
-0.575301 -1.84903
-0.586799 -1.76782
-0.593186 -1.6817
-0.58608 -1.59224
-0.619496 -1.48116
-0.602209 -1.38782
-0.633988 -1.26721
-0.62784 -1.15252
-0.634647 -1.02984
-0.642811 -0.900522
-0.65379 -0.778292
-0.657862 -0.653624
-0.652014 -0.542227
-0.62806 -0.434621
-0.590711 -0.329903
-0.565959 -0.223832
-0.548133 -0.121281
-0.538531 -0.0215293
-0.540627 0.0779069
-0.552724 0.173506
-0.5757 0.268248
-0.601251 0.355769
-0.634288 0.448886
-0.662254 0.542589
-0.698285 0.632953
-0.73198 0.720699
-0.765117 0.80506
-0.804082 0.884861
-0.839314 0.954327
-0.872551 1.02564
-0.881553 1.08229
-0.879557 1.12874
-0.83109 1.14489
-0.758829 1.13763
-0.671416 1.12205
-0.571847 1.08631
-0.448743 1.03444
-0.309351 0.963444
-0.152192 0.87949
0.00790493 0.783168
0.140169 0.684454
0.254911 0.596257
0.353824 0.525347
0.4424 0.471905
0.523662 0.434081
0.597562 0.405735
0.648035 0.391336
0.651265 0.388222
0.612821 0.395489
0.537402 0.416026
0.432139 0.449653
0.317767 0.484002
0.193301 0.515823
0.0802382 0.554641
-0.0173526 0.589893
-0.110191 0.616253
-0.185149 0.638189
-0.224733 0.641755
-0.256093 0.655522
-0.262141 0.680076
-0.231041 0.702238
-0.150555 0.708106
-0.0603741 0.713477
0.0433649 0.70946
0.149525 0.699394
0.255478 0.679399
0.359054 0.642026
0.455299 0.603479
0.553157 0.559064
0.648976 0.524896
0.753298 0.493706
0.863171 0.47502
0.973767 0.468385
1.08268 0.467753
1.18671 0.476961
1.30833 0.45182
1.4278 0.445546
1.54639 0.436518
1.6586 0.444101
1.75028 0.480797
1.83424 0.498671
1.9078 0.52309
1.96329 0.528868
2.00704 0.518396
2.03309 0.510858
2.05028 0.501244
2.04217 0.524399
2.02675 0.52616
1.98547 0.569852
1.93733 0.586733
1.86198 0.633766
1.78091 0.667438
1.70526 0.704721
1.6479 0.738077
1.61381 0.780595
1.59903 0.817427
1.59247 0.857554
1.59196 0.906256
1.59768 0.960375
1.59476 1.02063
1.57175 1.07362
1.52563 1.12788
1.45428 1.17753
1.37569 1.22948
