-2.61837 -1.21781
-2.62524 -1.21393
-2.6289 -1.21313
-2.62596 -1.2135
-2.61787 -1.2168
-2.60657 -1.21856
-2.59399 -1.2222
-2.57807 -1.22729
-2.55963 -1.23174
-2.53941 -1.23792
-2.51401 -1.24109
-2.47924 -1.24284
-2.43448 -1.2446
-2.38064 -1.25057
-2.31692 -1.25262
-2.24303 -1.24982
-2.15444 -1.23724
-2.05685 -1.22436
-1.94467 -1.20567
-1.82302 -1.19103
-1.69643 -1.15862
-1.56484 -1.13767
-1.43569 -1.10468
-1.31063 -1.06903
-1.19417 -1.01216
-1.07621 -0.960186
-0.961241 -0.89701
-0.840858 -0.842267
-0.724461 -0.777438
-0.607985 -0.726405
-0.50535 -0.671999
-0.414233 -0.609531
-0.329149 -0.546355
-0.252209 -0.476602
-0.185062 -0.405601
-0.124754 -0.335106
-0.0731674 -0.267849
-0.0258057 -0.203931
0.0205825 -0.146725
0.0655691 -0.0938032
0.10345 -0.0428713
0.135772 0.00532858
0.161605 0.0559907
0.187763 0.103819
0.217237 0.153436
0.253424 0.19833
0.28981 0.236647
0.323077 0.265891
0.353496 0.295809
0.378675 0.328595
0.393598 0.352071
0.40197 0.375142
0.403087 0.394907
0.402878 0.40958
0.397467 0.424893
0.394421 0.42948
0.389572 0.428839
0.382147 0.421048
0.372467 0.406746
0.360131 0.389342
0.34668 0.373455
0.328867 0.354027
0.306314 0.328999
0.280951 0.301172
0.254872 0.27321
0.228602 0.244371
0.205762 0.204132
0.185464 0.159845
0.166534 0.108677
0.147496 0.0540681
0.127848 -0.000270563
0.104876 -0.0559584
0.078014 -0.105271
0.0459556 -0.155596
0.0125926 -0.206191
-0.0206516 -0.251051
-0.0466929 -0.301848
-0.0652928 -0.35332
-0.0825238 -0.398687
-0.0874102 -0.452047
-0.0859233 -0.50389
-0.0815094 -0.557925
-0.0722993 -0.617424
-0.0570612 -0.68178
-0.0408004 -0.740673
-0.0204978 -0.801352
0.00248519 -0.859503
0.032544 -0.916911
0.0705752 -0.969866
0.118814 -1.01574
0.177319 -1.0549
0.239604 -1.08762
0.305794 -1.11619
0.373861 -1.1375
0.445042 -1.15663
0.522059 -1.17231
0.603224 -1.18537
0.686838 -1.19393
0.773243 -1.20223
0.861221 -1.20527
0.948563 -1.20732
1.03218 -1.20392
1.1085 -1.20675
1.16863 -1.19774
1.21974 -1.19471
1.25153 -1.18887
1.26208 -1.1798
1.25898 -1.17683
1.23792 -1.17022
1.20772 -1.16904
1.17131 -1.16348
1.13186 -1.15467
1.09255 -1.13811
1.049 -1.10296
1.00462 -1.05385
0.965967 -0.995602
0.937048 -0.919171
0.919193 -0.834239
0.915078 -0.736558
0.921919 -0.634761
0.930909 -0.513975
0.93581 -0.375919
0.937692 -0.230308
0.93535 -0.0857418
0.928551 0.0512011
0.923475 0.179138
0.930165 0.291559
0.939005 0.403036
0.948438 0.519269
0.95277 0.631859
0.949341 0.739322
0.948572 0.831809
0.941781 0.91212
0.938101 0.981198
0.927414 1.0406
0.908622 1.08886
0.883868 1.12546
0.854447 1.14391
0.821681 1.15167
0.791332 1.14384
0.762631 1.11794
0.737835 1.09342
0.717772 1.07949
0.698772 1.09095
0.677923 1.12313
0.653671 1.17518
0.624058 1.24672
0.582842 1.31597
0.53674 1.39506
0.490143 1.47301
0.438991 1.54664
0.383406 1.61397
0.326795 1.65229
0.272993 1.66622
0.228474 1.65229
0.19764 1.60621
0.199236 1.53676
0.223792 1.45487
0.266387 1.35573
0.301555 1.25191
0.316149 1.15862
0.298855 1.08367
0.258082 1.03115
0.20735 1.00687
0.151416 1.00784
0.0894778 1.02204
0.0264876 1.04832
-0.0375656 1.08667
-0.105317 1.13352
-0.168279 1.19343
-0.224624 1.25363
-0.26956 1.32045
-0.30289 1.39078
-0.319717 1.44792
-0.317553 1.50431
-0.302053 1.54826
-0.279568 1.58452
-0.250489 1.59602
-0.216518 1.60156
-0.176097 1.6083
-0.132056 1.59515
-0.0822202 1.55309
-0.0230217 1.51443
0.039292 1.46502
0.104797 1.43051
0.16479 1.38383
