-2.41115 -0.9563
-2.40916 -0.975821
-2.40516 -0.996562
-2.39857 -1.02246
-2.38886 -1.04653
-2.37045 -1.06905
-2.33869 -1.0828
-2.28732 -1.09112
-2.2153 -1.09001
-2.12786 -1.06012
-1.99678 -1.08879
-1.86213 -1.07698
-1.70758 -1.08962
-1.56968 -1.04703
-1.44127 -0.999114
-1.32298 -0.946206
-1.21262 -0.878769
-1.10897 -0.807726
-1.00877 -0.728809
-0.913698 -0.647008
-0.821464 -0.566094
-0.732561 -0.496327
-0.643846 -0.430332
-0.556994 -0.366943
-0.470002 -0.29823
-0.384218 -0.227631
-0.303869 -0.157365
-0.233577 -0.0893178
-0.159519 -0.0199393
-0.0967153 0.0474982
-0.0528501 0.108336
-0.00374715 0.165126
0.0403798 0.222414
0.0774166 0.276098
0.105873 0.335938
0.13166 0.396665
0.152983 0.460664
0.11059 0.50919
0.152065 0.577126
0.175065 0.654879
0.189459 0.70274
0.192547 0.750933
0.1925 0.790419
0.187164 0.827854
0.179173 0.861018
0.170694 0.897787
0.161046 0.925572
0.149634 0.949973
0.136581 0.974264
0.122465 0.988184
0.103851 0.998666
0.0815116 0.994617
0.0594307 0.988572
0.0327033 0.970659
0.00513876 0.950528
-0.0223681 0.923963
-0.0513162 0.902224
-0.0805122 0.881094
-0.112657 0.861573
-0.137913 0.838336
-0.159771 0.800402
-0.180418 0.757422
-0.215037 0.704403
-0.238889 0.790863
-0.318251 0.646616
-0.349928 0.542742
-0.393905 0.44386
-0.440655 0.355847
-0.484522 0.265505
-0.517534 0.179212
-0.537347 0.0944715
-0.552377 0.00069125
-0.558381 -0.106122
-0.566037 -0.221309
-0.574261 -0.340101
-0.580444 -0.459947
-0.579248 -0.56199
-0.570423 -0.649836
-0.556525 -0.724594
-0.541724 -0.792864
-0.523133 -0.852038
-0.492998 -0.914428
-0.449427 -0.985138
-0.384068 -1.0716
-0.298531 -1.17048
-0.200148 -1.2799
-0.0943851 -1.3937
0.0181536 -1.49724
0.134281 -1.58414
0.247873 -1.65031
0.35532 -1.70477
0.451831 -1.74331
0.548236 -1.77487
0.656312 -1.80265
0.751147 -1.80376
0.85879 -1.79838
0.959374 -1.76194
1.04509 -1.68985
1.10883 -1.58287
1.15033 -1.44816
1.16468 -1.29304
1.1562 -1.12451
1.14144 -0.965561
1.10479 -0.816378
1.04764 -0.684664
0.981283 -0.561935
0.908121 -0.434547
0.837826 -0.300282
0.77872 -0.167847
0.732822 -0.0194402
0.704752 0.13063
0.676531 0.279814
0.649254 0.428331
0.63007 0.570859
0.62653 0.709395
0.605888 0.827022
0.651375 0.950195
0.65876 1.04048
0.741422 1.15256
0.818615 1.23741
0.892225 1.30862
0.974236 1.37379
1.04009 1.42165
1.09768 1.43928
1.14467 1.43152
1.17813 1.40762
1.21503 1.36691
1.25407 1.33424
1.29026 1.31095
1.32364 1.30286
1.35598 1.30286
1.3861 1.30812
1.41301 1.31511
1.44183 1.33352
1.47057 1.35615
1.49241 1.37146
1.50609 1.39786
1.50131 1.42742
1.48151 1.45653
1.4484 1.47938
