-2.48379 -1.53133
-2.4972 -1.52209
-2.51253 -1.51447
-2.52236 -1.50804
-2.53268 -1.50798
-2.54518 -1.51759
-2.55672 -1.51487
-2.56168 -1.52123
-2.56476 -1.52567
-2.55877 -1.53574
-2.54445 -1.54535
-2.52266 -1.55442
-2.49628 -1.56165
-2.46499 -1.57135
-2.42639 -1.57377
-2.37586 -1.57503
-2.31735 -1.56638
-2.24544 -1.55582
-2.16553 -1.54783
-2.07402 -1.53425
-1.97774 -1.51262
-1.87429 -1.48807
-1.7673 -1.45481
-1.65838 -1.4186
-1.55514 -1.3751
-1.45411 -1.3268
-1.35618 -1.27783
-1.25995 -1.22287
-1.16389 -1.16718
-1.07386 -1.10576
-0.989572 -1.04176
-0.905578 -0.978216
-0.819167 -0.919412
-0.731896 -0.85882
-0.65008 -0.793788
-0.577741 -0.726404
-0.512077 -0.652494
-0.450301 -0.577192
-0.384902 -0.507026
-0.328218 -0.438946
-0.278354 -0.364174
-0.233325 -0.290794
-0.189871 -0.217977
-0.15685 -0.136315
-0.126833 -0.0462047
-0.08619 0.03347
-0.0483339 0.114205
-0.0193936 0.187618
0.00727356 0.259905
0.0395954 0.319934
0.0703028 0.370091
0.0956928 0.41571
0.115894 0.461096
0.136818 0.505157
0.154216 0.537458
0.170473 0.572905
0.178064 0.604577
0.181582 0.625945
0.183196 0.640356
0.182241 0.650659
0.177943 0.650526
0.168208 0.6494
0.157999 0.642741
0.139637 0.633962
0.11942 0.626011
0.0996527 0.618292
0.0747928 0.610076
0.0511378 0.591259
0.0271615 0.566975
0.00023729 0.530335
-0.0225503 0.487765
-0.0510568 0.437707
-0.0848084 0.376187
-0.109122 0.322916
-0.138247 0.266365
-0.169846 0.21263
-0.204738 0.161711
-0.23763 0.104365
-0.272932 0.0510944
-0.303399 -0.00406493
-0.332733 -0.0642599
-0.358131 -0.133897
-0.382131 -0.213174
-0.401039 -0.292119
-0.414614 -0.367388
-0.414975 -0.439609
-0.412589 -0.505601
-0.407778 -0.56838
-0.400806 -0.626057
-0.3903 -0.684828
-0.377786 -0.748004
-0.364741 -0.808232
-0.348653 -0.867301
-0.33058 -0.922659
-0.308154 -0.982655
-0.278924 -1.04225
-0.245012 -1.09198
-0.20816 -1.13124
-0.169324 -1.16506
-0.113668 -1.20498
-0.0693383 -1.22241
-0.00929702 -1.2499
0.0534913 -1.2721
0.118015 -1.28744
0.187839 -1.30374
0.259238 -1.31225
0.328597 -1.30937
0.396341 -1.30063
0.463707 -1.28588
0.531251 -1.261
0.595959 -1.22019
0.657478 -1.17262
0.721439 -1.12252
0.779151 -1.06047
0.820951 -0.990076
0.832726 -0.916033
0.810332 -0.830892
0.762315 -0.740716
0.703575 -0.644179
0.643357 -0.555758
0.590047 -0.481185
0.551404 -0.420891
0.510295 -0.361789
0.483893 -0.311202
0.445868 -0.26025
0.412646 -0.212047
0.379457 -0.166131
0.356814 -0.126575
0.345537 -0.0908291
0.339014 -0.0592906
0.334324 -0.0328869
0.333344 -0.0134404
0.336838 -0.00320358
0.348155 -0.00969682
0.361665 -0.0271557
0.375087 -0.0510746
0.384397 -0.0749936
0.383682 -0.0976205
0.376581 -0.110508
0.369457 -0.109779
0.366453 -0.0917236
0.357392 -0.0535924
0.345488 0.00309088
0.338709 0.0621595
0.331247 0.128914
0.329456 0.201698
0.339609 0.266199
0.360846 0.322055
0.383899 0.38596
0.413972 0.440556
0.450527 0.484849
0.492053 0.515063
0.542368 0.529672
0.594947 0.542328
0.652699 0.555248
0.700282 0.587184
0.742781 0.633432
0.774629 0.701081
0.8094 0.78165
0.841995 0.882957
0.868438 0.985889
0.89643 1.10446
0.899426 1.22627
0.877795 1.35441
0.841746 1.45307
0.793738 1.55113
0.745327 1.63574
0.703005 1.7079
0.672113 1.76872
0.656241 1.79453
0.648008 1.82034
0.645655 1.82289
0.65106 1.79705
0.664595 1.76163
0.690595 1.70137
0.717166 1.6268
0.752355 1.54517
0.78789 1.46304
0.82185 1.39447
0.855329 1.3451
0.879779 1.30701
0.895763 1.28471
0.908703 1.25645
0.911418 1.22322
0.913001 1.2115
0.913643 1.19861
0.90843 1.18956
0.901113 1.17585
0.894727 1.15919
0.882807 1.14617
0.881868 1.13732
0.896012 1.12824
0.915089 1.12457
0.94864 1.12771
0.985444 1.12732
1.02388 1.12079
1.05239 1.11165
1.07106 1.11214
1.07686 1.12211
1.07882 1.12735
1.07916 1.1247
1.07295 1.11075
1.06437 1.09611
1.06038 1.08892
1.05782 1.07116
1.05729 1.06242
1.062 1.05854
1.07524 1.04479
1.09036 1.03306
1.11456 1.01845
1.13654 1.00689
1.16087 0.991222
1.1835 0.980555
1.20344 0.969324
