-1.03747 -0.312632
-0.981812 -0.330431
-0.903025 -0.349165
-0.809446 -0.363295
-0.708359 -0.369676
-0.608379 -0.368674
-0.509123 -0.355227
-0.404521 -0.336471
-0.292282 -0.309373
-0.178298 -0.270538
-0.0683585 -0.224411
0.0296669 -0.173497
0.118578 -0.117387
0.201886 -0.0549644
0.27769 0.0131332
0.347158 0.0852647
0.405087 0.156507
0.453297 0.229847
0.494156 0.299767
0.523966 0.369415
0.554696 0.433775
0.567537 0.491594
0.567335 0.544832
0.563336 0.588179
0.555862 0.623687
0.544856 0.653793
0.528181 0.673734
0.51068 0.679774
0.491718 0.669267
0.478 0.645452
0.467958 0.615596
0.45547 0.571155
0.457966 0.514156
0.475755 0.443871
0.503357 0.360891
0.53849 0.262938
0.575378 0.151516
0.607252 0.0256451
0.622092 -0.111074
0.637817 -0.258938
0.642665 -0.414026
0.648535 -0.570368
0.638601 -0.721924
0.61851 -0.867395
0.588743 -1.011
0.543985 -1.14715
0.479928 -1.27591
0.388714 -1.39235
0.278172 -1.49999
0.157538 -1.60006
0.0172797 -1.68896
-0.135927 -1.77208
-0.315035 -1.83904
-0.503333 -1.89718
-0.703662 -1.94465
-0.919249 -1.97216
-1.131 -1.99262
-1.33632 -2.00313
-1.53867 -1.99645
-1.73094 -1.97284
-1.90586 -1.93774
-2.06359 -1.88952
-2.19315 -1.8369
-2.29625 -1.77425
-2.36779 -1.71141
-2.41635 -1.63832
-2.44492 -1.55446
-2.45042 -1.46275
-2.43523 -1.36313
-2.39526 -1.26176
-2.32734 -1.16289
-2.23945 -1.06246
-2.12896 -0.962613
-1.99672 -0.862039
-1.84125 -0.767847
-1.66193 -0.676754
-1.46234 -0.590629
-1.2464 -0.506008
-1.02102 -0.426014
-0.816001 -0.34618
-0.634044 -0.272453
-0.468627 -0.196287
-0.314557 -0.123427
-0.169304 -0.0511356
-0.0313193 0.0170075
0.0994723 0.0877488
0.224085 0.159607
0.337317 0.231168
0.435458 0.295574
0.525441 0.363535
0.608806 0.423246
0.681409 0.482751
0.757552 0.540434
0.818049 0.590755
0.859153 0.639435
0.879719 0.682509
0.886495 0.731759
0.875921 0.781419
0.84427 0.824515
0.811561 0.875133
0.77422 0.928371
0.731138 0.978419
0.686481 1.03498
0.638515 1.09112
0.588441 1.15087
0.541417 1.20593
0.50627 1.25279
0.48369 1.29035
0.483409 1.31275
0.494796 1.32116
0.522499 1.31369
0.568436 1.28593
0.621531 1.23773
0.694365 1.17398
0.769465 1.10124
0.852218 1.03334
0.928073 0.966226
0.989132 0.920622
1.03393 0.893844
1.0595 0.880397
1.07047 0.882562
1.05534 0.893684
1.02349 0.914059
0.987348 0.934479
0.933706 0.959343
0.875216 0.982749
0.82061 1.00474
0.767098 1.02398
0.721297 1.04187
0.679575 1.05422
0.640579 1.06302
0.616006 1.06666
0.599461 1.06347
0.598102 1.06065
0.608928 1.05894
0.629545 1.04916
0.657642 1.03954
0.688747 1.02475
