-0.819542 -0.521193
-0.726137 -0.518935
-0.62232 -0.508675
-0.512409 -0.488994
-0.397603 -0.462946
-0.283495 -0.429735
-0.170258 -0.386522
-0.0625308 -0.329349
0.0417142 -0.263164
0.139624 -0.188978
0.229085 -0.110124
0.31096 -0.0303015
0.384804 0.0435409
0.457085 0.109898
0.52222 0.171502
0.578209 0.222737
0.62352 0.267972
0.655499 0.303463
0.675886 0.324628
0.689351 0.332802
0.698527 0.325725
0.705892 0.304732
0.710307 0.269908
0.702554 0.222286
0.694711 0.159069
0.679351 0.0833552
0.658934 -0.00197337
0.638286 -0.094185
0.61114 -0.192097
0.592364 -0.300139
0.580056 -0.417173
0.570795 -0.545628
0.555363 -0.678214
0.523625 -0.809035
0.480937 -0.937318
0.432507 -1.06509
0.361746 -1.18311
0.273938 -1.2964
0.167812 -1.40433
0.039601 -1.50336
-0.10435 -1.59398
-0.25825 -1.67796
-0.426491 -1.74896
-0.606668 -1.80856
-0.801111 -1.85307
-1.00703 -1.88254
-1.21971 -1.89699
-1.43487 -1.89363
-1.64073 -1.88043
-1.83557 -1.85148
-2.0112 -1.81551
-2.16366 -1.76774
-2.28587 -1.71239
-2.37638 -1.65376
-2.43954 -1.58076
-2.47568 -1.49812
-2.48573 -1.41352
-2.47487 -1.31778
-2.44019 -1.21922
-2.37853 -1.12421
-2.29504 -1.02757
-2.19175 -0.930371
-1.99511 -0.597402
-1.55235 -0.406504
-1.21632 -0.262562
-0.948214 -0.152175
-0.725703 -0.0608021
-0.532707 0.0170411
-0.360084 0.0901952
-0.199567 0.154552
-0.0369324 0.215403
0.111124 0.277436
0.24452 0.335577
0.359147 0.39333
0.458412 0.449212
0.545066 0.503438
0.617735 0.553361
0.682064 0.606275
0.73342 0.65693
0.778373 0.704208
0.812443 0.747701
0.840637 0.793946
0.858304 0.83604
0.87175 0.876457
0.874179 0.917196
0.867474 0.952085
0.864828 0.983833
0.851581 1.01554
0.8269 1.0435
0.80108 1.07718
0.773122 1.10252
0.748889 1.13408
0.723905 1.15856
0.699896 1.18529
0.677582 1.20652
0.656965 1.22246
0.644942 1.2245
0.63917 1.21409
0.638807 1.18549
0.636354 1.13986
0.641205 1.09265
0.638922 1.03946
0.639564 0.98721
0.639098 0.944621
0.638722 0.917863
0.638631 0.90842
0.641302 0.916271
0.656741 0.934533
0.659133 0.960624
0.657589 0.986952
0.644082 1.02147
0.624961 1.05914
0.603193 1.08972
0.578015 1.11721
0.557301 1.14027
0.545763 1.16198
0.537877 1.17523
0.532825 1.18301
0.532438 1.18617
0.536768 1.1834
0.545302 1.17333
