-1.69151 -0.243976
-1.69383 -0.246402
-1.69431 -0.249455
-1.69539 -0.251125
-1.69609 -0.254099
-1.69592 -0.258638
-1.69774 -0.260908
-1.69765 -0.266022
-1.69528 -0.274083
-1.69127 -0.284024
-1.68643 -0.292346
-1.67813 -0.304347
-1.67012 -0.315853
-1.65766 -0.330567
-1.64036 -0.345412
-1.61865 -0.359996
-1.58829 -0.376563
-1.54836 -0.391878
-1.49485 -0.407375
-1.42824 -0.423133
-1.34713 -0.438839
-1.2542 -0.453162
-1.15047 -0.465685
-1.03941 -0.473277
-0.922965 -0.47706
-0.804398 -0.474477
-0.689668 -0.459032
-0.577611 -0.433725
-0.467565 -0.39707
-0.360283 -0.347839
-0.252323 -0.296051
-0.145957 -0.236227
-0.0424966 -0.167481
0.059745 -0.0951873
0.158511 -0.0183014
0.257225 0.0606195
0.346901 0.145019
0.427427 0.22634
0.499033 0.309123
0.563461 0.386504
0.616661 0.46099
0.660032 0.535058
0.695323 0.603361
0.725541 0.667071
0.749879 0.725199
0.76958 0.774508
0.790125 0.811529
0.804711 0.843906
0.815306 0.863787
0.824324 0.87297
0.832577 0.870831
0.838322 0.858334
0.841712 0.834775
0.842518 0.797571
0.842845 0.750871
0.845891 0.69337
0.850858 0.62358
0.856214 0.541137
0.857896 0.442388
0.849866 0.332029
0.842326 0.207817
0.833135 0.0772125
0.821081 -0.0600186
0.80584 -0.205546
0.77756 -0.352952
0.746863 -0.504767
0.708561 -0.663157
0.662545 -0.823321
0.602109 -0.976858
0.533457 -1.12742
0.459015 -1.27686
0.375199 -1.41495
0.28528 -1.53721
0.194414 -1.64277
0.0992134 -1.7298
-0.00449799 -1.8021
-0.120281 -1.85934
-0.246866 -1.90434
-0.380444 -1.93601
-0.516735 -1.95589
-0.652428 -1.9627
-0.782578 -1.95905
-0.904141 -1.94494
-1.01488 -1.91658
-1.11387 -1.87288
-1.19937 -1.81592
-1.26804 -1.74355
-1.31675 -1.66142
-1.34401 -1.57418
-1.34805 -1.47759
-1.33057 -1.37639
-1.28924 -1.27767
-1.22938 -1.17276
-1.15509 -1.06528
-1.06991 -0.954943
-0.975928 -0.846541
-0.878143 -0.731929
-0.77429 -0.614604
-0.66468 -0.493236
-0.548811 -0.370771
-0.426793 -0.255429
-0.301906 -0.14901
-0.171713 -0.0515134
-0.045754 0.0419394
0.0749463 0.134088
0.18761 0.227619
0.297191 0.324802
0.407787 0.416377
0.519189 0.506464
0.630743 0.593681
0.742032 0.67529
0.845279 0.752045
0.941023 0.821548
1.02251 0.886459
1.0848 0.948213
1.13087 1.00381
1.16067 1.05648
1.1889 1.10308
1.2038 1.14683
1.20412 1.19014
1.18921 1.22228
1.16302 1.25831
1.1262 1.3058
1.08544 1.3515
1.04084 1.39317
0.997706 1.44076
0.960427 1.48287
0.923073 1.51863
0.892131 1.55873
0.870633 1.5842
0.861046 1.58699
0.864423 1.58044
0.874348 1.54765
0.896739 1.49437
0.921652 1.42594
0.953257 1.33807
0.982125 1.25289
1.01479 1.17728
1.04657 1.11699
1.07644 1.07793
1.10486 1.06882
1.13049 1.07715
1.1574 1.09862
1.17293 1.13921
1.17341 1.18847
