0.870687 0.582071
0.885043 0.554458
0.900328 0.519285
0.917672 0.47594
0.935234 0.425198
0.951847 0.365713
0.971256 0.296855
0.981378 0.215586
0.99548 0.121234
1.00951 0.0200956
1.01845 -0.0820817
1.02321 -0.189333
1.01375 -0.295077
1.00089 -0.406913
0.983832 -0.521583
0.958778 -0.635498
0.919368 -0.74277
0.872534 -0.84723
0.820865 -0.949509
0.763384 -1.04775
0.69021 -1.13591
0.609154 -1.22083
0.517156 -1.29751
0.412515 -1.3648
0.297461 -1.42465
0.162017 -1.47183
0.0147689 -1.51318
-0.142487 -1.54743
-0.309392 -1.57401
-0.48422 -1.59167
-0.668457 -1.59677
-0.852536 -1.59548
-1.03377 -1.58238
-1.20896 -1.55654
-1.37629 -1.51672
-1.52902 -1.47179
-1.6624 -1.42781
-1.78174 -1.37515
-1.88202 -1.31473
-1.95947 -1.24724
-2.00815 -1.18105
-2.03168 -1.10685
-2.03131 -1.02297
-2.01014 -0.932269
-1.97101 -0.834208
-1.91496 -0.733885
-1.83694 -0.642712
-1.74423 -0.549888
-1.63862 -0.460509
-1.52411 -0.373208
-1.4037 -0.285906
-1.27797 -0.202661
-1.15237 -0.117683
-1.02101 -0.0357004
-0.890611 0.0458132
-0.763599 0.123047
-0.638209 0.198977
-0.513952 0.265513
-0.390101 0.328727
-0.262171 0.389332
-0.131418 0.447655
-0.00496038 0.501311
0.114431 0.554947
0.219829 0.608909
0.31013 0.656717
0.400094 0.698982
0.462223 0.748787
0.527123 0.792804
0.582834 0.832909
0.630841 0.878352
0.671003 0.924917
0.692596 0.970626
0.706521 1.01375
0.711689 1.05848
0.707154 1.10716
0.697857 1.15723
0.680803 1.20901
0.664185 1.25635
0.6497 1.30408
0.637471 1.34494
0.629964 1.38221
0.622737 1.4055
0.618591 1.42217
0.617772 1.41879
0.612734 1.38345
0.611058 1.33073
0.608998 1.26385
0.612334 1.19181
0.612397 1.11729
0.611655 1.05738
0.610705 1.01417
0.613263 0.984769
0.617439 0.974355
0.624304 0.984218
0.626643 1.00295
0.623162 1.03052
0.61497 1.06376
