-1.05278 -0.16134
-0.96854 -0.158052
-0.866883 -0.154615
-0.754166 -0.146601
-0.636397 -0.12632
-0.511444 -0.098842
-0.383038 -0.0617388
-0.250584 -0.0168583
-0.121096 0.037819
0.00208552 0.0976525
0.121624 0.161568
0.239612 0.224044
0.332228 0.279967
0.41816 0.331164
0.490808 0.382189
0.562772 0.421527
0.618564 0.456589
0.657186 0.482048
0.683944 0.501341
0.70303 0.511438
0.713246 0.515026
0.71685 0.509569
0.71311 0.491759
0.694297 0.468921
0.67599 0.433214
0.65706 0.390783
0.635611 0.342186
0.614467 0.281901
0.595807 0.213581
0.589621 0.130889
0.591172 0.0356061
0.586105 -0.0742211
0.58224 -0.192878
0.569891 -0.327348
0.542585 -0.468843
0.490076 -0.610939
0.429187 -0.756216
0.359276 -0.901535
0.283738 -1.04191
0.188887 -1.16465
0.0874631 -1.27933
-0.0239591 -1.38405
-0.144262 -1.478
-0.281793 -1.55807
-0.427557 -1.62935
-0.582861 -1.69497
-0.752118 -1.75186
-0.93211 -1.7988
-1.12025 -1.83264
-1.30711 -1.85507
-1.48773 -1.86364
-1.65581 -1.85898
-1.80618 -1.84534
-1.94027 -1.81996
-2.0539 -1.78608
-2.14448 -1.74876
-2.21344 -1.70137
-2.26043 -1.6454
-2.28587 -1.5782
-2.28514 -1.5061
-2.26041 -1.42467
-2.21411 -1.33468
-2.1434 -1.24513
-2.04465 -1.16171
-1.92921 -1.07833
-1.80171 -0.998407
-1.66559 -0.918679
-1.52084 -0.838822
-1.36515 -0.758407
-1.19962 -0.678593
-1.02673 -0.599531
-0.851642 -0.517698
-0.674823 -0.440956
-0.498011 -0.369478
-0.320301 -0.302319
-0.134872 -0.243345
0.0382282 -0.185917
0.196288 -0.132937
0.336661 -0.0782601
0.465051 -0.0306082
0.584908 0.0179891
0.69333 0.0687133
0.789845 0.122102
0.873897 0.169646
0.947909 0.220177
1.00085 0.271352
1.0483 0.314987
1.07873 0.358342
1.10822 0.403781
1.09784 0.456288
1.08199 0.508688
1.07019 0.562442
1.04262 0.618107
0.998376 0.674503
0.941015 0.72845
0.878123 0.781602
0.807634 0.835807
0.729823 0.886574
0.653496 0.934548
0.583761 0.98611
0.519921 1.03655
0.45835 1.08038
0.406853 1.12971
0.36863 1.16535
0.337744 1.20069
0.309981 1.22751
0.283122 1.2489
0.257305 1.27673
0.241553 1.30302
0.232411 1.32468
0.234875 1.34492
0.239092 1.36466
0.258931 1.38567
0.286555 1.39917
0.337619 1.41605
0.398556 1.42776
0.455615 1.42048
0.520797 1.40858
0.618455 1.38862
0.701023 1.35755
0.798586 1.31585
0.893161 1.25982
0.994294 1.18838
1.09262 1.12114
1.18518 1.06358
1.25712 1.02023
1.31098 0.986583
1.3431 0.968815
1.36505 0.964991
