0.673692 0.782157
0.703704 0.811532
0.7335 0.834898
0.763007 0.851144
0.787467 0.858905
0.807111 0.850281
0.817821 0.824689
0.820579 0.784271
0.823232 0.734422
0.829765 0.67556
0.826933 0.601844
0.831244 0.513412
0.837116 0.418082
0.842898 0.307981
0.839762 0.191537
0.825008 0.0748707
0.799062 -0.0342849
0.802436 -0.143274
0.815636 -0.247144
0.838357 -0.343253
0.868644 -0.437248
0.895408 -0.527098
0.925666 -0.623653
0.95405 -0.723044
0.971747 -0.815982
0.978934 -0.902105
0.975084 -0.980356
0.960747 -1.0516
0.926194 -1.10898
0.881064 -1.16467
0.827862 -1.21728
0.774602 -1.27241
0.719052 -1.32905
0.651699 -1.3829
0.580221 -1.43667
0.498271 -1.48552
0.406733 -1.5305
0.308254 -1.57654
0.198417 -1.61593
0.0802343 -1.64797
-0.0416576 -1.67757
-0.164479 -1.70263
-0.284735 -1.71985
-0.397817 -1.72998
-0.50304 -1.73565
-0.606629 -1.73187
-0.715106 -1.71137
-0.825897 -1.68283
-0.938383 -1.64258
-1.04617 -1.59518
-1.13952 -1.55164
-1.21521 -1.49723
-1.26785 -1.44315
-1.29748 -1.39317
-1.30797 -1.34254
-1.30214 -1.2908
-1.2834 -1.23914
-1.25694 -1.18579
-1.2247 -1.13179
-1.18093 -1.08548
-1.12545 -1.03824
-1.06109 -0.99151
-1.00246 -0.951008
-0.956845 -0.910172
-0.924483 -0.871395
-0.903345 -0.833869
-0.8943 -0.801295
-0.895286 -0.766245
-0.90222 -0.728441
-0.910142 -0.689163
-0.9221 -0.64816
-0.939448 -0.60546
-0.958082 -0.569576
-0.9856 -0.533079
-1.02438 -0.495637
-1.07283 -0.460476
-1.12751 -0.428291
-1.18591 -0.403172
-1.24712 -0.381558
-1.31352 -0.364172
-1.38793 -0.352878
-1.46963 -0.348399
-1.55559 -0.354213
-1.64239 -0.366286
-1.72813 -0.382726
-1.80848 -0.405314
-1.87814 -0.431462
-1.93452 -0.458222
-1.97679 -0.48476
-2.00254 -0.515916
-2.01143 -0.545291
-2.00505 -0.569242
-1.98369 -0.58774
-1.94512 -0.599563
-1.88301 -0.602623
-1.78984 -0.593359
-1.66174 -0.564624
-1.49873 -0.517724
-1.30955 -0.452798
-1.10376 -0.372684
-0.899904 -0.276491
-0.714137 -0.167836
-0.552309 -0.0547029
-0.411492 0.0720333
-0.286846 0.207115
-0.163118 0.347676
-0.0562326 0.484983
0.0356099 0.618729
0.111733 0.751251
0.17279 0.88216
0.219258 1.00712
0.251582 1.11666
0.275544 1.20787
0.295069 1.27567
0.311821 1.31686
0.33261 1.33533
0.355026 1.33222
0.370709 1.30365
0.391289 1.25867
0.413229 1.2
0.438106 1.14081
0.453699 1.07349
0.458783 1.01407
0.448377 0.970842
0.493953 0.938796
0.525533 0.920826
0.553539 0.914818
0.57128 0.920047
0.581641 0.935375
0.591318 0.960216
0.602273 0.988617
0.612196 1.02022
0.620438 1.04915
0.629781 1.06965
0.644192 1.08509
0.665293 1.09124
0.690496 1.08576
0.716302 1.07168
0.740836 1.05098
0.765497 1.02979
0.78633 1.00584
0.802243 0.986559
0.817316 0.972789
0.835332 0.963526
0.856975 0.956516
0.878083 0.952288
0.900358 0.947531
0.919675 0.9455
0.935544 0.947559
0.94771 0.949451
0.962486 0.958018
0.975723 0.971927
0.989176 0.993124
1.00592 1.01518
1.02496 1.04167
1.04435 1.06261
1.06629 1.08242
1.09456 1.10197
1.12529 1.12317
1.15557 1.14342
1.18288 1.16164
1.2073 1.17494
1.2282 1.19227
1.24209 1.20818
1.25128 1.22009
1.2571 1.22673
1.25925 1.22943
1.26141 1.23202
1.25784 1.23208
