-0.374926 2.74021
-0.375321 2.63338
-0.380484 2.49502
-0.383682 2.32611
-0.401531 2.11513
-0.443287 1.87179
-0.491059 1.60218
-0.53988 1.30957
-0.582644 0.985459
-0.628267 0.648784
-0.668079 0.298973
-0.717718 -0.0469941
-0.771103 -0.384275
-0.829131 -0.697243
-0.891441 -0.962156
-0.942052 -1.1856
-0.979187 -1.36437
-1.00588 -1.49789
-1.02406 -1.59133
-1.03669 -1.64683
-1.0463 -1.66797
-1.05762 -1.6574
-1.07202 -1.61888
-1.08964 -1.55225
-1.10344 -1.46436
-1.10437 -1.36732
-1.09321 -1.25341
-1.06564 -1.13288
-1.02253 -1.0069
-0.966902 -0.874872
-0.892434 -0.745584
-0.809176 -0.610209
-0.716302 -0.467073
-0.609967 -0.320485
-0.490263 -0.167739
-0.351653 -0.0178046
-0.191017 0.129104
-0.00593913 0.270032
0.204299 0.398857
0.447361 0.51202
0.69868 0.616711
0.944251 0.705632
1.16226 0.770561
1.34414 0.832535
1.49147 0.882121
1.6067 0.910884
1.69456 0.934912
1.74562 0.953244
1.75686 0.958655
1.72809 0.950218
1.64933 0.925977
1.52775 0.893833
1.36325 0.851366
1.16389 0.804627
0.933493 0.746675
0.682156 0.683135
0.417901 0.618277
0.141877 0.548436
-0.126988 0.473753
-0.38302 0.393518
-0.619822 0.321043
-0.827983 0.253729
-1.00182 0.202256
-1.13235 0.15929
-1.21789 0.122447
-1.25442 0.0900541
-1.24539 0.0623953
-1.19468 0.033099
-1.10811 0.00479946
-0.993303 -0.0263123
-0.851375 -0.068281
-0.69312 -0.111282
-0.521334 -0.156811
-0.33677 -0.207073
-0.153114 -0.251712
0.0379655 -0.299163
0.230832 -0.351775
0.415928 -0.404743
0.592161 -0.456715
0.756967 -0.509363
0.906652 -0.559092
1.03639 -0.605047
1.14406 -0.645592
1.23096 -0.677878
1.29953 -0.699877
1.35531 -0.71764
1.39916 -0.727857
1.42738 -0.726931
1.44589 -0.723229
1.45735 -0.718352
1.46047 -0.708314
1.45859 -0.697599
1.45682 -0.688344
