-0.168511 2.36805
-0.16501 2.40364
-0.163763 2.41998
-0.167194 2.4032
-0.172939 2.37604
-0.172589 2.33241
-0.181226 2.25926
-0.188906 2.15556
-0.20281 2.02582
-0.211824 1.87444
-0.244898 1.6881
-0.292207 1.48347
-0.344948 1.25288
-0.407862 1.00726
-0.468557 0.746929
-0.53158 0.484498
-0.610608 0.230947
-0.692817 -0.0118655
-0.771559 -0.237474
-0.843572 -0.432881
-0.895173 -0.609506
-0.930159 -0.767782
-0.962177 -0.89861
-0.98898 -1.01412
-1.016 -1.11159
-1.04204 -1.1922
-1.06467 -1.25607
-1.08349 -1.30143
-1.10151 -1.32659
-1.11983 -1.33476
-1.14018 -1.32764
-1.16296 -1.30595
-1.18715 -1.2699
-1.19914 -1.23398
-1.20565 -1.18493
-1.20318 -1.12406
-1.18987 -1.05252
-1.16785 -0.972101
-1.13997 -0.887069
-1.11155 -0.795012
-1.07589 -0.701965
-1.03556 -0.601275
-0.987945 -0.492664
-0.925671 -0.383248
-0.844799 -0.277236
-0.739607 -0.178681
-0.607024 -0.0864391
-0.448716 -0.000880561
-0.259491 0.0718983
-0.0534079 0.13691
0.163695 0.201675
0.38706 0.258301
0.611232 0.309327
0.83477 0.361033
1.05057 0.407975
1.25109 0.450398
1.42884 0.490501
1.57333 0.525467
1.683 0.556843
1.76281 0.5846
1.81245 0.610221
1.83123 0.627858
1.81314 0.640019
1.75949 0.644661
1.66587 0.642556
1.53474 0.637296
1.36894 0.62724
1.17769 0.61087
0.968585 0.584661
0.743785 0.548334
0.506783 0.497834
0.261696 0.440867
0.012451 0.370316
-0.231445 0.292958
-0.458619 0.20709
-0.662326 0.12379
-0.838144 0.0513519
-0.969464 -0.0145885
-1.05074 -0.0722979
-1.0781 -0.126975
-1.052 -0.179764
-0.973864 -0.232399
-0.853577 -0.287912
-0.702946 -0.342898
-0.533144 -0.400948
-0.353284 -0.457327
-0.166418 -0.515933
0.0151519 -0.56501
0.203178 -0.620615
0.394544 -0.674642
0.583117 -0.723007
0.76096 -0.765925
0.923607 -0.800489
1.06959 -0.826791
1.19486 -0.847399
1.29784 -0.857425
1.37949 -0.861262
1.43483 -0.85529
1.46934 -0.846347
1.48799 -0.836847
1.49608 -0.825429
1.49396 -0.810453
1.48343 -0.790742
1.47 -0.768277
1.4559 -0.747916
