-2.17556 -1.07436
-2.16615 -1.09146
-2.15639 -1.10371
-2.14379 -1.11186
-2.12693 -1.11659
-2.10703 -1.1172
-2.08221 -1.11108
-2.04973 -1.10033
-2.0072 -1.08433
-1.95108 -1.06486
-1.87884 -1.03903
-1.78764 -1.00648
-1.68104 -0.963883
-1.5614 -0.910339
-1.43069 -0.848144
-1.29555 -0.773047
-1.1489 -0.694977
-1.00537 -0.602216
-0.864345 -0.496819
-0.726026 -0.380476
-0.59233 -0.253259
-0.461645 -0.123095
-0.324247 0.00259941
-0.195098 0.136606
-0.0736746 0.275638
0.0370522 0.413945
0.131144 0.552904
0.217857 0.689713
0.286343 0.82848
0.33319 0.95659
0.366607 1.08808
0.392886 1.20984
0.410677 1.32444
0.42537 1.43472
0.430715 1.53241
0.432204 1.62532
0.432201 1.71755
0.448535 1.80741
0.450973 1.87301
0.449457 1.91392
0.447158 1.95383
0.445765 1.98404
0.440041 1.99998
0.435991 2.01148
0.432876 2.00786
0.427056 2.0001
0.399608 1.98024
0.370932 1.94941
0.342684 1.907
0.316538 1.85049
0.283934 1.79076
0.240862 1.72243
0.191474 1.63993
0.148311 1.55928
0.104007 1.46906
0.0626265 1.36893
0.0241043 1.26104
-0.028514 1.14786
-0.0731127 1.02224
-0.106823 0.884126
-0.134718 0.745167
-0.156354 0.60135
-0.18479 0.45983
-0.228649 0.319783
-0.271801 0.180437
-0.309598 0.0391092
-0.341053 -0.101856
-0.368364 -0.239631
-0.405565 -0.36709
-0.446349 -0.489208
-0.489528 -0.608185
-0.534937 -0.719695
-0.578703 -0.819681
-0.617166 -0.913408
-0.659919 -0.994328
-0.700475 -1.06781
-0.742049 -1.13452
-0.781583 -1.19123
-0.820715 -1.2367
-0.858324 -1.27114
-0.8939 -1.29177
-0.925606 -1.29822
-0.952038 -1.29027
-0.971123 -1.26819
-0.980904 -1.234
-0.975208 -1.19297
-0.974821 -1.12875
-0.96148 -1.05937
-0.942617 -0.979565
-0.914892 -0.886684
-0.873644 -0.783968
-0.8018 -0.677701
-0.706316 -0.559424
-0.581258 -0.425467
-0.423959 -0.282399
-0.2315 -0.137907
-0.0351579 0.00453243
0.14876 0.142622
0.316898 0.272086
0.476686 0.384346
0.633248 0.484451
0.792781 0.565952
0.960809 0.632641
1.12837 0.68737
1.2901 0.731442
1.44917 0.756499
1.5928 0.767106
1.70983 0.760727
1.7976 0.735188
1.86267 0.694425
1.89889 0.647405
1.90577 0.595817
1.8849 0.542756
1.83702 0.490081
1.76205 0.435498
1.65958 0.379199
1.52982 0.320967
1.36444 0.266021
1.1846 0.20501
0.990697 0.142453
0.783297 0.0739035
0.567928 0.00781855
0.355658 -0.049302
0.16758 -0.0976274
0.00533565 -0.137496
-0.132012 -0.169487
-0.242555 -0.198144
-0.325679 -0.22192
-0.377613 -0.247049
-0.399272 -0.271188
-0.392683 -0.299337
-0.362454 -0.330459
-0.311357 -0.369167
-0.245658 -0.411186
-0.171916 -0.458159
-0.0993755 -0.501627
-0.0161018 -0.550822
0.0793332 -0.598616
0.185846 -0.645347
0.303394 -0.692077
0.426369 -0.738059
0.546479 -0.78189
0.656708 -0.820236
0.763604 -0.857809
0.86446 -0.893715
0.959212 -0.928316
1.04571 -0.957964
1.12183 -0.979952
1.18946 -0.996165
1.25192 -1.00929
1.31204 -1.0183
1.37064 -1.02245
1.42614 -1.02009
1.47874 -1.01465
1.51837 -1.00165
1.55421 -0.986572
1.58394 -0.970456
