-1.57832 0.154002
-1.40165 0.2966
-1.23198 0.451098
-1.06628 0.615596
-0.88327 0.780883
-0.712116 0.955439
-0.567355 1.12619
-0.443382 1.2947
-0.341781 1.46045
-0.245019 1.60855
-0.181341 1.7367
-0.141459 1.84497
-0.103933 1.93933
-0.073477 2.00745
-0.0469587 2.05815
-0.0281801 2.08912
-0.0279811 2.09657
-0.0292484 2.08377
-0.0299501 2.05184
-0.0278659 1.99
-0.0351867 1.90488
-0.0156436 1.80614
0.00271603 1.68799
0.0288154 1.54492
0.0405978 1.37829
0.0163103 1.20444
-0.0208279 1.01462
-0.0625639 0.814449
-0.118355 0.608199
-0.200895 0.400895
-0.283141 0.190258
-0.380428 -0.00944289
-0.464591 -0.196805
-0.53429 -0.364783
-0.594931 -0.51355
-0.667091 -0.643341
-0.743662 -0.766875
-0.824714 -0.885059
-0.908563 -0.997599
-1.01332 -1.09362
-1.10925 -1.18768
-1.19725 -1.27189
-1.27671 -1.34148
-1.33762 -1.39414
-1.38195 -1.42393
-1.41831 -1.43051
-1.44774 -1.41472
-1.46996 -1.38045
-1.48272 -1.33098
-1.47121 -1.27598
-1.45146 -1.20853
-1.42111 -1.13341
-1.38172 -1.05169
-1.33462 -0.966401
-1.26915 -0.879591
-1.2019 -0.783103
-1.12437 -0.680884
-1.02988 -0.572846
-0.900991 -0.462967
-0.766127 -0.348409
-0.626015 -0.235722
-0.483526 -0.130521
-0.335759 -0.0311966
-0.18597 0.0643267
-0.0332806 0.149763
0.140722 0.219877
0.312254 0.282215
0.492226 0.338149
0.681028 0.384024
0.878124 0.421684
1.08941 0.450396
1.31624 0.467794
1.52962 0.475103
1.71791 0.47022
1.86736 0.457355
1.97464 0.432298
2.04265 0.394989
2.03411 0.353411
1.98712 0.306688
1.90054 0.259613
1.78022 0.207714
1.63129 0.158476
1.45861 0.109355
1.26948 0.0586251
1.06689 0.00576131
0.852622 -0.0467809
0.624346 -0.101458
0.387399 -0.157421
0.15086 -0.215431
-0.0756973 -0.262388
-0.256822 -0.305428
-0.386952 -0.345251
-0.464329 -0.3818
-0.49024 -0.417237
-0.466895 -0.452178
-0.402474 -0.487878
-0.316834 -0.521415
-0.216751 -0.558256
-0.10563 -0.600155
0.0135035 -0.640505
0.146828 -0.68334
0.287976 -0.722578
0.434665 -0.763864
0.588832 -0.806143
0.743166 -0.844914
0.886084 -0.880088
1.02039 -0.912251
1.14681 -0.94453
1.24535 -0.965144
1.35086 -0.99371
1.41533 -1.00965
1.4724 -1.02374
1.51958 -1.03602
1.56032 -1.04798
1.61062 -1.06423
1.63417 -1.06447
