-0.831473 1.85998
-0.822472 1.90344
-0.816854 1.93819
-0.815793 1.97932
-0.820137 2.00272
-0.828433 2.02452
-0.836352 2.03745
-0.841841 2.04105
-0.845966 2.04238
-0.846032 2.03099
-0.837667 2.01032
-0.825449 1.97934
-0.806174 1.93629
-0.782049 1.87315
-0.747174 1.79183
-0.720198 1.68775
-0.682518 1.56869
-0.64703 1.42969
-0.632069 1.27614
-0.623458 1.10642
-0.625805 0.923892
-0.638438 0.730855
-0.665525 0.532958
-0.688155 0.334376
-0.714366 0.138278
-0.740328 -0.0528107
-0.777449 -0.232702
-0.819379 -0.401973
-0.868917 -0.560089
-0.930192 -0.702512
-0.99176 -0.831253
-1.05311 -0.941452
-1.11345 -1.02534
-1.1642 -1.09175
-1.20466 -1.14273
-1.23603 -1.17682
-1.25963 -1.19459
-1.27803 -1.19928
-1.29755 -1.18992
-1.3144 -1.17204
-1.33268 -1.13886
-1.34852 -1.09124
-1.35536 -1.03131
-1.34013 -0.966417
-1.30454 -0.891545
-1.24864 -0.808836
-1.172 -0.721117
-1.06635 -0.632992
-0.936974 -0.537929
-0.783905 -0.43336
-0.612041 -0.324445
-0.430649 -0.21553
-0.234241 -0.114773
-0.0328528 -0.0182542
0.176886 0.0694859
0.39573 0.146521
0.61405 0.213493
0.821817 0.275904
1.005 0.328381
1.15733 0.375763
1.29096 0.415693
1.37627 0.450935
1.44769 0.477355
1.48942 0.492964
1.50023 0.499151
1.48195 0.494784
1.41795 0.482922
1.33119 0.462561
1.22697 0.436269
1.11252 0.402783
0.990589 0.368419
0.856549 0.336346
0.709514 0.302175
0.556326 0.263786
0.399394 0.221607
0.246131 0.175896
0.100445 0.127573
-0.0357736 0.0748385
-0.167049 0.0206915
-0.276137 -0.0344833
-0.359027 -0.0898508
-0.413342 -0.142264
-0.435603 -0.189902
-0.427349 -0.233001
-0.392499 -0.275009
-0.3341 -0.315581
-0.256522 -0.356711
-0.172616 -0.396299
-0.0755482 -0.439548
0.0325041 -0.487722
0.145287 -0.54022
0.257377 -0.596016
0.373506 -0.653053
0.493697 -0.706344
0.62056 -0.759656
0.748009 -0.807294
0.862009 -0.844442
0.974012 -0.876921
1.07927 -0.904926
1.1782 -0.927386
1.2708 -0.947298
1.35571 -0.966417
1.42608 -0.982197
1.48255 -0.993608
1.52694 -1.00102
1.55844 -1.0062
1.58193 -1.00894
1.59863 -1.00787
1.60714 -1.00132
1.61154 -0.991082
1.6108 -0.977486
1.60684 -0.962692
1.61204 -0.953871
1.60963 -0.944193
1.60652 -0.933638
