-0.722335 1.47687
-0.698054 1.55371
-0.672413 1.63232
-0.650338 1.71078
-0.632043 1.78914
-0.623268 1.86022
-0.617133 1.92212
-0.611496 1.9832
-0.595938 2.04179
-0.583305 2.09992
-0.586852 2.14932
-0.572012 2.1978
-0.564033 2.23599
-0.559522 2.26637
-0.56268 2.29036
-0.565838 2.30473
-0.569398 2.3139
-0.582018 2.3013
-0.592294 2.27507
-0.597938 2.24285
-0.597012 2.20549
-0.596922 2.16012
-0.596469 2.10357
-0.582069 2.04268
-0.584341 1.9739
-0.581008 1.89663
-0.575533 1.81155
-0.563813 1.71296
-0.549077 1.60939
-0.53496 1.49735
-0.535413 1.38553
-0.535642 1.2659
-0.537706 1.14684
-0.53527 1.03699
-0.535489 0.933977
-0.534253 0.831533
-0.535312 0.732093
-0.543194 0.633549
-0.556319 0.537814
-0.582483 0.447949
-0.608551 0.35744
-0.634399 0.268628
-0.657761 0.182547
-0.67983 0.101496
-0.705418 0.0269404
-0.727966 -0.0439297
-0.744177 -0.112713
-0.756499 -0.177518
-0.766524 -0.239261
-0.781285 -0.294979
-0.792216 -0.351885
-0.801186 -0.40807
-0.807774 -0.463144
-0.812627 -0.516521
-0.820251 -0.564535
-0.822781 -0.612432
-0.821306 -0.660445
-0.816297 -0.708206
-0.809689 -0.756707
-0.809288 -0.802303
-0.808084 -0.850453
-0.811689 -0.898272
-0.81996 -0.946013
-0.836119 -0.989873
-0.851412 -1.03459
-0.86541 -1.07771
-0.877978 -1.11874
-0.895555 -1.15357
-0.912329 -1.18811
-0.93111 -1.22033
-0.950881 -1.25018
-0.969338 -1.27794
-0.985763 -1.30289
-1.00432 -1.31927
-1.01909 -1.3325
-1.03253 -1.34132
-1.04539 -1.34613
-1.05689 -1.34778
-1.06174 -1.34937
-1.06499 -1.34548
-1.06487 -1.33686
-1.06121 -1.32344
-1.05522 -1.30532
-1.04889 -1.28211
-1.04214 -1.25541
-1.03077 -1.22844
-1.02171 -1.19607
-1.01577 -1.15913
-1.01207 -1.11831
-1.00148 -1.07878
-0.989963 -1.03502
-0.974936 -0.989619
-0.958453 -0.940552
-0.933757 -0.893572
-0.907793 -0.844037
-0.879162 -0.793254
-0.84606 -0.742081
-0.808887 -0.691005
-0.76299 -0.643069
-0.713282 -0.594802
-0.661062 -0.546261
-0.607179 -0.497487
-0.549705 -0.448596
-0.487641 -0.401147
-0.416726 -0.358282
-0.349057 -0.313778
-0.28008 -0.269919
-0.211126 -0.22756
-0.143496 -0.185573
-0.0777608 -0.142727
-0.0131747 -0.101187
0.0504109 -0.0606234
0.122479 -0.026651
0.192272 0.00855007
0.263755 0.0431661
0.333325 0.0790107
0.404127 0.112008
0.47669 0.142158
0.550467 0.171333
0.625234 0.20002
0.702201 0.226953
0.780085 0.254879
0.858139 0.279198
0.938989 0.300826
1.01848 0.321674
1.10033 0.340415
1.18366 0.358474
1.2649 0.374329
1.34527 0.389638
1.42399 0.405844
1.51077 0.418091
1.59169 0.430105
1.66442 0.44241
1.72862 0.451947
1.78024 0.45809
1.82009 0.46084
1.84892 0.458811
1.86758 0.456491
1.87693 0.452142
1.86342 0.448456
1.84298 0.441884
1.81254 0.433576
1.77384 0.421524
1.7262 0.408574
1.66733 0.393148
1.59558 0.374992
1.50946 0.354593
1.41122 0.333375
1.30296 0.311552
1.18521 0.290393
1.06035 0.270364
0.930213 0.250277
0.798406 0.231048
0.667235 0.209947
0.53713 0.187305
0.407357 0.162869
0.279303 0.138141
0.154459 0.111793
0.0309074 0.0852123
-0.0874942 0.0567004
-0.198914 0.0311529
-0.302245 0.00872559
-0.397284 -0.0136042
-0.483631 -0.0347833
-0.559043 -0.0557674
-0.626626 -0.0746258
-0.681292 -0.0942253
-0.724374 -0.114663
-0.755457 -0.137968
-0.776089 -0.161741
-0.787226 -0.185143
-0.7881 -0.208195
-0.778897 -0.228672
-0.756383 -0.247628
-0.72086 -0.265199
-0.672433 -0.281932
-0.611916 -0.29962
-0.540639 -0.318205
-0.461691 -0.337922
-0.376463 -0.358418
-0.291231 -0.375658
-0.19548 -0.39633
-0.0910574 -0.418738
0.0210013 -0.442901
0.140921 -0.470126
0.263017 -0.499652
0.386588 -0.531128
0.510228 -0.564047
0.630107 -0.595289
0.741184 -0.624464
0.852683 -0.654497
0.966539 -0.687085
1.08048 -0.72098
1.19154 -0.753548
1.29506 -0.785121
1.39554 -0.816344
1.48083 -0.84312
1.56138 -0.869448
1.63585 -0.89523
1.70157 -0.920134
1.75907 -0.942541
1.80852 -0.96255
1.85008 -0.978971
1.88397 -0.99155
1.9132 -1.00054
1.93941 -1.00598
1.96222 -1.00781
1.98424 -1.006
2.00276 -1.00128
2.01591 -0.995587
2.02211 -0.987747
2.02275 -0.97821
2.01996 -0.96883
