-2.40057 -1.00674
-2.38937 -1.01825
-2.36972 -1.02859
-2.34013 -1.03836
-2.30034 -1.04433
-2.24796 -1.04755
-2.18218 -1.04601
-2.09923 -1.04313
-2.00002 -1.03399
-1.88644 -1.01972
-1.75734 -1.00791
-1.62459 -0.989509
-1.49473 -0.962918
-1.36543 -0.932071
-1.2361 -0.890629
-1.10271 -0.840348
-0.968083 -0.781483
-0.832843 -0.713217
-0.696428 -0.6341
-0.548363 -0.554164
-0.404152 -0.452595
-0.24727 -0.351424
-0.0909833 -0.244476
0.0590147 -0.131214
0.200316 -0.0146078
0.329183 0.10408
0.452251 0.220499
0.561687 0.342368
0.655908 0.467768
0.741051 0.589426
0.815574 0.711388
0.878806 0.833864
0.931533 0.952388
0.98413 1.06191
1.02344 1.16338
1.05158 1.25176
1.06478 1.32693
1.06862 1.39262
1.0607 1.4535
1.0418 1.51143
1.00793 1.56138
0.963247 1.59929
0.910926 1.62155
0.857544 1.6318
0.805334 1.63173
0.760619 1.61947
0.720497 1.59566
0.682812 1.5637
0.650162 1.51905
0.617779 1.46084
0.587527 1.39328
0.542766 1.32244
0.501748 1.24419
0.467131 1.15375
0.43882 1.0588
0.413648 0.956879
0.388494 0.85227
0.360149 0.745252
0.332549 0.63358
0.29481 0.533601
0.267951 0.430676
0.251684 0.326465
0.240517 0.219237
0.234035 0.110184
0.227625 0.00354034
0.212105 -0.0966018
0.19721 -0.199691
0.177339 -0.299716
0.155864 -0.395695
0.136803 -0.487114
0.126818 -0.574066
0.120023 -0.649161
0.124537 -0.724303
0.134753 -0.795282
0.153385 -0.862823
0.182103 -0.924774
0.220505 -0.979359
0.262282 -1.02064
0.311862 -1.05768
0.364237 -1.08785
0.415021 -1.11054
0.460677 -1.12543
0.501777 -1.13411
0.541436 -1.13806
0.583167 -1.13968
0.627503 -1.1401
0.670754 -1.1383
0.711425 -1.13533
0.746699 -1.12826
