-2.7844 -1.2118
-2.76285 -1.22123
-2.72814 -1.22888
-2.67593 -1.23089
-2.608 -1.23156
-2.52541 -1.2279
-2.43199 -1.22236
-2.32779 -1.2119
-2.21511 -1.19809
-2.09403 -1.18416
-1.96495 -1.17148
-1.82742 -1.15255
-1.68014 -1.13168
-1.52169 -1.10557
-1.35625 -1.07436
-1.1913 -1.03824
-1.03208 -0.999038
-0.883106 -0.956478
-0.74532 -0.910902
-0.618668 -0.8609
-0.501822 -0.807775
-0.396926 -0.745239
-0.296966 -0.67539
-0.192432 -0.604791
-0.0885941 -0.527028
0.0124584 -0.445972
0.110773 -0.357237
0.200821 -0.26784
0.282849 -0.176218
0.361193 -0.0884251
0.44461 -0.0036901
0.527022 0.0799328
0.610212 0.1627
0.693318 0.246323
0.769895 0.329026
0.841147 0.419771
0.903018 0.506431
0.961056 0.594887
1.0226 0.679387
1.07459 0.762561
1.12078 0.839083
1.16027 0.915157
1.19679 0.982269
1.23314 1.04632
1.2667 1.10999
1.28893 1.16902
1.3014 1.22758
1.3094 1.28188
1.31472 1.33299
1.31672 1.37709
1.30829 1.41384
1.2969 1.43796
1.28364 1.4604
1.26759 1.48591
1.24711 1.50325
1.22344 1.51767
1.19792 1.53805
1.17126 1.55274
1.1374 1.55972
1.10346 1.56566
1.07872 1.56953
1.04322 1.56401
0.99611 1.5483
0.94665 1.5259
0.889571 1.50296
0.833186 1.46792
0.778545 1.43353
0.726383 1.39897
0.673892 1.36696
0.617849 1.33907
0.554971 1.301
0.489464 1.25664
0.423016 1.21291
0.357419 1.16397
0.289671 1.11314
0.224272 1.06461
0.159545 1.01525
0.0962157 0.961459
0.0358861 0.907201
-0.0200815 0.854931
-0.0716685 0.799988
-0.119545 0.747783
-0.164133 0.69455
-0.208497 0.643072
-0.242184 0.588578
-0.279178 0.533571
-0.312974 0.475463
-0.346042 0.415622
-0.375651 0.354049
-0.403954 0.296133
-0.430879 0.241361
-0.455761 0.187787
-0.481319 0.134127
-0.505227 0.0823923
-0.524857 0.0287111
-0.539256 -0.024414
-0.551094 -0.0767051
-0.554161 -0.131113
-0.550238 -0.189564
-0.5422 -0.247309
-0.529158 -0.305224
-0.511239 -0.362413
-0.489258 -0.419709
-0.464695 -0.475486
-0.439145 -0.528461
-0.414438 -0.574978
-0.383691 -0.621644
-0.348372 -0.668268
-0.309031 -0.712389
-0.266746 -0.755206
-0.223296 -0.798065
-0.178534 -0.838743
-0.131735 -0.878651
-0.0869851 -0.916442
-0.042791 -0.950297
-0.00131879 -0.977715
0.0426848 -1.00332
0.088519 -1.0281
0.133861 -1.05308
0.177908 -1.07556
0.221894 -1.09725
0.262824 -1.11842
0.300262 -1.13532
0.333992 -1.14825
0.363068 -1.15651
0.38595 -1.1591
0.405178 -1.15722
0.420009 -1.15108
0.430702 -1.14426
0.437932 -1.13643
0.442436 -1.12638
0.446959 -1.11489
0.451104 -1.10276
0.454111 -1.08927
0.456902 -1.07319
0.458885 -1.05642
0.459448 -1.03989
