-2.4637 -1.20932
-2.45803 -1.20861
-2.45065 -1.20953
-2.44174 -1.21138
-2.43083 -1.21368
-2.4173 -1.21526
-2.39986 -1.21448
-2.37655 -1.21342
-2.34877 -1.21186
-2.31464 -1.20995
-2.27237 -1.20601
-2.22211 -1.20351
-2.16471 -1.19876
-2.10094 -1.1931
-2.03394 -1.18618
-1.96206 -1.18099
-1.88487 -1.16775
-1.80471 -1.15531
-1.72154 -1.13843
-1.6351 -1.11754
-1.54605 -1.0936
-1.45452 -1.06961
-1.36034 -1.0475
-1.26439 -1.02359
-1.16711 -0.996498
-1.06993 -0.967367
-0.975733 -0.933526
-0.885315 -0.897423
-0.797895 -0.860673
-0.712169 -0.82003
-0.628299 -0.773893
-0.546841 -0.72638
-0.467746 -0.677505
-0.387733 -0.631896
-0.307303 -0.582852
-0.225791 -0.531154
-0.144011 -0.476294
-0.0632231 -0.418169
0.0142396 -0.357492
0.0872176 -0.295983
0.154536 -0.231939
0.220104 -0.171042
0.282433 -0.108886
0.341782 -0.0429042
0.399406 0.0251526
0.455768 0.0962703
0.509109 0.169055
0.562501 0.240462
0.61235 0.310406
0.656922 0.381031
0.695793 0.449053
0.730048 0.51478
0.761267 0.578994
0.794097 0.641864
0.828518 0.705397
0.862523 0.768352
0.904426 0.832974
0.943478 0.898905
0.98078 0.967693
1.01447 1.03487
1.04281 1.10382
1.06719 1.1688
1.08823 1.23332
1.10289 1.29522
1.11176 1.34621
1.11662 1.39902
1.11717 1.44824
1.11268 1.49315
1.10453 1.53597
1.09152 1.57243
1.07512 1.61022
1.05227 1.64003
1.02619 1.66727
0.99563 1.68909
0.967726 1.70358
0.937683 1.71574
0.902831 1.71654
0.869937 1.71519
0.835792 1.71315
0.80514 1.70785
0.769338 1.69686
0.736543 1.6811
0.706987 1.66008
0.674339 1.63248
0.636156 1.60862
0.60434 1.57675
0.567525 1.5459
0.53149 1.50725
0.49801 1.46189
0.464434 1.41157
0.432657 1.35899
0.400466 1.30386
0.365371 1.24983
0.328397 1.19518
0.291367 1.13783
0.256553 1.07848
0.225066 1.01823
0.195284 0.959462
0.165882 0.902136
0.133864 0.843636
0.100579 0.785103
0.0672505 0.725362
0.0354095 0.664736
0.00518496 0.60457
-0.0223996 0.545237
-0.0470589 0.488438
-0.066779 0.429429
-0.0821073 0.367256
-0.0964607 0.311647
-0.108402 0.25495
-0.118423 0.199138
-0.123156 0.145944
-0.121295 0.0946718
-0.114791 0.047396
-0.106173 0.000749412
-0.0976216 -0.042258
-0.0874117 -0.0865238
-0.0757996 -0.131266
-0.0653175 -0.17009
-0.0543329 -0.212383
-0.0456261 -0.254829
-0.0413663 -0.297717
-0.0398378 -0.341252
-0.0385083 -0.382474
-0.0354706 -0.422386
-0.0309042 -0.460989
-0.0246736 -0.494847
-0.0147306 -0.531137
-0.00272152 -0.568329
0.0109861 -0.605928
0.0254925 -0.642678
0.0416318 -0.679138
0.0599871 -0.713676
0.0811129 -0.742331
0.105681 -0.769387
0.132864 -0.794538
0.162818 -0.818635
0.195857 -0.84144
0.232727 -0.863071
0.272717 -0.88222
0.316134 -0.899685
0.362754 -0.914564
0.411086 -0.92606
0.460344 -0.929036
0.511559 -0.930295
0.563752 -0.930975
0.61607 -0.932284
0.667715 -0.932982
0.718207 -0.933815
0.767081 -0.93407
0.812534 -0.934818
0.854426 -0.935362
0.892079 -0.934478
0.92481 -0.930839
0.952646 -0.925312
0.9741 -0.916571
0.989415 -0.905534
0.999501 -0.891114
1.00693 -0.879023
1.00986 -0.86552
1.00931 -0.851763
