-0.966557 0.0765038
-0.924286 0.113561
-0.839113 0.165108
-0.716404 0.229925
-0.542168 0.311283
-0.339063 0.408272
-0.125061 0.513874
0.0913362 0.618711
0.308184 0.727586
0.50593 0.838365
0.713199 0.945351
0.859107 1.04652
1.02145 1.14402
1.15798 1.23109
1.25943 1.30428
1.33157 1.37274
1.38338 1.42601
1.43485 1.47063
1.47396 1.50311
1.49906 1.52079
1.50779 1.52408
1.48417 1.50674
1.44264 1.47442
1.40465 1.4279
1.36484 1.36585
1.32143 1.27896
1.2548 1.17655
1.19944 1.0595
1.14999 0.932896
1.07138 0.790839
0.954276 0.639551
0.830413 0.481116
0.70586 0.317796
0.557177 0.156023
0.41241 -0.00526204
0.258698 -0.166091
0.0687977 -0.317802
-0.132344 -0.460233
-0.360613 -0.588938
-0.574809 -0.706475
-0.766573 -0.811116
-0.933359 -0.902504
-1.07541 -0.981144
-1.21029 -1.04266
-1.31932 -1.09371
-1.40528 -1.13344
-1.4552 -1.16291
-1.47367 -1.18268
-1.46488 -1.19474
-1.43408 -1.19997
-1.38989 -1.19972
-1.33585 -1.19487
-1.27219 -1.18575
-1.19554 -1.17345
-1.10653 -1.15596
-1.00812 -1.13271
-0.886389 -1.10886
-0.770199 -1.07887
-0.665415 -1.04451
-0.571499 -1.00929
-0.488915 -0.974013
-0.412037 -0.938372
-0.339363 -0.903074
-0.265255 -0.869371
-0.175068 -0.839592
-0.0956763 -0.809667
-0.0253001 -0.780181
0.0335251 -0.752014
