-0.940294 0.0245412
-0.742713 0.0536908
-0.487967 0.0964073
-0.158665 0.157074
0.16818 0.23862
0.458622 0.332516
0.676669 0.423836
0.837538 0.513157
0.976861 0.603166
1.08662 0.692295
1.17008 0.777008
1.2849 0.864152
1.3594 0.943362
1.38863 1.01966
1.40013 1.09789
1.43314 1.17616
1.37045 1.23038
1.31151 1.28306
1.24506 1.32839
1.1929 1.37229
1.17829 1.41171
1.1569 1.44511
1.08273 1.45849
1.01124 1.45316
1.00077 1.45052
0.934811 1.42132
0.936522 1.39793
0.909187 1.36187
0.887551 1.31349
0.895745 1.25788
0.923401 1.1976
0.965618 1.13021
0.966969 1.03825
0.956395 0.928707
0.953295 0.81686
0.919748 0.689479
0.84105 0.549058
0.710216 0.400382
0.561902 0.243547
0.404634 0.0844083
0.229706 -0.0674993
0.0895851 -0.207264
-0.0168078 -0.332758
-0.0978341 -0.439101
-0.189871 -0.529046
-0.282346 -0.611775
-0.380802 -0.688984
-0.486089 -0.763634
-0.600213 -0.834797
-0.730416 -0.898391
-0.857467 -0.96037
-0.977238 -1.01936
-1.08381 -1.07268
-1.17242 -1.11812
-1.23774 -1.15395
-1.28006 -1.18144
-1.31794 -1.19518
-1.3253 -1.20717
-1.33969 -1.21065
-1.33103 -1.21603
-1.32362 -1.21713
-1.31494 -1.21489
-1.30034 -1.21107
-1.2781 -1.20293
-1.24793 -1.19064
-1.21716 -1.17453
-1.18174 -1.15544
-1.14436 -1.13332
-1.10844 -1.10906
-1.07973 -1.08164
-1.05367 -1.05358
-1.02544 -1.02648
-0.979219 -1.00401
-0.939677 -0.982144
-0.905807 -0.959842
-0.879528 -0.936788
-0.860541 -0.915942
