-2.41213 -0.750822
-2.24677 -0.722201
-2.06589 -0.685368
-1.87235 -0.646253
-1.66407 -0.600502
-1.44079 -0.544007
-1.20707 -0.483344
-0.975726 -0.422163
-0.742088 -0.354531
-0.514321 -0.281653
-0.297389 -0.198114
-0.05822 -0.106383
0.139128 -0.00747633
0.306848 0.0980463
0.429206 0.197202
0.530767 0.296088
0.61981 0.391635
0.690256 0.46891
0.764016 0.544609
0.832812 0.618566
0.888832 0.687048
0.942831 0.751652
0.979897 0.816172
1.05175 0.881854
1.1162 0.947163
1.16562 1.01108
1.19361 1.06729
1.20197 1.11685
1.208 1.16445
1.21496 1.20784
1.22563 1.24816
1.24493 1.2863
1.2388 1.31987
1.2201 1.34289
1.19282 1.3627
1.16442 1.38441
1.13529 1.39646
1.10022 1.39161
1.08485 1.38775
1.05102 1.37149
1.02107 1.34775
0.996959 1.3094
0.975531 1.24619
0.993304 1.18594
0.952955 1.10298
0.899377 0.997
0.82353 0.883182
0.710066 0.747006
0.571504 0.593617
0.430759 0.42853
0.265852 0.259441
0.138335 0.0976522
0.0353516 -0.0528336
-0.0515248 -0.193551
-0.145032 -0.329395
-0.265028 -0.458478
-0.363727 -0.581857
-0.452786 -0.699616
-0.534051 -0.812169
-0.59958 -0.91624
-0.651508 -1.00706
-0.718024 -1.08014
-0.759279 -1.14147
-0.781564 -1.1921
-0.800469 -1.2319
-0.816755 -1.26313
-0.834447 -1.29028
-0.856878 -1.31351
-0.88188 -1.33352
-0.912008 -1.35167
-0.935781 -1.36764
-0.957322 -1.3801
-0.97626 -1.3909
-0.994841 -1.39955
-1.00495 -1.40578
-1.00611 -1.40607
-1.00178 -1.40318
-0.994421 -1.3958
-0.984912 -1.38456
-0.971457 -1.37149
