-1.14049 1.04465
-1.14051 1.08455
-1.14075 1.13131
-1.13767 1.1728
-1.13269 1.21086
-1.12412 1.24945
-1.11228 1.2739
-1.1007 1.29917
-1.08784 1.2997
-1.07886 1.29597
-1.06948 1.27005
-1.05767 1.22021
-1.04651 1.14877
-1.03515 1.05193
-1.02325 0.930063
-1.01448 0.793926
-1.00964 0.633817
-1.01288 0.460213
-1.01674 0.264058
-1.02485 0.0649431
-1.03323 -0.140091
-1.0441 -0.341692
-1.05589 -0.541102
-1.06918 -0.727669
-1.08373 -0.906363
-1.0976 -1.08133
-1.11287 -1.23972
-1.13062 -1.39054
-1.14962 -1.52993
-1.17289 -1.63499
-1.19693 -1.71655
-1.21628 -1.77752
-1.2355 -1.79309
-1.2494 -1.78279
-1.25478 -1.75911
-1.25484 -1.71194
-1.25032 -1.6376
-1.23724 -1.55005
-1.21797 -1.4312
-1.1897 -1.27819
-1.15605 -1.09394
-1.11709 -0.890856
-1.07155 -0.679488
-1.02185 -0.473744
-0.970361 -0.279069
-0.923747 -0.0782965
-0.876901 0.110815
-0.824849 0.282288
-0.774228 0.457313
-0.723293 0.61902
-0.672559 0.775695
-0.622431 0.917041
-0.572589 1.04625
-0.520962 1.15043
-0.474989 1.25152
-0.431951 1.32936
-0.393052 1.38109
-0.357868 1.39601
-0.32783 1.38387
-0.300136 1.34611
-0.272407 1.28727
-0.243697 1.22098
-0.211361 1.12243
-0.18105 1.01547
-0.152613 0.885611
-0.130614 0.730652
-0.113007 0.560599
-0.100771 0.37498
-0.0950246 0.17474
-0.0958916 -0.0230723
-0.0985851 -0.204963
-0.098072 -0.385137
-0.0937985 -0.554953
-0.0900789 -0.713641
-0.0883192 -0.84741
-0.0878472 -0.956616
-0.0870264 -1.03936
-0.0863081 -1.10222
-0.0909203 -1.13685
-0.0866365 -1.16644
-0.0795668 -1.17118
-0.0675362 -1.16171
-0.0517911 -1.1314
-0.0318956 -1.07423
-0.00536648 -1.0003
0.0289146 -0.919207
0.0700806 -0.814619
0.119029 -0.694227
0.171836 -0.557261
0.228881 -0.414436
0.286828 -0.265218
0.345647 -0.118013
0.404057 0.0241612
0.465092 0.157161
0.530192 0.29164
0.600365 0.426357
0.672369 0.554207
0.74425 0.682531
0.814705 0.79653
0.884465 0.910116
0.957529 1.00802
1.02358 1.10994
1.08453 1.18044
1.14232 1.24341
1.19433 1.29059
1.24194 1.32066
1.28617 1.33202
1.32536 1.30817
1.35849 1.27851
1.38605 1.21926
1.41275 1.15972
1.42564 1.07224
1.43873 0.990377
1.45189 0.895437
1.46244 0.787533
1.46872 0.656605
1.46966 0.512241
1.46388 0.359413
1.45211 0.184092
1.43583 0.0245164
1.42093 -0.114698
1.40824 -0.243851
1.39988 -0.358087
1.3937 -0.459539
1.3886 -0.556906
1.37569 -0.638884
1.36599 -0.720093
1.35671 -0.804734
1.34937 -0.874933
1.345 -0.930868
1.34306 -0.969756
1.34355 -0.994615
1.34562 -1.00491
1.34962 -1.00432
1.35501 -1
1.36186 -1.00012
1.36866 -0.997338
1.37378 -0.991715
1.37781 -0.982481
1.3803 -0.969045
1.38167 -0.959575
