-2.26068 0.318534
-2.25293 0.33981
-2.23218 0.355199
-2.20048 0.373153
-2.15312 0.381955
-2.09077 0.390174
-2.01507 0.404805
-1.92765 0.409876
-1.83651 0.414481
-1.73876 0.413374
-1.63966 0.418445
-1.5407 0.415997
-1.44289 0.416638
-1.3511 0.423516
-1.26701 0.440479
-1.1879 0.466418
-1.11555 0.50798
-1.05013 0.56423
-0.991282 0.627476
-0.937923 0.688448
-0.888792 0.746622
-0.841972 0.810276
-0.799338 0.860639
-0.762871 0.915433
-0.731155 0.9609
-0.702709 1.00427
-0.674657 1.04606
-0.649852 1.08588
-0.627429 1.12155
-0.607785 1.14183
-0.589833 1.13828
-0.575232 1.11432
-0.562066 1.07451
-0.549921 1.00846
-0.541818 0.929772
-0.54079 0.841811
-0.547196 0.748313
-0.56381 0.635345
-0.58593 0.4909
-0.61861 0.341617
-0.659198 0.169718
-0.707159 -0.0269556
-0.759725 -0.233655
-0.820074 -0.439888
-0.875825 -0.654457
-0.927593 -0.869142
-0.973347 -1.07275
-1.01423 -1.25328
-1.04851 -1.4004
-1.07301 -1.51495
-1.08629 -1.60524
-1.0897 -1.67746
-1.08455 -1.72998
-1.07474 -1.7572
-1.06213 -1.75575
-1.04606 -1.73849
-1.02582 -1.70445
-1.00318 -1.64616
-0.978653 -1.56758
-0.953915 -1.46738
-0.927219 -1.34835
-0.896798 -1.21224
-0.859396 -1.06552
-0.815875 -0.916299
-0.761413 -0.768474
-0.707091 -0.614411
-0.651862 -0.462563
-0.590965 -0.29282
-0.52581 -0.116257
-0.458727 0.0643861
-0.391389 0.246895
-0.323179 0.408361
-0.251511 0.559625
-0.179288 0.700281
-0.108674 0.838547
-0.0298567 0.96294
0.0433902 1.07404
0.101174 1.16842
0.158787 1.24495
0.211823 1.29858
0.274242 1.33967
0.319191 1.37541
0.369534 1.40409
0.397537 1.40642
0.435628 1.39097
0.470043 1.37768
0.498652 1.34218
0.510681 1.28092
0.521451 1.2017
0.52598 1.10074
0.522886 0.978678
0.513634 0.843677
0.494582 0.687924
0.463985 0.513634
0.421547 0.320341
0.368863 0.12326
0.299969 -0.0839641
0.23011 -0.290838
0.162657 -0.483898
0.10502 -0.659936
0.0613946 -0.796395
0.032597 -0.889602
0.0155101 -0.936701
0.00869305 -0.956054
0.00832838 -0.953489
0.0144043 -0.937867
0.0282267 -0.91321
0.0497308 -0.886163
0.0752405 -0.852413
0.104791 -0.805255
0.1367 -0.751628
0.173744 -0.682087
0.215923 -0.582176
0.268001 -0.459765
0.335113 -0.327503
0.402043 -0.180027
0.464202 -0.0327847
0.520904 0.107638
0.572646 0.256863
0.623719 0.389533
0.674808 0.518122
0.727933 0.649102
0.781647 0.763294
0.83926 0.867693
0.893749 0.966845
0.945257 1.03994
0.991365 1.09602
1.03059 1.149
1.06583 1.20141
1.10974 1.24583
1.1333 1.28651
1.15743 1.31851
1.17828 1.32807
1.19798 1.31933
1.21819 1.29963
1.23741 1.26255
1.25383 1.20683
1.26414 1.11729
1.26668 1.03481
1.26266 0.937758
1.2469 0.817213
1.22622 0.682852
1.20014 0.535027
1.16798 0.366275
1.13028 0.175897
1.07368 -0.0231667
1.01493 -0.247761
0.956056 -0.479584
0.899002 -0.711815
0.847353 -0.933262
0.811044 -1.12498
0.796598 -1.2759
0.80798 -1.39294
0.832619 -1.48813
0.864981 -1.55919
0.906272 -1.61363
0.95655 -1.65648
1.0181 -1.6795
1.0932 -1.68329
1.17985 -1.66429
1.27209 -1.62774
1.35785 -1.57504
1.4302 -1.49897
1.48957 -1.4109
1.53779 -1.3132
1.57373 -1.22378
1.60026 -1.14206
1.62159 -1.07153
1.63546 -1.0007
1.64667 -0.930755
1.65644 -0.873339
1.66117 -0.814057
1.66093 -0.76177
