-1.64533 1.04124
-1.59288 1.09728
-1.53968 1.14694
-1.48595 1.20101
-1.42854 1.25907
-1.37381 1.31415
-1.30971 1.35849
-1.2478 1.3976
-1.18011 1.41719
-1.12359 1.44231
-1.06345 1.43746
-1.01133 1.42336
-0.967114 1.39957
-0.923497 1.35998
-0.88291 1.31117
-0.847459 1.24294
-0.819828 1.15566
-0.800642 1.05561
-0.787055 0.942093
-0.780291 0.825382
-0.779101 0.69659
-0.78394 0.555823
-0.795257 0.398718
-0.815827 0.224902
-0.854368 0.045764
-0.89767 -0.14455
-0.9434 -0.34487
-0.988935 -0.538909
-1.0324 -0.72933
-1.07514 -0.918527
-1.11868 -1.08447
-1.15694 -1.23827
-1.18936 -1.36738
-1.21723 -1.46967
-1.23978 -1.55344
-1.26286 -1.59979
-1.27866 -1.62699
-1.28415 -1.64359
-1.28537 -1.62651
-1.28272 -1.57978
-1.27799 -1.50235
-1.26605 -1.40921
-1.24741 -1.29484
-1.2203 -1.16956
-1.18722 -1.03258
-1.1462 -0.893992
-1.09602 -0.750086
-1.03834 -0.599261
-0.973987 -0.435024
-0.899054 -0.275844
-0.822317 -0.109744
-0.745836 0.0557693
-0.673744 0.212502
-0.603643 0.359708
-0.532244 0.49808
-0.463218 0.634056
-0.395224 0.764551
-0.326878 0.889033
-0.260572 1.00181
-0.198646 1.10979
-0.13983 1.19654
-0.087845 1.25838
-0.042035 1.30777
-2.39098e-07 1.33901
0.0364841 1.34736
0.0670172 1.32836
0.0950908 1.29249
0.117611 1.2265
0.137939 1.13427
0.154786 1.03512
0.164432 0.914685
0.165747 0.775834
0.158771 0.627883
0.143512 0.46189
0.111391 0.289671
0.0762725 0.103561
0.039983 -0.0820701
0.00576335 -0.263443
-0.024519 -0.431458
-0.0516315 -0.564189
-0.0737424 -0.667648
-0.0896774 -0.74354
-0.0996242 -0.797451
-0.103739 -0.835876
-0.10299 -0.852534
-0.0989418 -0.858388
-0.0900902 -0.858814
-0.0795375 -0.848436
-0.065923 -0.82651
-0.0506698 -0.788457
-0.02848 -0.739389
0.00106651 -0.66834
0.0391737 -0.57627
0.0852642 -0.473023
0.137015 -0.356951
0.193906 -0.242368
0.252063 -0.129755
0.313325 -0.0141616
0.374239 0.0982388
0.444873 0.193023
0.514039 0.296004
0.585224 0.394248
0.654028 0.493396
0.723127 0.584668
0.789847 0.667319
0.852412 0.745126
0.910725 0.823147
0.964668 0.887276
1.01723 0.934589
1.0678 0.972801
1.11883 0.999996
1.1728 1.02011
1.23044 1.02283
1.2903 1.00809
1.34573 0.989512
1.38976 0.955345
1.41903 0.904892
1.43296 0.839272
1.43411 0.752577
1.4274 0.663434
1.40118 0.566893
1.37242 0.455025
1.34025 0.322933
1.30426 0.177962
1.26226 0.00584912
1.21397 -0.172704
1.16321 -0.355035
1.11112 -0.543061
1.06014 -0.736568
1.00693 -0.914429
0.968572 -1.08367
0.954851 -1.23726
0.959532 -1.35727
0.98386 -1.45546
1.02659 -1.54035
1.08051 -1.59852
1.15241 -1.63614
1.24604 -1.64429
1.36334 -1.61379
1.4983 -1.55269
1.63145 -1.46999
1.76468 -1.3859
1.87429 -1.30426
1.96727 -1.23252
2.04786 -1.16355
2.11554 -1.09995
2.1699 -1.03439
