-1.12959 1.13115
-1.13389 1.1118
-1.14099 1.09806
-1.14698 1.07141
-1.15116 1.03358
-1.15453 0.972107
-1.16292 0.900264
-1.17175 0.8082
-1.18206 0.700377
-1.19424 0.57749
-1.20794 0.432181
-1.22372 0.256802
-1.2424 0.0578426
-1.26181 -0.161569
-1.27802 -0.403114
-1.29519 -0.642572
-1.30831 -0.873514
-1.31525 -1.08389
-1.31709 -1.2573
-1.31337 -1.40214
-1.30435 -1.52422
-1.29531 -1.6179
-1.28429 -1.69305
-1.27151 -1.75336
-1.2608 -1.78998
-1.25229 -1.80516
-1.2456 -1.79751
-1.24023 -1.76084
-1.23108 -1.70371
-1.21699 -1.62996
-1.19631 -1.53517
-1.16919 -1.42879
-1.13581 -1.31031
-1.09524 -1.19026
-1.05163 -1.05706
-1.00803 -0.914592
-0.962731 -0.767603
-0.916015 -0.607867
-0.865914 -0.442686
-0.813823 -0.278199
-0.760663 -0.120549
-0.70703 0.0420254
-0.650958 0.194751
-0.595041 0.344926
-0.540908 0.498521
-0.489188 0.641628
-0.439452 0.778246
-0.389741 0.915038
-0.333759 1.02964
-0.279224 1.12918
-0.224443 1.21307
-0.170893 1.28596
-0.116153 1.33393
-0.0625405 1.36151
-0.0102932 1.36817
0.0399446 1.36331
0.084391 1.32159
0.111574 1.27304
0.1334 1.20502
0.145665 1.11846
0.151548 1.00658
0.153074 0.874366
0.150545 0.721293
0.141102 0.543365
0.123357 0.348692
0.0999614 0.147357
0.071198 -0.0551369
0.0381509 -0.229589
0.0121783 -0.376346
-0.00743718 -0.488399
-0.0187961 -0.564993
-0.022543 -0.608968
-0.0183334 -0.629073
-0.00930901 -0.628783
0.00137992 -0.604217
0.023982 -0.579767
0.0398198 -0.536719
0.0652191 -0.479476
0.090921 -0.400507
0.119329 -0.306415
0.152343 -0.195579
0.19133 -0.0688683
0.233333 0.0655483
0.281738 0.208018
0.332165 0.341508
0.383738 0.474302
0.438118 0.600028
0.496168 0.716716
0.555249 0.82141
0.617376 0.922686
0.689729 1.02697
0.757266 1.11597
0.823861 1.20571
0.889506 1.2797
0.942796 1.33347
1.00188 1.36945
1.06245 1.37912
1.12011 1.3742
1.1761 1.34853
1.22316 1.29795
1.26443 1.23167
1.30088 1.14401
1.33268 1.04129
1.35895 0.919673
1.37734 0.779289
1.38782 0.619901
1.39536 0.445797
1.4002 0.26642
1.39288 0.0739494
1.38796 -0.118232
1.38891 -0.299173
1.39188 -0.459719
1.39901 -0.602131
1.41508 -0.728321
1.43509 -0.84385
1.45718 -0.947327
1.47719 -1.03875
1.49934 -1.11894
1.52133 -1.18505
1.54194 -1.22983
1.56149 -1.26558
1.58221 -1.28835
1.60383 -1.30284
1.62618 -1.30521
1.65246 -1.29861
1.67828 -1.27659
