-0.91564 1.62515
-0.914527 1.61798
-0.910986 1.60582
-0.908138 1.58379
-0.907958 1.56493
-0.907909 1.53546
-0.906541 1.4877
-0.905662 1.43727
-0.904549 1.38087
-0.902795 1.3087
-0.901081 1.22417
-0.902859 1.13198
-0.90595 1.02352
-0.913296 0.906598
-0.925247 0.773952
-0.941101 0.623651
-0.961448 0.464502
-0.983583 0.305868
-1.0064 0.146074
-1.03139 -0.00345344
-1.05648 -0.161529
-1.08179 -0.322053
-1.10801 -0.481331
-1.13505 -0.62811
-1.16042 -0.769261
-1.18282 -0.906202
-1.20761 -1.02643
-1.23305 -1.14344
-1.25954 -1.25118
-1.2835 -1.3489
-1.30503 -1.42828
-1.32329 -1.48773
-1.33986 -1.51686
-1.35434 -1.51716
-1.36602 -1.49589
-1.37364 -1.45513
-1.37432 -1.40775
-1.36991 -1.34551
-1.36086 -1.27244
-1.34785 -1.18447
-1.32983 -1.08391
-1.3081 -0.969304
-1.28143 -0.849458
-1.25085 -0.723342
-1.21944 -0.590309
-1.18468 -0.461959
-1.1489 -0.333307
-1.10958 -0.206331
-1.06796 -0.0763916
-1.02293 0.0527751
-0.973136 0.178935
-0.921301 0.306083
-0.865085 0.434433
-0.804171 0.556125
-0.740008 0.673608
-0.674737 0.785464
-0.610033 0.878763
-0.545304 0.967036
-0.480413 1.04337
-0.415089 1.10488
-0.350496 1.16953
-0.28524 1.21343
-0.217341 1.24895
-0.148226 1.26463
-0.0801713 1.263
-0.0165511 1.25351
0.0352301 1.22623
0.0789966 1.17588
0.11257 1.10793
0.135667 1.0313
0.150793 0.946289
0.151628 0.848351
0.148566 0.73933
0.14183 0.628462
0.132385 0.508016
0.120848 0.377002
0.104462 0.247406
0.0841932 0.106684
0.0577458 -0.041383
0.0255645 -0.197955
-0.0120723 -0.35268
-0.0555359 -0.482921
-0.0917613 -0.601907
-0.12259 -0.699673
-0.148041 -0.777809
-0.168388 -0.836787
-0.183963 -0.876348
-0.194532 -0.891039
-0.199309 -0.886915
-0.195451 -0.874115
-0.179763 -0.851864
-0.157736 -0.814192
-0.131137 -0.763462
-0.0989605 -0.696022
-0.0622467 -0.62317
-0.0225683 -0.530558
0.0195473 -0.429613
0.0649352 -0.324201
0.111627 -0.213462
0.160151 -0.103625
0.210721 0.00329054
0.260929 0.109691
0.311465 0.215576
0.361307 0.320344
0.413022 0.417165
0.466948 0.51768
0.525398 0.618883
0.586339 0.710077
0.656576 0.790619
0.725829 0.873565
0.796318 0.951271
0.866768 1.01588
0.940111 1.08022
1.01394 1.11012
1.08231 1.13564
1.14654 1.15213
1.20742 1.156
1.26236 1.1557
1.3126 1.145
1.35892 1.11837
1.39105 1.08233
1.42001 1.0398
1.44811 0.970945
1.47335 0.889287
1.49421 0.803978
1.51018 0.707242
1.52112 0.59689
1.52703 0.480868
1.52879 0.361796
1.52386 0.241993
1.51336 0.107672
1.49669 -0.0313744
1.46678 -0.171709
1.43488 -0.322526
1.40098 -0.479141
1.36587 -0.632448
1.33269 -0.781202
1.30415 -0.922525
1.28248 -1.05685
1.26768 -1.17472
1.26188 -1.28094
1.25906 -1.36995
1.26802 -1.4471
1.28534 -1.51604
1.30901 -1.57665
1.33804 -1.62463
1.37169 -1.65878
1.41025 -1.68309
1.44837 -1.6907
1.4869 -1.68743
1.5273 -1.6742
1.56978 -1.6541
1.61458 -1.62317
1.65942 -1.58902
