-1.14227 1.46334
-1.15522 1.48945
-1.16473 1.49919
-1.16807 1.48482
-1.17404 1.48598
-1.17884 1.48107
-1.18198 1.47568
-1.18348 1.46031
-1.18295 1.43763
-1.18144 1.40833
-1.178 1.37209
-1.16987 1.31912
-1.16409 1.26778
-1.15766 1.20934
-1.15171 1.1503
-1.14503 1.08747
-1.1386 1.02576
-1.12979 0.951472
-1.11935 0.873712
-1.11139 0.798387
-1.10148 0.706894
-1.09135 0.612009
-1.0824 0.512733
-1.07581 0.410223
-1.06933 0.299411
-1.06765 0.190674
-1.06731 0.0753107
-1.06686 -0.0447628
-1.06725 -0.162042
-1.0661 -0.285109
-1.06794 -0.399395
-1.0709 -0.517632
-1.0749 -0.624094
-1.07975 -0.734307
-1.08425 -0.841687
-1.08996 -0.945274
-1.09346 -1.05341
-1.09873 -1.15229
-1.10038 -1.24953
-1.09954 -1.34106
-1.09817 -1.42581
-1.09759 -1.50261
-1.0989 -1.56584
-1.0962 -1.63119
-1.09487 -1.68667
-1.09399 -1.73222
-1.09152 -1.76387
-1.08994 -1.78299
-1.08447 -1.79721
-1.08031 -1.8018
-1.0734 -1.79513
-1.06638 -1.7705
-1.05846 -1.73621
-1.05027 -1.68831
-1.04156 -1.62715
-1.03168 -1.55414
-1.01962 -1.47072
-1.0067 -1.37539
-0.993849 -1.26929
-0.979126 -1.16219
-0.964153 -1.04862
-0.947811 -0.93749
-0.932306 -0.818614
-0.914396 -0.69886
-0.896157 -0.574675
-0.878419 -0.444183
-0.858569 -0.313731
-0.837276 -0.180005
-0.815147 -0.0429266
-0.788309 0.079542
-0.759306 0.203528
-0.726594 0.31917
-0.689878 0.428825
-0.650221 0.529259
-0.612694 0.639313
-0.574538 0.742541
-0.532973 0.838784
-0.490637 0.926643
-0.439876 0.999773
-0.386293 1.06169
-0.332553 1.12727
-0.281246 1.17845
-0.225723 1.21844
-0.174626 1.24579
-0.126113 1.26259
-0.0852805 1.26383
-0.0405077 1.24443
-0.0050238 1.21992
0.0279592 1.18619
0.0628285 1.13338
0.0932213 1.07007
0.125233 0.995861
0.149827 0.917183
0.167769 0.822737
0.183103 0.721704
0.1964 0.613127
0.208708 0.490339
0.21814 0.361603
0.223503 0.238017
0.225807 0.118742
0.227172 -0.00919583
0.225689 -0.13378
0.221141 -0.246149
0.212806 -0.35325
0.206282 -0.461827
0.201431 -0.554836
0.199409 -0.639462
0.197379 -0.707562
0.19848 -0.767479
0.200109 -0.807158
0.204703 -0.83534
0.210005 -0.84005
0.217958 -0.828634
0.228562 -0.810471
0.240512 -0.783087
0.253492 -0.746642
0.265953 -0.694709
0.280165 -0.633754
0.299794 -0.565733
0.320472 -0.494839
0.341662 -0.417079
0.362298 -0.321874
0.38552 -0.228985
0.408089 -0.13378
0.431615 -0.0347434
0.458757 0.0616987
0.487549 0.154468
0.515244 0.254623
0.546084 0.346514
0.581064 0.440042
0.616548 0.532173
0.652124 0.63592
0.691417 0.722263
0.730345 0.815671
0.771648 0.886965
0.808608 0.960653
0.846314 1.02628
0.884184 1.08053
0.921322 1.12811
0.961086 1.15661
0.99861 1.19058
1.03656 1.21729
1.07285 1.2297
1.10946 1.23273
1.14523 1.23397
1.17822 1.22487
1.20875 1.19058
1.2343 1.15689
1.25763 1.11809
1.28358 1.05877
1.30084 0.990552
1.31282 0.915346
1.32267 0.827766
1.33191 0.74302
1.33774 0.646498
1.34247 0.546903
1.34539 0.445072
1.34521 0.336535
1.34103 0.238336
1.33544 0.140257
1.33161 0.0373486
1.33012 -0.067596
1.33028 -0.176413
1.32765 -0.282555
1.33143 -0.385703
1.34011 -0.487813
1.35201 -0.588567
1.36665 -0.683172
1.38448 -0.766402
1.40475 -0.850629
1.42574 -0.923
1.45021 -0.984474
1.47691 -1.03613
1.50626 -1.08774
1.53716 -1.13121
1.56993 -1.17668
1.60308 -1.21261
1.63893 -1.24326
1.67643 -1.25767
1.71447 -1.27188
1.75428 -1.28454
1.79384 -1.29248
1.83351 -1.29595
1.87445 -1.29504
1.91704 -1.28997
