-1.09042 1.05504
-1.06085 1.09491
-1.02809 1.14079
-0.992792 1.18987
-0.953764 1.23302
-0.9112 1.27464
-0.869926 1.3038
-0.827375 1.32238
-0.787776 1.33041
-0.756175 1.32785
-0.736586 1.30035
-0.726423 1.26357
-0.72124 1.20062
-0.730227 1.1287
-0.741237 1.03963
-0.758003 0.936364
-0.782293 0.817237
-0.812006 0.68359
-0.850083 0.536882
-0.894168 0.369043
-0.942814 0.191185
-0.993667 0.012069
-1.04872 -0.17382
-1.10133 -0.362021
-1.14733 -0.554725
-1.18522 -0.739154
-1.21262 -0.915998
-1.22968 -1.07877
-1.23804 -1.21923
-1.24385 -1.33166
-1.23495 -1.43797
-1.22873 -1.51171
-1.2187 -1.57389
-1.20698 -1.61672
-1.1938 -1.63785
-1.17827 -1.63672
-1.1612 -1.61137
-1.13788 -1.57385
-1.11956 -1.50692
-1.09795 -1.42471
-1.06599 -1.33844
-1.03303 -1.23586
-0.996885 -1.11969
-0.956005 -0.993347
-0.908831 -0.859416
-0.854434 -0.718508
-0.789112 -0.569164
-0.709443 -0.419414
-0.627568 -0.271125
-0.543604 -0.123647
-0.457281 0.0289017
-0.368719 0.179868
-0.275151 0.31676
-0.182312 0.445337
-0.0903125 0.563612
-0.00292317 0.67276
0.085615 0.772823
0.170774 0.860029
0.256313 0.948491
0.338743 1.02527
0.415697 1.09869
0.491545 1.16293
0.579413 1.21412
0.649878 1.2585
0.734185 1.29577
0.801262 1.31273
0.868863 1.32469
0.934678 1.32737
0.996236 1.31869
1.04452 1.29439
1.08233 1.25618
1.10952 1.20767
1.12607 1.14768
1.12804 1.07735
1.11995 0.988484
1.10095 0.89049
1.06731 0.770674
1.02125 0.639379
0.965253 0.494253
0.898848 0.336635
0.818947 0.18798
0.739792 0.0338501
0.665349 -0.119023
0.603913 -0.266744
0.557973 -0.405908
0.5275 -0.532984
0.51809 -0.65572
0.528181 -0.768966
0.559407 -0.86627
0.611129 -0.943538
0.68213 -0.998944
0.757252 -1.0217
0.849407 -1.03898
0.957127 -1.03865
1.07849 -1.02766
1.18386 -1.00953
1.27889 -0.977447
1.36078 -0.937698
1.43372 -0.893446
1.50153 -0.847815
1.5655 -0.808837
1.62617 -0.768966
1.67575 -0.726945
1.71905 -0.680584
1.76115 -0.639009
1.79584 -0.597678
1.82348 -0.558213
1.84588 -0.517368
