-1.57897 0.872323
-1.55931 0.854452
-1.53748 0.841731
-1.50904 0.830199
-1.47403 0.828351
-1.4371 0.846485
-1.39089 0.871574
-1.34035 0.908372
-1.2856 0.949614
-1.22956 0.995259
-1.17205 1.05142
-1.11422 1.11265
-1.05203 1.17057
-0.987113 1.22498
-0.92628 1.27392
-0.866357 1.30628
-0.813132 1.33308
-0.768577 1.34686
-0.735513 1.35923
-0.708252 1.3532
-0.687234 1.33942
-0.670471 1.31803
-0.658539 1.28783
-0.650886 1.24641
-0.646145 1.19333
-0.644833 1.12823
-0.648732 1.04689
-0.657432 0.963567
-0.668195 0.873159
-0.676046 0.773595
-0.67952 0.669981
-0.678488 0.560074
-0.676402 0.441583
-0.679034 0.314201
-0.696973 0.186467
-0.720502 0.0497537
-0.745609 -0.106767
-0.775965 -0.270022
-0.810326 -0.442476
-0.851725 -0.617659
-0.900733 -0.785404
-0.950143 -0.947954
-1.0062 -1.08013
-1.0504 -1.20998
-1.09111 -1.30189
-1.12316 -1.37381
-1.14687 -1.43076
-1.16324 -1.47298
-1.17427 -1.49591
-1.17903 -1.50445
-1.17958 -1.49239
-1.17516 -1.4625
-1.16415 -1.41474
-1.14553 -1.3437
-1.11601 -1.2525
-1.06733 -1.165
-1.01398 -1.06086
-0.953283 -0.953016
-0.884364 -0.839851
-0.812032 -0.718147
-0.738456 -0.590237
-0.664713 -0.460038
-0.592564 -0.326626
-0.521073 -0.196867
-0.452534 -0.0707178
-0.377775 0.0485212
-0.304275 0.164239
-0.230729 0.274939
-0.156819 0.389248
-0.0812713 0.499508
-0.00565946 0.602945
0.0678179 0.704358
0.144212 0.79952
0.221732 0.889357
0.30465 0.972459
0.388607 1.04614
0.474231 1.11172
0.558906 1.16498
0.644779 1.21173
0.729619 1.24769
0.807753 1.26926
0.876321 1.27828
0.937014 1.27194
0.987623 1.2623
1.03182 1.23444
1.06691 1.19848
1.09501 1.15843
1.11598 1.12493
1.12602 1.08039
1.12803 1.01353
1.12058 0.939359
1.10661 0.860262
1.08563 0.778833
1.06311 0.684375
1.03057 0.589564
0.984703 0.491189
0.936749 0.391757
0.887652 0.28766
0.83898 0.185147
0.79265 0.083998
0.749052 -0.015786
0.706395 -0.111653
0.668201 -0.213065
0.632724 -0.311089
0.600936 -0.414482
0.573904 -0.518403
0.549326 -0.615634
0.521295 -0.700981
0.505583 -0.785712
0.497588 -0.860231
0.500401 -0.931228
0.515202 -0.997736
0.542063 -1.05914
0.5819 -1.11257
0.633202 -1.1591
0.689311 -1.19876
0.748295 -1.22882
0.812335 -1.254
0.883418 -1.27777
0.958517 -1.29542
1.0386 -1.30299
1.12075 -1.30541
1.20377 -1.30448
1.28378 -1.29638
1.36084 -1.28137
1.43294 -1.25932
1.50136 -1.23595
1.56457 -1.2102
1.62134 -1.18062
1.67012 -1.14893
1.71477 -1.11469
1.7528 -1.07846
1.78541 -1.0414
1.81094 -1.00482
1.82639 -0.968818
1.85134 -0.941748
1.86773 -0.910013
