-0.97951 0.738558
-0.962226 0.79437
-0.942249 0.851768
-0.919293 0.916766
-0.894768 0.975516
-0.868111 1.03911
-0.840169 1.10472
-0.81155 1.17219
-0.787771 1.22296
-0.767786 1.2667
-0.752457 1.30727
-0.738259 1.3241
-0.724776 1.33328
-0.712606 1.32172
-0.702184 1.28838
-0.694175 1.21812
-0.687912 1.14701
-0.684417 1.06098
-0.683594 0.950803
-0.688163 0.817404
-0.711071 0.67011
-0.737451 0.500761
-0.768432 0.317657
-0.802631 0.112872
-0.840238 -0.0999325
-0.877592 -0.317214
-0.914114 -0.534215
-0.94525 -0.727903
-0.976839 -0.882844
-0.996047 -1.01568
-1.00607 -1.12554
-1.01365 -1.21585
-1.02257 -1.2968
-1.0319 -1.36492
-1.04564 -1.4163
-1.05741 -1.45505
-1.06578 -1.4716
-1.06775 -1.46675
-1.06028 -1.43975
-1.04469 -1.39299
-1.02387 -1.32286
-0.995539 -1.24886
-0.958986 -1.17114
-0.923649 -1.06935
-0.88541 -0.958706
-0.847003 -0.833559
-0.804401 -0.702118
-0.758875 -0.564103
-0.712966 -0.415316
-0.664048 -0.258417
-0.612831 -0.0980208
-0.553885 0.0573865
-0.479935 0.20193
-0.404694 0.3385
-0.326265 0.473857
-0.246223 0.598677
-0.161019 0.71226
-0.0738589 0.824678
0.0145272 0.931593
0.103499 1.0248
0.194845 1.09665
0.289689 1.16114
0.392164 1.21546
0.500035 1.25821
0.607811 1.29039
0.708326 1.30619
0.793924 1.29519
0.871428 1.264
0.938801 1.21877
0.999533 1.15946
1.05205 1.08434
1.10114 0.991229
1.13092 0.883707
1.16202 0.769052
1.18624 0.639616
1.20109 0.497497
1.20338 0.334956
1.19363 0.154324
1.16866 -0.0312045
1.13724 -0.234731
1.09514 -0.414897
1.06319 -0.577158
1.04629 -0.726784
1.04551 -0.857898
1.05963 -0.958566
1.08784 -1.04818
1.12834 -1.11854
1.18072 -1.17226
1.24043 -1.21627
1.30826 -1.24555
1.38146 -1.25702
1.45893 -1.25343
1.53683 -1.23352
1.61659 -1.19198
1.69444 -1.13966
1.768 -1.07052
1.82904 -1.00184
1.8838 -0.93017
1.92531 -0.870721
1.96016 -0.820271
