-0.534021 1.02916
-0.535781 1.03269
-0.536 1.03395
-0.537937 1.03298
-0.538738 1.03172
-0.541621 1.03448
-0.542771 1.03383
-0.54627 1.02673
-0.552754 1.01893
-0.562483 1.00432
-0.575129 0.978798
-0.591116 0.946859
-0.611643 0.906843
-0.633991 0.865854
-0.657941 0.813299
-0.685027 0.756685
-0.713893 0.67913
-0.748641 0.593336
-0.790023 0.492162
-0.838265 0.383114
-0.886077 0.245333
-0.935757 0.101911
-0.987012 -0.0468676
-1.03324 -0.218049
-1.07771 -0.397306
-1.1242 -0.575508
-1.17048 -0.748353
-1.21443 -0.914258
-1.25383 -1.06417
-1.28503 -1.19684
-1.31002 -1.30666
-1.32775 -1.40028
-1.33856 -1.47926
-1.33994 -1.55215
-1.341 -1.60811
-1.3398 -1.64805
-1.33339 -1.67654
-1.32197 -1.68924
-1.30556 -1.67747
-1.28082 -1.64963
-1.24987 -1.60093
-1.21349 -1.53567
-1.17624 -1.45455
-1.13852 -1.36352
-1.09907 -1.26498
-1.05464 -1.16973
-1.00931 -1.06588
-0.96107 -0.958615
-0.914224 -0.843074
-0.867084 -0.722866
-0.820806 -0.601359
-0.775782 -0.476687
-0.73175 -0.351812
-0.689457 -0.218414
-0.635497 -0.100519
-0.579045 0.01766
-0.52158 0.134135
-0.465169 0.247728
-0.409074 0.3571
-0.354073 0.460791
-0.297115 0.553199
-0.242416 0.653319
-0.187614 0.747432
-0.131018 0.833874
-0.0748195 0.926364
-0.0175118 1.0029
0.0443696 1.06857
0.112283 1.1275
0.18134 1.1837
0.258859 1.23382
0.337872 1.27867
0.422916 1.31475
0.511075 1.34531
0.600405 1.36142
0.687805 1.36661
0.770302 1.37392
0.844145 1.36678
0.910168 1.34697
0.966839 1.3184
1.01906 1.26808
1.06539 1.2141
1.10825 1.15245
1.14378 1.09681
1.17508 1.03436
1.20453 0.9581
1.22852 0.88225
1.25073 0.800271
1.26856 0.709161
1.27228 0.625884
1.27512 0.543175
1.27889 0.452512
1.28104 0.365907
1.28153 0.28409
1.28505 0.196714
1.28821 0.112991
1.29071 0.0279682
1.29191 -0.054822
1.29059 -0.135502
1.28538 -0.227139
1.2773 -0.326772
1.26951 -0.42543
1.25995 -0.527416
1.2433 -0.616132
1.23116 -0.705334
1.22515 -0.786257
1.22101 -0.859754
1.22474 -0.937066
1.23313 -1.00452
1.24093 -1.06113
1.2525 -1.11316
1.26709 -1.1619
1.28259 -1.20816
1.30096 -1.25597
1.31628 -1.2981
1.32886 -1.33649
1.33998 -1.3705
1.3494 -1.39899
