-0.525522 1.69979
-0.551806 1.61913
-0.583213 1.5388
-0.622349 1.44151
-0.671328 1.33274
-0.715715 1.21667
-0.759591 1.09932
-0.802041 0.972379
-0.840813 0.838071
-0.880136 0.684914
-0.921504 0.522568
-0.965586 0.352183
-1.01245 0.169908
-1.06225 -0.0261501
-1.11262 -0.228423
-1.16166 -0.420022
-1.20712 -0.610134
-1.2444 -0.787005
-1.27382 -0.939217
-1.30506 -1.03677
-1.31804 -1.14217
-1.33508 -1.20115
-1.34618 -1.23141
-1.34291 -1.25817
-1.33891 -1.24884
-1.32631 -1.21945
-1.3062 -1.17399
-1.27331 -1.1269
-1.24154 -1.04718
-1.20434 -0.947797
-1.1598 -0.831257
-1.11152 -0.698367
-1.05955 -0.555681
-0.99895 -0.418806
-0.938349 -0.264905
-0.871267 -0.112018
-0.80389 0.0441118
-0.730455 0.201593
-0.649804 0.348467
-0.564845 0.493653
-0.474802 0.624448
-0.37593 0.739637
-0.268679 0.849962
-0.155489 0.94137
-0.0452693 1.02926
0.0611553 1.11655
0.161945 1.19235
0.253778 1.25275
0.342571 1.29889
0.425952 1.3368
0.51176 1.35483
0.596078 1.36909
0.678754 1.36186
0.758928 1.33754
0.833993 1.3066
0.898049 1.26295
0.952091 1.21019
0.995733 1.13736
1.02939 1.0571
1.05173 0.965353
1.06715 0.855501
1.07267 0.734773
1.06711 0.603369
1.05166 0.461359
1.0296 0.31989
0.998851 0.171799
0.969145 0.0139803
0.937229 -0.144582
0.891597 -0.285579
0.855902 -0.43779
0.82527 -0.590069
0.796108 -0.736809
0.772313 -0.883345
0.762092 -1.01873
0.771225 -1.12136
0.798192 -1.19682
0.846789 -1.24513
0.905326 -1.276
0.975896 -1.29762
1.05517 -1.30269
1.13881 -1.29242
1.23096 -1.27161
1.32786 -1.24067
1.42235 -1.20831
1.51205 -1.17372
1.59498 -1.1298
1.67359 -1.0846
1.74588 -1.03238
1.8127 -0.985563
