-0.727118 1.24663
-0.719227 1.26536
-0.711829 1.29233
-0.703241 1.31395
-0.692985 1.32818
-0.677027 1.32496
-0.662046 1.31707
-0.656636 1.308
-0.651184 1.27273
-0.648309 1.227
-0.651375 1.17205
-0.660643 1.1038
-0.679769 1.01701
-0.705617 0.925779
-0.733187 0.814533
-0.765454 0.679836
-0.800528 0.526985
-0.83929 0.355298
-0.882972 0.170397
-0.933515 -0.013603
-0.985918 -0.195228
-1.03654 -0.369236
-1.08308 -0.53459
-1.12398 -0.686595
-1.15755 -0.822793
-1.18736 -0.934312
-1.21074 -1.03183
-1.23039 -1.11471
-1.24664 -1.18277
-1.25893 -1.23384
-1.26979 -1.26355
-1.27505 -1.27886
-1.27497 -1.2734
-1.26607 -1.25293
-1.25174 -1.21509
-1.23118 -1.1728
-1.21106 -1.11621
-1.18891 -1.04673
-1.16319 -0.965516
-1.13161 -0.87701
-1.09592 -0.780424
-1.05376 -0.680207
-1.0046 -0.574284
-0.952906 -0.461618
-0.893776 -0.35171
-0.833704 -0.233775
-0.771258 -0.107077
-0.702216 0.0252444
-0.623348 0.152789
-0.532928 0.279295
-0.437671 0.40673
-0.33929 0.533319
-0.2351 0.645384
-0.128472 0.751334
-0.0219703 0.848166
0.0829314 0.937655
0.18727 1.02261
0.284732 1.10055
0.374313 1.16621
0.461619 1.21846
0.554086 1.26774
0.634091 1.29337
0.712378 1.31316
0.786704 1.31507
0.854304 1.30606
0.916079 1.27598
0.967891 1.23544
1.01542 1.19373
1.05069 1.1391
1.0822 1.08404
1.10869 1.00691
1.12882 0.931458
1.14095 0.836646
1.14761 0.734381
1.14696 0.625565
1.14164 0.503808
1.1169 0.37236
1.09122 0.233951
1.065 0.0961417
1.03747 -0.0449157
1.01064 -0.182397
0.986794 -0.316575
0.967565 -0.453565
0.951666 -0.584794
0.937211 -0.705432
0.936195 -0.822329
0.942556 -0.928143
0.958829 -1.03011
0.981112 -1.12304
1.01245 -1.20048
1.05594 -1.26619
1.10957 -1.31967
1.17165 -1.35926
1.24233 -1.38776
1.31621 -1.40526
1.39273 -1.4138
1.47001 -1.41375
1.54344 -1.40095
1.61278 -1.38296
1.67909 -1.3609
1.7422 -1.33619
1.80262 -1.3054
