0.480561 1.02568
0.4249 1.04329
0.360429 1.05086
0.284948 1.05682
0.19578 1.06711
0.0928637 1.07387
-0.0196673 1.08417
-0.139258 1.07311
-0.267008 1.05863
-0.400931 1.03476
-0.541734 0.999238
-0.68647 0.948169
-0.824094 0.874494
-0.959647 0.792744
-1.08985 0.692172
-1.21548 0.584384
-1.3377 0.477706
-1.44663 0.3462
-1.5426 0.224383
-1.61941 0.104232
-1.67878 -0.0163741
-1.72354 -0.134709
-1.74957 -0.265811
-1.76158 -0.392422
-1.75265 -0.522616
-1.72334 -0.659016
-1.67691 -0.798545
-1.62426 -0.925005
-1.56472 -1.04092
-1.49504 -1.1483
-1.40942 -1.25468
-1.30913 -1.33996
-1.19441 -1.4208
-1.06272 -1.49675
-0.922764 -1.56911
-0.772637 -1.63355
-0.620651 -1.68689
-0.466349 -1.72504
-0.305535 -1.75098
-0.141224 -1.76501
0.0251395 -1.74664
0.196914 -1.71454
0.362624 -1.66847
0.517002 -1.61513
0.658994 -1.55407
0.786624 -1.49362
0.899098 -1.42681
1.00192 -1.35091
1.09459 -1.26088
1.18017 -1.16268
1.25854 -1.06216
1.32511 -0.948823
1.37846 -0.834878
1.41886 -0.725122
1.44682 -0.616022
1.46541 -0.512624
1.47798 -0.40635
1.47538 -0.30386
1.46045 -0.202379
1.43576 -0.0901
1.41888 0.0142568
1.38982 0.121187
1.35238 0.211162
1.29993 0.295182
1.2393 0.381625
1.16726 0.461406
1.08846 0.54255
1.00376 0.614964
0.922702 0.680313
0.841497 0.73229
0.758522 0.781138
0.671303 0.828724
0.578623 0.868539
0.485216 0.899069
0.396474 0.921475
0.311873 0.935352
0.231168 0.954881
0.149129 0.961845
0.0734726 0.973905
0.000213382 0.976984
-0.0707793 0.969414
-0.131343 0.973552
-0.18686 0.969313
-0.23562 0.960634
-0.268423 0.93954
-0.279503 0.919507
-0.264509 0.896647
-0.22069 0.882114
-0.147972 0.865108
-0.0554717 0.838867
0.0514299 0.830137
0.158984 0.818834
0.257119 0.806571
0.35404 0.803442
