-0.0738321 1.17054
-0.140827 1.17325
-0.219814 1.16966
-0.310556 1.16099
-0.410096 1.13856
-0.511985 1.11859
-0.619059 1.07903
-0.730973 1.02292
-0.842041 0.944378
-0.953675 0.850988
-1.0619 0.740646
-1.16406 0.630874
-1.25408 0.515889
-1.3299 0.397313
-1.39494 0.285087
-1.44815 0.177637
-1.4889 0.0782462
-1.51478 -0.0240793
-1.52535 -0.120535
-1.51897 -0.224043
-1.50162 -0.320718
-1.47726 -0.415378
-1.44882 -0.496503
-1.41095 -0.581613
-1.36115 -0.67347
-1.29864 -0.762786
-1.22353 -0.856307
-1.13785 -0.942731
-1.04188 -1.02697
-0.93901 -1.10726
-0.830276 -1.18584
-0.718162 -1.26263
-0.605612 -1.33631
-0.49289 -1.39645
-0.377505 -1.44998
-0.26033 -1.50136
-0.140033 -1.53759
-0.0218278 -1.5474
0.106041 -1.55445
0.244244 -1.55896
0.364062 -1.53798
0.484726 -1.52791
0.587575 -1.49991
0.695068 -1.48156
0.793148 -1.44888
0.885368 -1.40521
0.969284 -1.34752
1.04462 -1.28734
1.11246 -1.21296
1.17421 -1.11996
1.22611 -1.01505
1.26755 -0.914084
1.30131 -0.813598
1.33166 -0.722311
1.3625 -0.638427
1.39512 -0.555331
1.42514 -0.467242
1.44936 -0.382832
1.46409 -0.301883
1.47051 -0.210245
1.46334 -0.115498
1.44798 -0.0178154
1.43665 0.0718947
1.40982 0.164145
1.37627 0.264675
1.33344 0.350005
1.282 0.427756
1.22544 0.506077
1.16416 0.59294
1.09586 0.670298
1.0195 0.743932
0.936068 0.817741
0.846273 0.900223
0.751654 0.983757
0.649456 1.0361
0.545659 1.07233
0.438647 1.10216
0.327435 1.13825
0.216526 1.14255
0.101343 1.15954
-0.0176385 1.17544
-0.132884 1.18766
-0.238595 1.18617
-0.334229 1.18797
-0.421947 1.19647
-0.498581 1.18775
-0.565687 1.17308
-0.61983 1.15648
-0.66805 1.14184
-0.705529 1.13497
-0.731259 1.1294
-0.743428 1.1291
-0.74276 1.12161
