-0.257856 0.961881
-0.385941 0.956894
-0.510862 0.934343
-0.629148 0.898091
-0.740442 0.840904
-0.847654 0.772172
-0.94831 0.690368
-1.04703 0.58152
-1.14382 0.448639
-1.23559 0.29954
-1.32301 0.147072
-1.39876 -0.0145596
-1.46161 -0.166039
-1.50622 -0.310915
-1.53279 -0.446941
-1.54206 -0.580451
-1.53266 -0.714231
-1.50519 -0.848191
-1.4605 -0.976715
-1.39997 -1.10668
-1.32906 -1.23053
-1.24738 -1.35977
-1.15679 -1.48088
-1.05806 -1.58039
-0.944017 -1.66785
-0.815432 -1.73685
-0.678864 -1.78258
-0.539341 -1.80666
-0.40149 -1.81479
-0.266925 -1.81084
-0.136527 -1.8037
-0.0125193 -1.77535
0.101088 -1.7271
0.216758 -1.67432
0.318135 -1.60168
0.408459 -1.51147
0.488186 -1.39351
0.551966 -1.26629
0.600895 -1.11957
0.632167 -0.961037
0.648201 -0.79945
0.648538 -0.629103
0.635143 -0.474838
0.607215 -0.326593
0.567152 -0.184817
0.516824 -0.0467692
0.463678 0.0896611
0.399358 0.232156
0.32009 0.358389
0.234784 0.475547
0.143539 0.574108
0.0441124 0.649264
-0.0561623 0.716513
-0.152509 0.778237
-0.246688 0.815837
-0.329258 0.842836
-0.399946 0.861928
-0.457935 0.867992
-0.500617 0.871272
-0.528333 0.860311
-0.539107 0.847552
-0.527386 0.825046
-0.486016 0.792342
-0.413894 0.751014
-0.306338 0.724329
-0.16876 0.685337
-0.00011307 0.652318
0.187164 0.626353
0.388209 0.611259
0.587709 0.603038
0.766459 0.593874
0.93139 0.602274
1.08311 0.6193
1.22193 0.653217
1.35235 0.691671
1.46962 0.746072
1.56977 0.788299
1.65046 0.827427
1.71493 0.865701
1.76783 0.919249
1.8118 0.978772
1.84364 1.04458
1.85438 1.09018
1.85439 1.12441
1.84813 1.15554
1.83738 1.17917
1.82195 1.20765
