-2.02105 -0.34227
-1.95836 -0.317939
-1.88845 -0.281627
-1.81194 -0.227159
-1.72648 -0.169472
-1.63148 -0.0910952
-1.52578 0.00496221
-1.40747 0.109253
-1.27276 0.223994
-1.1259 0.335885
-0.969235 0.454638
-0.807789 0.555815
-0.639449 0.646119
-0.468557 0.73389
-0.29233 0.792211
-0.12126 0.836017
0.0488552 0.863093
0.204891 0.869796
0.339192 0.879824
0.44206 0.881407
0.514745 0.894338
0.560177 0.907322
0.581995 0.922891
0.574888 0.937194
0.542583 0.948595
0.484838 0.946958
0.409227 0.940572
0.305589 0.913708
0.183712 0.869321
0.0490089 0.829262
-0.0859652 0.780811
-0.211436 0.722068
-0.356609 0.637358
-0.503968 0.516231
-0.646886 0.375575
-0.784988 0.178235
-0.912976 -0.0486083
-1.02692 -0.303108
-1.12386 -0.571805
-1.20424 -0.843299
-1.26071 -1.11791
-1.28426 -1.36576
-1.26868 -1.55502
-1.21371 -1.71853
-1.12445 -1.8661
-1.00912 -1.99995
-0.882788 -2.10112
-0.755119 -2.18283
-0.629786 -2.23861
-0.511119 -2.27376
-0.388451 -2.27455
-0.264152 -2.24532
-0.139204 -2.17464
-0.0106736 -2.07463
0.111709 -1.95561
0.218111 -1.81353
0.30728 -1.65461
0.386418 -1.48509
0.458519 -1.31324
0.527148 -1.14393
0.579458 -0.963318
0.608527 -0.784239
0.61957 -0.600675
0.614962 -0.423866
0.593092 -0.278143
0.558242 -0.134216
0.508457 -0.0115576
0.437563 0.100439
0.352367 0.193805
0.262482 0.270598
0.171164 0.33863
0.0780141 0.388664
-0.0157837 0.428618
-0.108363 0.453371
-0.193087 0.466882
-0.270873 0.48488
-0.329961 0.513908
-0.369642 0.535759
-0.389385 0.560565
-0.388631 0.563731
-0.361778 0.574868
-0.306704 0.571015
-0.230234 0.576715
-0.138303 0.560248
-0.0444973 0.549481
0.0607275 0.544256
0.170735 0.525309
0.286616 0.524517
0.418162 0.5052
0.555955 0.501294
0.711339 0.513433
0.881029 0.530956
1.05594 0.557398
1.2388 0.582257
1.41864 0.599516
1.60206 0.632502
1.77661 0.662428
1.92806 0.705812
2.05444 0.750568
2.15623 0.804456
2.23842 0.880563
2.29703 0.986068
2.31913 1.08234
2.31943 1.17106
2.29142 1.24769
