0.644856 1.02077
0.592143 1.0841
0.525845 1.1497
0.438381 1.20225
0.332683 1.25229
0.20193 1.2843
0.0486675 1.3028
-0.115691 1.30814
-0.28533 1.30038
-0.461225 1.28124
-0.643926 1.2358
-0.822074 1.15867
-1.00034 1.05757
-1.16189 0.925895
-1.30978 0.755889
-1.44865 0.574407
-1.5683 0.365792
-1.66332 0.145793
-1.7288 -0.0636595
-1.75628 -0.239566
-1.74082 -0.404321
-1.68558 -0.558529
-1.59618 -0.720125
-1.48427 -0.872011
-1.3528 -1.02594
-1.20606 -1.15952
-1.04576 -1.28975
-0.872626 -1.40642
-0.69205 -1.49196
-0.502108 -1.56128
-0.305606 -1.59417
-0.10811 -1.60342
0.0934745 -1.59069
0.293955 -1.54985
0.481263 -1.48917
0.652156 -1.41362
0.804309 -1.31819
0.937106 -1.21374
1.05994 -1.10112
1.16009 -0.973113
1.23614 -0.837025
1.28616 -0.692852
1.3244 -0.543662
1.33563 -0.375747
1.32583 -0.204858
1.29549 -0.0667724
1.2497 0.0796768
1.19225 0.198899
1.12587 0.300233
1.05481 0.385863
0.974454 0.449842
0.885715 0.509871
0.789622 0.583979
0.689982 0.652371
0.596009 0.704781
0.502781 0.768945
0.417479 0.807184
0.337621 0.84426
0.271965 0.866562
0.21986 0.891606
0.178995 0.911213
