0.407875 1.01596
0.290802 1.0586
0.15521 1.08192
-0.00129123 1.08324
-0.172875 1.05702
-0.351633 1.00945
-0.534806 0.940382
-0.720345 0.841017
-0.896518 0.71263
-1.05909 0.553519
-1.22216 0.397599
-1.35773 0.209678
-1.46763 0.00345939
-1.54622 -0.222165
-1.59889 -0.444852
-1.62336 -0.660263
-1.60729 -0.838651
-1.54387 -0.992869
-1.43394 -1.14453
-1.29263 -1.28573
-1.13143 -1.40241
-0.95287 -1.50318
-0.770224 -1.57374
-0.596926 -1.61331
-0.418909 -1.63331
-0.231493 -1.63017
-0.0217827 -1.61953
0.169395 -1.55757
0.379427 -1.48756
0.583721 -1.38522
0.792219 -1.25769
0.985396 -1.10743
1.14797 -0.939718
1.29229 -0.757628
1.41973 -0.564728
1.5119 -0.384425
1.56417 -0.21825
1.58567 -0.0465847
1.5809 0.118399
1.54072 0.258361
1.47297 0.39862
1.37887 0.522071
1.26587 0.629734
1.14918 0.713651
1.01662 0.796462
0.866881 0.854379
0.716073 0.909487
0.551736 0.95102
0.388769 0.964893
0.230591 0.990894
0.0806982 1.0166
-0.0531773 1.01698
-0.161285 1.01919
-0.252694 1.03736
-0.320712 1.03387
-0.36722 1.03153
-0.401944 1.02255
-0.414713 1.02098
