0.00507266 0.730511
-0.026388 0.786486
-0.0679717 0.837006
-0.120902 0.873625
-0.183083 0.906134
-0.258226 0.932316
-0.342409 0.953764
-0.4339 0.952668
-0.531486 0.933237
-0.635392 0.916821
-0.740233 0.883515
-0.847918 0.844579
-0.95585 0.77981
-1.06313 0.696632
-1.17132 0.601347
-1.27143 0.483717
-1.36059 0.345385
-1.44088 0.206655
-1.50836 0.065783
-1.5623 -0.0702565
-1.59673 -0.207268
-1.61108 -0.326318
-1.60152 -0.44467
-1.56806 -0.5625
-1.51252 -0.676343
-1.43822 -0.785703
-1.34263 -0.901764
-1.23463 -1.01658
-1.11978 -1.12482
-0.999239 -1.22768
-0.874354 -1.32164
-0.742969 -1.40686
-0.612433 -1.46568
-0.478095 -1.51931
-0.344623 -1.5568
-0.211393 -1.58443
-0.0777164 -1.60152
0.0602983 -1.61382
0.19535 -1.61871
0.324725 -1.61111
0.449946 -1.59128
0.572599 -1.55092
0.690132 -1.49679
0.812256 -1.42906
0.931867 -1.34521
1.05083 -1.24835
1.1607 -1.13222
1.26275 -1.00071
1.35498 -0.864597
1.43942 -0.731845
1.50751 -0.588357
1.56123 -0.433286
1.59252 -0.283919
1.61045 -0.123068
1.61239 0.0425908
1.59247 0.206979
1.55289 0.353606
1.50308 0.50945
1.43872 0.638116
1.36337 0.759034
1.28473 0.867721
1.19438 0.9576
1.09115 1.03056
0.972404 1.09454
0.845009 1.14391
0.714201 1.17443
0.584851 1.18432
0.458171 1.18521
0.336867 1.15674
0.224071 1.12049
0.122924 1.08363
0.0310509 1.03973
-0.0512941 1.00937
-0.120494 0.96323
-0.178051 0.922451
-0.222269 0.897888
-0.250471 0.873276
-0.263047 0.852326
-0.267579 0.838824
-0.264399 0.827365
