-0.718386 1.23862
-0.705586 1.24869
-0.690218 1.24504
-0.681845 1.22502
-0.671814 1.18281
-0.654923 1.12401
-0.627996 1.03889
-0.590917 0.933499
-0.5481 0.803765
-0.510158 0.649287
-0.486592 0.475789
-0.485362 0.28062
-0.493165 0.067879
-0.51215 -0.151299
-0.538613 -0.367893
-0.561071 -0.583797
-0.583736 -0.775157
-0.593538 -0.952018
-0.599269 -1.10912
-0.605704 -1.25256
-0.616315 -1.37979
-0.634048 -1.48859
-0.653288 -1.58129
-0.675815 -1.65924
-0.699578 -1.72619
-0.728331 -1.77721
-0.760265 -1.80906
-0.792684 -1.82087
-0.82611 -1.81138
-0.854214 -1.79096
-0.879393 -1.75367
-0.90119 -1.69998
-0.918108 -1.63361
-0.933332 -1.55066
-0.948497 -1.45057
-0.961079 -1.33605
-0.968308 -1.20957
-0.967604 -1.07204
-0.956535 -0.925426
-0.926205 -0.778743
-0.87739 -0.627116
-0.818348 -0.466558
-0.749154 -0.306579
-0.675042 -0.14239
-0.591769 0.0151391
-0.508799 0.16935
-0.422857 0.316656
-0.331093 0.461134
-0.226619 0.589019
-0.114917 0.704365
0.00893553 0.807685
0.143655 0.898443
0.288921 0.981049
0.44825 1.05818
0.623357 1.11648
0.810639 1.16604
1.00296 1.20695
1.20796 1.22951
1.38854 1.23682
1.57256 1.23735
1.73871 1.21635
1.87967 1.1815
1.9943 1.1413
2.07795 1.09081
2.13853 1.03294
2.17115 0.967129
2.16802 0.88822
2.12986 0.793587
2.0583 0.692918
1.95757 0.588151
1.81935 0.481112
1.65842 0.380911
1.48146 0.284317
1.29179 0.207568
1.09205 0.141131
0.885878 0.0894382
0.682271 0.0449389
0.483034 0.015206
0.29494 -0.00523965
0.11953 -0.0118099
-0.0399642 -0.0122108
-0.183025 -0.0025893
-0.301705 0.017745
-0.401007 0.0493933
-0.48598 0.0929126
-0.554647 0.14592
-0.605518 0.203493
-0.633781 0.259217
-0.636882 0.306946
