-0.300095 0.816397
-0.279933 0.902297
-0.263201 0.983479
-0.249032 1.05073
-0.24035 1.09809
-0.239705 1.13447
-0.240314 1.15776
-0.25634 1.16107
-0.272957 1.14882
-0.293269 1.12354
-0.313443 1.08549
-0.333238 1.02983
-0.351187 0.955305
-0.36207 0.858991
-0.374617 0.740987
-0.387104 0.59218
-0.407724 0.423649
-0.427458 0.240649
-0.450779 0.0436731
-0.474402 -0.168385
-0.495812 -0.383047
-0.522456 -0.593656
-0.548671 -0.797977
-0.575845 -0.992619
-0.605154 -1.16818
-0.627064 -1.32823
-0.641348 -1.4707
-0.660659 -1.58954
-0.687598 -1.6918
-0.715309 -1.77799
-0.739903 -1.84579
-0.760095 -1.89293
-0.773944 -1.92611
-0.782916 -1.9439
-0.789253 -1.94992
-0.796247 -1.94029
-0.80552 -1.91459
-0.822004 -1.86797
-0.841406 -1.80885
-0.868321 -1.72987
-0.900783 -1.63061
-0.92771 -1.52236
-0.946997 -1.40197
-0.952683 -1.27346
-0.94496 -1.14138
-0.923145 -1.00962
-0.900885 -0.86899
-0.878028 -0.718636
-0.849799 -0.568356
-0.813961 -0.411099
-0.768084 -0.257551
-0.706145 -0.113706
-0.624206 0.0296718
-0.52963 0.164944
-0.431124 0.291742
-0.329958 0.408051
-0.225217 0.517506
-0.117388 0.616817
-0.00634043 0.718069
0.104484 0.814653
0.216979 0.898121
0.33286 0.972868
0.456088 1.03924
0.58254 1.09976
0.712218 1.14106
0.843169 1.1837
0.979008 1.21379
1.11514 1.23418
1.2557 1.24928
1.40417 1.25228
1.55286 1.24425
1.70023 1.22376
1.83969 1.19163
1.96524 1.14201
2.07043 1.08235
2.15402 1.02055
2.20997 0.941819
2.24239 0.862479
2.25469 0.779527
2.24245 0.698811
2.2039 0.616523
2.12698 0.531164
2.02216 0.45315
1.8911 0.36924
1.72861 0.280565
1.54474 0.187223
1.34231 0.103412
1.1284 0.0255205
0.905589 -0.049497
0.676039 -0.111643
0.447313 -0.164357
0.227157 -0.207098
0.022335 -0.235419
-0.164755 -0.257281
-0.332249 -0.268015
-0.482686 -0.268654
-0.616802 -0.260818
-0.733825 -0.242739
-0.82775 -0.222401
-0.900023 -0.192335
-0.94628 -0.155268
-0.970313 -0.112257
-0.968221 -0.0693444
-0.947769 -0.0184485
-0.906866 0.0280751
-0.851505 0.0744268
-0.78534 0.120852
-0.712777 0.165165
