-1.60624 0.822281
-1.54296 0.855796
-1.47202 0.879877
-1.38986 0.901039
-1.29388 0.919751
-1.19472 0.930045
-1.10127 0.925354
-1.01313 0.909743
-0.928227 0.882639
-0.85117 0.829474
-0.781506 0.758874
-0.71777 0.670343
-0.665802 0.577486
-0.621657 0.462998
-0.588106 0.328886
-0.56322 0.177391
-0.546869 0.0190939
-0.529686 -0.152208
-0.516177 -0.33469
-0.508206 -0.522384
-0.513561 -0.714561
-0.535586 -0.90296
-0.571953 -1.077
-0.610253 -1.22659
-0.643567 -1.35612
-0.668182 -1.47378
-0.691706 -1.57514
-0.70836 -1.66625
-0.723511 -1.73852
-0.734661 -1.79791
-0.741752 -1.84344
-0.749228 -1.87234
-0.758621 -1.88381
-0.768653 -1.87992
-0.779407 -1.85431
-0.787809 -1.81008
-0.794612 -1.74568
-0.795841 -1.67373
-0.796072 -1.58176
-0.790613 -1.48134
-0.773837 -1.37339
-0.745861 -1.26248
-0.710548 -1.14014
-0.67406 -1.00861
-0.633435 -0.864597
-0.591422 -0.709818
-0.547382 -0.554023
-0.494378 -0.404456
-0.430968 -0.264507
-0.369395 -0.133418
-0.307915 -0.0124144
-0.246044 0.10468
-0.182043 0.215389
-0.119885 0.325811
-0.0572858 0.437432
0.00835298 0.548141
0.0771795 0.654315
0.151499 0.747433
0.23275 0.829604
0.321611 0.902133
0.423892 0.966948
0.520336 1.02243
0.623262 1.07211
0.740554 1.1155
0.844904 1.15284
0.954961 1.18386
1.07208 1.22266
1.19364 1.23853
1.3279 1.24406
1.43721 1.24096
1.54755 1.22832
1.64922 1.21028
1.74401 1.17841
1.82566 1.13577
1.88839 1.08527
1.93376 1.02379
1.9684 0.956419
1.98892 0.890145
1.99464 0.823089
1.97562 0.750456
1.93131 0.674799
1.85137 0.587754
1.74005 0.48932
1.5948 0.388384
1.40773 0.281272
1.20664 0.175072
1.00037 0.0819019
0.794505 0.0036134
0.590894 -0.0540345
0.39407 -0.0956806
0.209588 -0.126042
0.0385379 -0.1422
-0.111305 -0.155856
-0.246331 -0.161877
-0.366192 -0.153485
-0.463879 -0.139985
-0.537586 -0.118458
