0.47212 0.914376
0.481392 0.96865
0.464043 1.02334
0.418939 1.07762
0.347336 1.12159
0.250937 1.15354
0.123449 1.18201
-0.0479912 1.18029
-0.251914 1.16915
-0.47242 1.14051
-0.703706 1.09404
-0.936276 1.02576
-1.15742 0.926871
-1.36224 0.805583
-1.55778 0.679431
-1.72421 0.531771
-1.87071 0.383273
-1.99381 0.24517
-2.08274 0.116252
-2.13467 0.00684111
-2.14834 -0.0861001
-2.1206 -0.165806
-2.058 -0.230006
-1.96494 -0.278057
-1.84761 -0.302675
-1.69847 -0.316009
-1.51309 -0.320429
-1.31343 -0.296428
-1.10115 -0.255414
-0.888649 -0.201585
-0.689219 -0.132941
-0.511254 -0.0490372
-0.351022 0.0423978
-0.20598 0.143537
-0.0715141 0.246429
0.0504395 0.347272
0.162648 0.431991
0.264082 0.526117
0.348051 0.622392
0.41777 0.71921
0.483469 0.802397
0.533857 0.883684
0.572621 0.96986
0.601979 1.03845
0.615194 1.08285
0.611136 1.12298
0.596809 1.15251
0.574998 1.17673
0.554696 1.18327
0.524559 1.1833
0.486952 1.17226
0.448834 1.14187
0.410907 1.09991
0.379907 1.0408
0.349745 0.965934
0.320093 0.86356
0.286889 0.733111
0.252055 0.586835
0.218615 0.417076
0.18141 0.235614
0.142339 0.0465214
0.106119 -0.156917
0.0751638 -0.366899
0.0443623 -0.573424
0.0310448 -0.767085
0.0454359 -0.938029
0.0842892 -1.08737
0.136895 -1.21759
0.204997 -1.34041
0.274128 -1.42893
0.357138 -1.51261
0.439152 -1.5663
0.525991 -1.60924
0.622786 -1.65348
0.718232 -1.67874
0.808662 -1.66818
0.914135 -1.66351
1.01104 -1.62812
1.10861 -1.59422
1.19853 -1.55699
1.27891 -1.51486
1.34941 -1.47521
1.41097 -1.43538
1.4589 -1.38967
1.4949 -1.3473
1.52048 -1.30036
1.53493 -1.25305
1.53843 -1.20414
1.53723 -1.16243
