0.498213 0.90134
0.503083 0.948108
0.499693 1.00373
0.47335 1.05351
0.428314 1.10947
0.365092 1.16469
0.287101 1.20803
0.188932 1.23235
0.0727466 1.24488
-0.0695142 1.25225
-0.224485 1.25418
-0.388934 1.24273
-0.560168 1.2165
-0.739271 1.1769
-0.923155 1.10426
-1.12063 1.03205
-1.31851 0.938146
-1.50804 0.827282
-1.68328 0.706136
-1.84038 0.581825
-1.96934 0.463669
-2.06458 0.347491
-2.1327 0.244487
-2.1641 0.141608
-2.16262 0.052274
-2.13183 -0.0189409
-2.06583 -0.0811087
-1.97056 -0.129829
-1.84038 -0.169899
-1.68186 -0.197732
-1.50058 -0.21061
-1.30516 -0.208163
-1.10785 -0.186955
-0.925033 -0.141769
-0.760727 -0.0840996
-0.618701 -0.0118713
-0.493119 0.0758063
-0.376731 0.172605
-0.273305 0.269997
-0.180006 0.364299
-0.0951197 0.455981
-0.0190457 0.531843
0.0465787 0.612476
0.110101 0.689599
0.145938 0.758193
0.181633 0.840013
0.209324 0.904257
0.226462 0.968006
0.232571 1.03574
0.234149 1.08406
0.224447 1.13276
0.211813 1.17065
0.193851 1.20926
0.180164 1.23319
0.16639 1.24187
0.153636 1.24874
0.137912 1.24948
0.117979 1.24019
0.100459 1.22014
0.0854893 1.17841
0.0724081 1.12047
0.0616636 1.04436
0.0398962 0.94964
0.0157156 0.837244
-0.0122103 0.704529
-0.0446621 0.550852
-0.0808975 0.379205
-0.12019 0.194926
-0.163174 -0.000723137
-0.198879 -0.19877
-0.22342 -0.398968
-0.237441 -0.586188
-0.235197 -0.757415
-0.210929 -0.901946
-0.169125 -1.02092
-0.118705 -1.12451
-0.0600145 -1.21246
-0.00681072 -1.27733
0.0510283 -1.33425
0.121086 -1.39071
0.184685 -1.42831
0.250932 -1.4601
0.316376 -1.47918
0.382202 -1.49025
0.457446 -1.5039
0.530916 -1.51119
0.604593 -1.51129
0.669361 -1.49757
0.735335 -1.48185
0.799902 -1.46435
0.862812 -1.44653
0.921779 -1.42618
0.980811 -1.40186
1.03713 -1.37304
1.10166 -1.35168
1.16202 -1.32172
1.21411 -1.28348
1.27908 -1.24793
1.34417 -1.21259
1.40652 -1.17158
1.46735 -1.12968
1.5277 -1.08892
1.58725 -1.04719
1.64734 -1.00898
1.70355 -0.967895
1.75983 -0.925157
1.81219 -0.884148
1.86049 -0.83565
1.90602 -0.783197
1.94645 -0.736132
