-2.05103 0.382607
-1.79529 0.456269
-1.52432 0.516923
-1.23929 0.563567
-0.95678 0.604175
-0.669095 0.632904
-0.388966 0.65169
-0.130901 0.672156
0.0932496 0.687844
0.279411 0.715346
0.438947 0.741331
0.588459 0.776709
0.718346 0.796239
0.838364 0.816413
0.938941 0.827034
1.02247 0.834555
1.09868 0.842108
1.1594 0.856892
1.19192 0.874323
1.20187 0.886719
1.18092 0.901567
1.12692 0.917933
1.04135 0.935945
0.918464 0.943499
0.762558 0.95131
0.592199 0.978006
0.430748 0.990046
0.234478 0.985817
0.0240602 0.986108
-0.197695 0.988045
-0.436265 0.978232
-0.681054 0.949825
-0.922703 0.907894
-1.15398 0.837621
-1.3735 0.750563
-1.57142 0.635486
-1.75331 0.513727
-1.91288 0.38222
-2.04398 0.240383
-2.15555 0.108746
-2.23629 -0.0271835
-2.28243 -0.142261
-2.27793 -0.240003
-2.21832 -0.307629
-2.10831 -0.340942
-1.95049 -0.365571
-1.7636 -0.371349
-1.56568 -0.373448
-1.36775 -0.365507
-1.19126 -0.344816
-1.03375 -0.314795
-0.884943 -0.274058
-0.737691 -0.223412
-0.58704 -0.163339
-0.43187 -0.100555
-0.28148 -0.0365769
-0.139846 0.0256906
-0.0125458 0.103355
0.0956161 0.181537
0.184544 0.249712
0.264528 0.326989
0.327112 0.407559
0.374327 0.485837
0.409876 0.562243
0.444241 0.640037
0.466819 0.714216
0.48969 0.775354
0.532155 0.844465
0.553133 0.907442
0.568754 0.960542
0.595712 0.997277
0.600164 1.02604
0.579739 1.05286
0.569975 1.08395
0.54725 1.10854
0.510719 1.11403
0.480265 1.10683
0.456501 1.09376
0.428168 1.05206
0.420008 0.980943
0.42972 0.896112
0.446254 0.805761
0.449346 0.695688
0.425468 0.565084
0.380125 0.426281
0.299707 0.263882
0.201986 0.0808243
0.0936448 -0.121537
-0.0257839 -0.340296
-0.149707 -0.551728
-0.251278 -0.762256
-0.304359 -0.944927
-0.316573 -1.10729
-0.299264 -1.26563
-0.274066 -1.40501
-0.233643 -1.52667
-0.187618 -1.63697
-0.118678 -1.72677
-0.0350539 -1.79653
0.0460688 -1.84078
0.142466 -1.86851
0.258193 -1.90137
0.37837 -1.91761
0.502772 -1.92161
0.620895 -1.91429
0.736804 -1.89673
0.831304 -1.85841
0.931978 -1.82471
1.02086 -1.78249
1.09739 -1.72722
1.16709 -1.66802
1.22802 -1.59875
1.27641 -1.53067
1.31784 -1.46544
1.34743 -1.41085
1.36513 -1.35572
1.36895 -1.29916
1.37511 -1.25352
1.35638 -1.19461
1.3485 -1.14613
