0.839134 0.997124
0.76809 1.02488
0.660499 1.04167
0.525596 1.0531
0.362245 1.05821
0.178411 1.05721
-0.0276481 1.04048
-0.251466 1.0324
-0.482869 1.00252
-0.715317 0.963618
-0.951471 0.913849
-1.17972 0.851356
-1.39303 0.778718
-1.58832 0.701539
-1.76552 0.622463
-1.92605 0.539381
-2.07109 0.460646
-2.19012 0.377862
-2.28024 0.296271
-2.33512 0.219114
-2.34627 0.15029
-2.31287 0.0929549
-2.23529 0.0415238
-2.12282 -0.00334255
-1.98397 -0.0385962
-1.81916 -0.0640667
-1.63239 -0.0827592
-1.43683 -0.0939918
-1.243 -0.0935442
-1.05821 -0.0805425
-0.881631 -0.0571822
-0.708292 -0.0197971
-0.540068 0.0274138
-0.378434 0.0903333
-0.223888 0.161246
-0.0826173 0.237039
0.0462144 0.307248
0.167781 0.375901
0.279331 0.448689
0.388032 0.51472
0.49027 0.578386
0.587142 0.640793
0.667779 0.694335
0.735975 0.750263
0.799158 0.801481
0.855463 0.854468
0.904936 0.894496
0.947257 0.929217
0.981048 0.959995
1.01542 0.988662
1.04175 1.00716
1.06663 1.03506
1.0813 1.05011
1.09288 1.06348
1.10182 1.07786
1.11077 1.08828
1.11736 1.10099
1.12276 1.10331
1.12252 1.10369
1.11305 1.09638
1.0995 1.08368
1.08974 1.07658
1.0774 1.07405
1.0709 1.06503
1.05546 1.05785
1.02988 1.03423
0.995157 1.01204
0.947448 0.983845
0.883615 0.945053
0.828541 0.89829
0.755743 0.851783
0.682832 0.794639
0.608361 0.740459
0.53342 0.683443
0.461541 0.618222
0.386055 0.554045
0.309208 0.484816
0.23669 0.4054
0.168474 0.319354
0.096273 0.229302
0.0251757 0.135818
-0.0444446 0.0383906
-0.109762 -0.0633633
-0.183654 -0.157892
-0.256743 -0.252164
-0.322546 -0.346011
-0.374355 -0.444589
-0.4221 -0.537881
-0.451744 -0.634988
-0.478968 -0.726959
-0.497767 -0.816671
-0.517967 -0.903526
-0.534986 -0.98761
-0.553713 -1.06191
-0.562938 -1.13551
-0.574964 -1.19606
-0.56832 -1.2641
-0.562396 -1.31696
-0.544139 -1.3728
-0.523632 -1.42327
-0.493001 -1.47673
-0.461876 -1.5227
-0.422165 -1.57245
-0.380762 -1.60988
-0.325515 -1.64812
-0.263156 -1.67676
-0.185448 -1.70168
-0.0941649 -1.72105
0.00981242 -1.73367
0.127618 -1.7361
0.25023 -1.73156
0.370806 -1.71775
0.49772 -1.70515
0.616554 -1.68147
0.734852 -1.65673
0.846397 -1.62791
0.955416 -1.59425
1.06425 -1.55836
1.16324 -1.52258
1.24938 -1.48449
1.31726 -1.4425
1.36403 -1.40132
1.39207 -1.36125
1.40326 -1.32397
