1.66384 0.863142
1.61836 0.90671
1.56318 0.944609
1.49148 0.976758
1.40457 1.01207
1.30389 1.04696
1.1792 1.07406
1.03514 1.09815
0.885933 1.12525
0.71354 1.14572
0.527359 1.14825
0.341881 1.15095
0.145527 1.12867
-0.0482044 1.10623
-0.245583 1.08482
-0.442207 1.0553
-0.63824 1.01796
-0.83416 0.96884
-1.02385 0.903825
-1.2065 0.83517
-1.38107 0.765759
-1.54839 0.696189
-1.7014 0.623952
-1.83621 0.549548
-1.94487 0.469214
-2.03501 0.391109
-2.10618 0.320425
-2.14939 0.24606
-2.17135 0.177663
-2.17335 0.107914
-2.15297 0.0389602
-2.10931 -0.0269695
-2.04628 -0.0840662
-1.96002 -0.132867
-1.85834 -0.17369
-1.75527 -0.208684
-1.66217 -0.234527
-1.5702 -0.256609
-1.4744 -0.271849
-1.37575 -0.274514
-1.27624 -0.275728
-1.17574 -0.272784
-1.07144 -0.263035
-0.961813 -0.241927
-0.844442 -0.210932
-0.72071 -0.176495
-0.589314 -0.13802
-0.459822 -0.0978927
-0.337034 -0.0493705
-0.220616 -0.00327539
-0.115824 0.0473357
-0.0209916 0.101488
0.0736697 0.153173
0.165289 0.202432
0.254183 0.259528
0.349782 0.313362
0.430429 0.374478
0.513552 0.428153
0.586341 0.476933
0.650474 0.527942
0.701601 0.579429
0.73796 0.622838
0.769258 0.672614
0.796021 0.719644
0.819237 0.754359
0.844973 0.78822
0.873544 0.824905
0.904545 0.844879
0.93637 0.872552
0.966751 0.904959
0.988771 0.932573
1.00222 0.949523
1.00458 0.9614
1.00487 0.982667
0.997463 0.994165
0.986122 0.999597
0.965652 1.00127
0.943902 1.00533
0.923537 1.00938
0.8977 0.997269
0.869702 0.988515
0.848177 0.974032
0.829654 0.953541
0.808185 0.92736
0.788705 0.898235
0.768373 0.85582
0.747008 0.803339
0.720493 0.753603
0.690042 0.698277
0.64808 0.646532
0.610806 0.584064
0.577237 0.512186
0.547808 0.435673
0.512952 0.357965
0.470373 0.272937
0.421229 0.178758
0.366421 0.0858909
0.311357 -0.00317592
0.257129 -0.0902732
0.202359 -0.18113
0.137445 -0.271868
0.0682652 -0.360299
0.00686826 -0.451395
-0.0502279 -0.548956
-0.11472 -0.648806
-0.18052 -0.754345
-0.245862 -0.860879
-0.309879 -0.965006
-0.371073 -1.06038
-0.422295 -1.14811
-0.456397 -1.23483
-0.483172 -1.31465
-0.499239 -1.39194
-0.512148 -1.46672
-0.51688 -1.54232
-0.519132 -1.61601
-0.516702 -1.68687
-0.499956 -1.75678
-0.445905 -1.82832
-0.373141 -1.88309
-0.28547 -1.922
-0.184192 -1.94782
-0.0747068 -1.96088
0.0412046 -1.96845
0.158865 -1.96788
0.277598 -1.95885
0.400978 -1.94402
0.522711 -1.92399
0.646504 -1.89811
0.750762 -1.86319
0.85044 -1.82561
0.95357 -1.79163
1.03902 -1.753
1.11094 -1.71399
1.16892 -1.674
1.21339 -1.63656
