1.34123 1.06806
1.30212 1.10409
1.23324 1.12385
1.14725 1.15753
1.03106 1.19167
0.889098 1.21772
0.715652 1.23732
0.519269 1.24306
0.318331 1.2434
0.0995415 1.22913
-0.139419 1.19098
-0.403486 1.14416
-0.684643 1.0812
-0.962771 1.00365
-1.23288 0.905238
-1.48773 0.794007
-1.71817 0.683006
-1.93339 0.559926
-2.11928 0.432558
-2.26835 0.307749
-2.37439 0.198984
-2.42959 0.103383
-2.44175 0.0311811
-2.41968 -0.0365719
-2.36454 -0.0951497
-2.28442 -0.139273
-2.17895 -0.182037
-2.04085 -0.218046
-1.87961 -0.236027
-1.70423 -0.243519
-1.52066 -0.242574
-1.33852 -0.223394
-1.15233 -0.186532
-0.969253 -0.143423
-0.79985 -0.0849833
-0.635732 -0.0121356
-0.477836 0.0639395
-0.325234 0.135658
-0.184554 0.204955
-0.0540173 0.272754
0.0653258 0.342835
0.171013 0.411741
0.26043 0.485119
0.358428 0.544803
0.43811 0.604165
0.498435 0.672748
0.541959 0.731833
0.578117 0.780613
0.601527 0.822662
0.621168 0.867569
0.641643 0.909664
0.658272 0.94867
0.673633 0.978731
0.683349 0.999271
0.696068 1.02747
0.70604 1.05301
0.712726 1.08069
0.729412 1.09575
0.739327 1.1028
0.746885 1.10799
0.75215 1.11057
0.749053 1.11126
0.737509 1.09845
0.723768 1.08577
0.70961 1.06396
0.702877 1.0303
0.700197 0.990096
0.693482 0.931127
0.685783 0.855513
0.651425 0.775103
0.619568 0.675514
0.566203 0.555477
0.484864 0.428316
0.390048 0.285226
0.265828 0.137778
0.154118 -0.0116285
0.0554295 -0.147342
-0.0115057 -0.278352
-0.0784219 -0.387278
-0.107192 -0.501483
-0.146778 -0.600035
-0.153852 -0.706909
-0.163767 -0.806106
-0.16264 -0.907263
-0.166163 -0.9977
-0.172101 -1.08168
-0.166087 -1.16301
-0.1605 -1.23217
-0.131038 -1.3017
-0.0901271 -1.366
-0.0417629 -1.41916
0.00797443 -1.46116
0.0674755 -1.50512
0.132412 -1.5412
0.180767 -1.55455
0.235268 -1.56803
0.310594 -1.58018
0.385645 -1.58661
0.454266 -1.58737
0.527953 -1.58442
0.595191 -1.57873
0.661606 -1.56925
0.72283 -1.55881
0.782701 -1.54738
0.837353 -1.53557
0.886664 -1.51296
0.910406 -1.48663
0.95573 -1.47245
0.990637 -1.45851
1.018 -1.43794
1.03858 -1.41706
1.05994 -1.39693
1.07233 -1.37812
1.08312 -1.36127
