-0.53434 1.04722
-0.522646 1.04257
-0.51409 1.02174
-0.508451 0.98566
-0.507343 0.925965
-0.509039 0.863445
-0.516458 0.801191
-0.518257 0.696051
-0.526152 0.579816
-0.532962 0.448664
-0.540783 0.297847
-0.548275 0.124042
-0.557032 -0.0649117
-0.570443 -0.27001
-0.592066 -0.478928
-0.61694 -0.685023
-0.646075 -0.876535
-0.671033 -1.06884
-0.698687 -1.23876
-0.734191 -1.37646
-0.768112 -1.50562
-0.79633 -1.62996
-0.825666 -1.72609
-0.85686 -1.78861
-0.888555 -1.82758
-0.919391 -1.84436
-0.949174 -1.83794
-0.975533 -1.81034
-1.00119 -1.75573
-1.02077 -1.68125
-1.03526 -1.58139
-1.03839 -1.47588
-1.03324 -1.36221
-1.02352 -1.22923
-1.00776 -1.09585
-0.983526 -0.968154
-0.954072 -0.828001
-0.916121 -0.680804
-0.870349 -0.533807
-0.818081 -0.39269
-0.76237 -0.243567
-0.700378 -0.0987293
-0.631929 0.046042
-0.552914 0.180847
-0.465386 0.298445
-0.367414 0.406841
-0.257405 0.504141
-0.140272 0.584599
-0.0113803 0.655988
0.112547 0.716946
0.237166 0.76156
0.372398 0.821522
0.489267 0.855439
0.619483 0.88341
0.743795 0.911846
0.865655 0.921712
0.981334 0.924237
1.09095 0.918955
1.18109 0.908757
1.27205 0.886433
1.35534 0.881948
1.42919 0.861087
1.49711 0.834478
1.55997 0.827335
1.61512 0.813948
1.67539 0.798102
1.69994 0.779366
1.71686 0.764218
1.727 0.766876
1.72514 0.770962
1.71458 0.773785
1.69724 0.778469
1.67515 0.795577
1.64955 0.819496
1.62445 0.834311
1.60885 0.835375
