-0.586042 0.977548
-0.593424 0.959316
-0.597898 0.930214
-0.597735 0.905003
-0.597219 0.870532
-0.593093 0.830754
-0.59415 0.778211
-0.588896 0.711969
-0.579772 0.631803
-0.570628 0.539257
-0.563658 0.429378
-0.559016 0.301685
-0.557378 0.162159
-0.558905 0.0195772
-0.561886 -0.136188
-0.566897 -0.286648
-0.56991 -0.442928
-0.566308 -0.606894
-0.574552 -0.757932
-0.583084 -0.91209
-0.602009 -1.0656
-0.620001 -1.21323
-0.64362 -1.34633
-0.666898 -1.46698
-0.69972 -1.56618
-0.729387 -1.64706
-0.757394 -1.70883
-0.785686 -1.75144
-0.805289 -1.78083
-0.831411 -1.78427
-0.860435 -1.77054
-0.891187 -1.73809
-0.90968 -1.69909
-0.922032 -1.64448
-0.928019 -1.57917
-0.92127 -1.49997
-0.909742 -1.41077
-0.892922 -1.31192
-0.870853 -1.21163
-0.845145 -1.1068
-0.817628 -0.986468
-0.790297 -0.86482
-0.762842 -0.752594
-0.726543 -0.642394
-0.69421 -0.523866
-0.663384 -0.399099
-0.627103 -0.270956
-0.590364 -0.15127
-0.548617 -0.040298
-0.501571 0.0714776
-0.452292 0.172224
-0.402083 0.271297
-0.340515 0.364519
-0.27844 0.442337
-0.213287 0.520027
-0.144896 0.594469
-0.0659064 0.666789
0.0162901 0.720169
0.1078 0.77924
0.218233 0.832201
0.325477 0.887607
0.417705 0.922561
0.51591 0.942337
0.620922 0.955296
0.736277 0.978417
0.869195 0.995556
0.983069 0.990347
1.09729 0.978867
1.21667 0.976037
1.32496 0.959701
1.43294 0.945328
1.52939 0.937835
1.61749 0.947514
1.69999 0.948415
1.77037 0.941083
1.826 0.928671
1.87515 0.925809
1.91793 0.92851
1.95541 0.925616
1.98917 0.927706
2.01241 0.926066
2.03252 0.926838
2.04529 0.931211
2.055 0.931436
2.06427 0.936742
