-0.671529 0.943837
-0.673014 0.93408
-0.678854 0.918908
-0.683358 0.89618
-0.685781 0.857655
-0.690826 0.805863
-0.697733 0.758949
-0.700891 0.682406
-0.703472 0.601757
-0.707976 0.507186
-0.706537 0.393754
-0.713929 0.273808
-0.720402 0.147763
-0.72609 0.0206764
-0.733078 -0.108552
-0.737705 -0.257652
-0.739959 -0.413149
-0.739883 -0.574208
-0.742744 -0.737498
-0.753507 -0.891448
-0.762062 -1.04382
-0.7665 -1.18203
-0.765602 -1.30695
-0.762756 -1.41764
-0.761817 -1.50683
-0.760399 -1.58566
-0.76121 -1.65248
-0.763306 -1.70528
-0.767321 -1.74413
-0.773335 -1.76636
-0.776288 -1.77591
-0.776028 -1.77025
-0.777054 -1.73857
-0.775141 -1.69294
-0.771254 -1.62993
-0.761883 -1.55151
-0.748447 -1.46176
-0.730124 -1.36475
-0.708537 -1.26369
-0.686149 -1.15871
-0.666892 -1.04995
-0.650702 -0.940265
-0.63342 -0.8379
-0.61902 -0.724439
-0.606083 -0.602707
-0.589163 -0.48874
-0.573289 -0.373523
-0.552003 -0.26262
-0.527355 -0.160761
-0.498723 -0.0623522
-0.465709 0.0347177
-0.428273 0.122268
-0.386052 0.210562
-0.338867 0.290021
-0.288291 0.372395
-0.229227 0.450812
-0.158445 0.528665
-0.0854498 0.603423
-0.00559363 0.660273
0.0818885 0.72102
0.179976 0.774835
0.291264 0.822611
0.416137 0.867413
0.554134 0.907514
0.691596 0.947883
0.825313 0.983284
0.945443 0.996195
1.05337 1.01241
1.1551 1.02196
1.24891 1.02109
1.34153 1.02133
1.4316 1.01253
1.51301 1.00464
1.58874 0.990483
1.65063 0.974657
1.72211 0.969778
1.78203 0.964631
1.81992 0.948359
1.86606 0.940237
1.90072 0.953952
1.92637 0.963501
1.93652 0.969778
1.94655 0.973764
1.95178 0.980785
1.95087 0.997325
1.94981 1.01196
1.94365 1.03508
