-0.89436 1.11461
-0.891566 1.10026
-0.885623 1.07619
-0.87705 1.04902
-0.864556 1.01206
-0.850397 0.971431
-0.83536 0.925402
-0.825725 0.884716
-0.813557 0.830922
-0.803171 0.776756
-0.789519 0.709173
-0.771602 0.631185
-0.756752 0.547917
-0.740406 0.455394
-0.722862 0.348553
-0.708047 0.239755
-0.692009 0.119496
-0.675897 -0.0154841
-0.665676 -0.15562
-0.659442 -0.302869
-0.655568 -0.451515
-0.650185 -0.603857
-0.636806 -0.813501
-0.625305 -0.996405
-0.612564 -1.16459
-0.601059 -1.3192
-0.589103 -1.4643
-0.586543 -1.58183
-0.582092 -1.69013
-0.579719 -1.77756
-0.583533 -1.83489
-0.585958 -1.87474
-0.587992 -1.89698
-0.592049 -1.89499
-0.596218 -1.87896
-0.597632 -1.85567
-0.60315 -1.80942
-0.608872 -1.74662
-0.612837 -1.67659
-0.61823 -1.59583
-0.625956 -1.49539
-0.62999 -1.39712
-0.636029 -1.28708
-0.638554 -1.17732
-0.640914 -1.06489
-0.642827 -0.960626
-0.64133 -0.862325
-0.642723 -0.757689
-0.64071 -0.655352
-0.640215 -0.549597
-0.638957 -0.44024
-0.633031 -0.333057
-0.623336 -0.239416
-0.615449 -0.128351
-0.599749 -0.0375046
-0.578344 0.0413219
-0.552302 0.123875
-0.519896 0.200714
-0.479976 0.279975
-0.428807 0.340229
-0.372415 0.413776
-0.304539 0.470737
-0.229471 0.530493
-0.142638 0.583138
-0.0450633 0.632458
0.0657645 0.672555
0.184887 0.711658
0.308933 0.743213
0.435686 0.765327
0.553746 0.797783
0.670478 0.822009
0.780946 0.824152
0.889852 0.824027
0.986576 0.837165
1.07096 0.837134
1.16307 0.840799
1.25296 0.842569
1.34127 0.851794
1.42308 0.861453
1.50396 0.862322
1.57451 0.858347
1.63936 0.85521
1.69967 0.859993
1.75318 0.849992
1.80082 0.84847
1.84103 0.85521
1.87973 0.868845
1.91556 0.885306
1.95155 0.882883
1.98361 0.894685
2.01552 0.898226
2.04304 0.912016
2.06423 0.925713
2.08169 0.936366
2.09653 0.952734
