-2.59787 -1.45659
-2.56124 -1.46664
-2.5148 -1.481
-2.46036 -1.49074
-2.39318 -1.498
-2.31269 -1.49361
-2.21776 -1.48192
-2.10784 -1.45946
-1.98335 -1.4319
-1.848 -1.40063
-1.70693 -1.35886
-1.56502 -1.30317
-1.42279 -1.23915
-1.27702 -1.16771
-1.12848 -1.09291
-0.978386 -1.0101
-0.832327 -0.911654
-0.687248 -0.802715
-0.54959 -0.690345
-0.432638 -0.576459
-0.332388 -0.455872
-0.239763 -0.342505
-0.166315 -0.215615
-0.110925 -0.0841776
-0.0682679 0.0560754
-0.0430456 0.191342
-0.02665 0.312847
-0.013484 0.430881
0.000329433 0.54357
0.0102024 0.653706
0.013919 0.751118
0.0112789 0.82994
0.000944511 0.897913
-0.0207554 0.97115
-0.0646856 1.03908
-0.10632 1.08129
-0.14303 1.11077
-0.177156 1.11807
-0.205364 1.13877
-0.224454 1.14798
-0.22191 1.15006
-0.205102 1.15772
-0.166547 1.18161
-0.106881 1.20004
-0.0227529 1.21197
0.0750955 1.21675
0.180408 1.24555
0.286476 1.26797
0.392576 1.28895
0.499563 1.29366
0.611421 1.32681
0.721385 1.34085
0.822084 1.34432
0.91458 1.35916
0.99505 1.35665
1.06395 1.35649
1.11483 1.34827
1.1467 1.32426
1.15748 1.29685
1.14304 1.2414
1.11346 1.18221
1.07566 1.11308
1.01783 1.01136
0.9474 0.889017
0.871869 0.755226
0.78863 0.609468
0.704537 0.469455
0.62218 0.321862
0.556285 0.195251
0.504959 0.0815252
0.467049 -0.0342354
0.420301 -0.119321
0.37714 -0.216134
0.359064 -0.326908
0.342156 -0.415264
0.33492 -0.489818
0.332568 -0.563415
0.332173 -0.631787
0.339629 -0.693855
0.364527 -0.759434
0.384344 -0.80806
0.410852 -0.84791
0.449027 -0.868334
0.498164 -0.892308
0.554198 -0.906588
0.616601 -0.917518
0.675726 -0.917279
0.734919 -0.904155
0.793327 -0.897932
0.849952 -0.883333
0.906404 -0.85896
0.958441 -0.833151
1.00402 -0.810174
1.04608 -0.771322
1.09427 -0.747388
1.11058 -0.709652
1.12275 -0.676304
