-2.1855 -1.38796
-2.15281 -1.39673
-2.10845 -1.39859
-2.05366 -1.38874
-1.98688 -1.38223
-1.9091 -1.37413
-1.82208 -1.35844
-1.72509 -1.34072
-1.6215 -1.31325
-1.51422 -1.27716
-1.40463 -1.22583
-1.29543 -1.17215
-1.19312 -1.10031
-1.09856 -1.0101
-1.01053 -0.902606
-0.933871 -0.789464
-0.867041 -0.666434
-0.800786 -0.551062
-0.744274 -0.426584
-0.699604 -0.299578
-0.65917 -0.171531
-0.631387 -0.0374253
-0.614815 0.0943012
-0.603191 0.224541
-0.592873 0.355004
-0.588751 0.478553
-0.587777 0.587718
-0.592132 0.688297
-0.596858 0.7778
-0.601552 0.859869
-0.609204 0.931233
-0.618024 0.979367
-0.624536 1.03148
-0.629564 1.07114
-0.629965 1.09697
-0.628116 1.11648
-0.623936 1.13893
-0.613339 1.148
-0.595205 1.15179
-0.569905 1.14611
-0.532635 1.14466
-0.483652 1.13414
-0.418672 1.12689
-0.338774 1.12299
-0.241146 1.1128
-0.129113 1.12801
9.70712e-06 1.13131
0.13901 1.14131
0.280535 1.15967
0.419172 1.16874
0.558222 1.18413
0.697606 1.19755
0.829397 1.19844
0.954353 1.20175
1.07735 1.20297
1.18455 1.20093
1.27407 1.19361
1.34212 1.17655
1.39681 1.16807
1.43157 1.14793
1.44195 1.11135
1.42878 1.07868
1.4016 1.02661
1.36254 0.961972
1.30925 0.885441
1.24858 0.78765
1.18267 0.686959
1.10581 0.577497
1.0107 0.454542
0.920937 0.309844
0.840865 0.165108
0.75078 0.0415586
0.681004 -0.0918034
0.621586 -0.217992
0.560078 -0.325447
0.50904 -0.419856
0.474464 -0.522368
0.439287 -0.599047
0.41794 -0.682677
0.405296 -0.765713
0.399565 -0.841537
0.400301 -0.910188
0.40698 -0.978281
0.421129 -1.03898
0.442135 -1.09072
0.473818 -1.12328
0.518584 -1.15372
0.569288 -1.17684
0.634437 -1.18777
0.700427 -1.19263
0.766568 -1.19572
0.831153 -1.18799
0.892667 -1.16721
0.946565 -1.14097
0.996801 -1.11622
1.04143 -1.08458
1.07959 -1.04563
1.11373 -1.0098
1.1483 -0.969287
