-1.9087 -1.15883
-1.87346 -1.16188
-1.83239 -1.15988
-1.786 -1.15487
-1.73645 -1.14085
-1.68119 -1.12174
-1.6274 -1.0807
-1.56247 -1.04331
-1.49969 -0.978067
-1.42919 -0.909094
-1.35388 -0.836353
-1.26788 -0.757393
-1.17193 -0.668973
-1.06249 -0.578669
-0.96239 -0.475964
-0.858146 -0.373184
-0.770318 -0.257477
-0.702983 -0.141279
-0.653927 -0.011702
-0.618135 0.115915
-0.592061 0.237013
-0.57503 0.365421
-0.56644 0.484936
-0.564907 0.606862
-0.56416 0.712393
-0.565077 0.805261
-0.57013 0.883015
-0.581606 0.960806
-0.59435 1.02424
-0.603092 1.0738
-0.614474 1.11548
-0.622147 1.14518
-0.617464 1.16667
-0.600585 1.17684
-0.566175 1.18193
-0.518396 1.19132
-0.44318 1.19177
-0.344727 1.18596
-0.22088 1.16976
-0.0676658 1.17485
0.101359 1.19207
0.285224 1.19667
0.468999 1.20613
0.645015 1.21005
0.804333 1.20292
0.946688 1.18913
1.06788 1.17228
1.17639 1.15385
1.25465 1.12532
1.31209 1.09261
1.34259 1.05507
1.34921 0.999099
1.33351 0.926961
1.30055 0.845023
1.25222 0.742922
1.19448 0.632416
1.12353 0.510979
1.03921 0.37556
0.960187 0.233847
0.882921 0.0997089
0.817494 -0.0397808
0.771969 -0.183039
0.718368 -0.315142
0.676904 -0.460888
0.638174 -0.591558
0.610651 -0.718497
0.595915 -0.838652
0.589459 -0.955679
0.590633 -1.06083
0.603525 -1.15928
0.633496 -1.24928
0.673556 -1.32391
0.727581 -1.3887
0.792877 -1.43826
0.864006 -1.47354
0.934089 -1.49916
0.995075 -1.50618
1.06403 -1.49909
1.13658 -1.49004
1.20687 -1.47531
1.26929 -1.45503
