-1.70703 1.1629
-1.70694 1.17006
-1.69564 1.16827
-1.67448 1.17082
-1.64281 1.17382
-1.5933 1.15362
-1.53544 1.14698
-1.46619 1.12897
-1.38338 1.0974
-1.28853 1.05685
-1.18179 1.00887
-1.06919 0.953483
-0.952715 0.886752
-0.841341 0.805977
-0.746531 0.71799
-0.667823 0.615361
-0.603528 0.511045
-0.54826 0.397367
-0.500764 0.276885
-0.459305 0.156403
-0.424084 0.0297431
-0.393655 -0.10949
-0.371671 -0.246465
-0.364676 -0.376662
-0.362032 -0.509718
-0.36013 -0.642664
-0.362674 -0.772835
-0.370658 -0.9011
-0.378802 -1.02281
-0.384241 -1.14008
-0.387127 -1.25291
-0.389174 -1.36011
-0.393424 -1.453
-0.393128 -1.5406
-0.391989 -1.6133
-0.389846 -1.67159
-0.389565 -1.71263
-0.392426 -1.73683
-0.395321 -1.74641
-0.396144 -1.74518
-0.398447 -1.72629
-0.40056 -1.69693
-0.400399 -1.65853
-0.39911 -1.60706
-0.396771 -1.54784
-0.38817 -1.48811
-0.381381 -1.41375
-0.375159 -1.33238
-0.365855 -1.24186
-0.356331 -1.14231
-0.34638 -1.04311
-0.337669 -0.94225
-0.329706 -0.841445
-0.317141 -0.744177
-0.302848 -0.650393
-0.285769 -0.555222
-0.264993 -0.455042
-0.239646 -0.358319
-0.206342 -0.260861
-0.16741 -0.163921
-0.125403 -0.0694293
-0.0814934 0.0240551
-0.0368829 0.109865
0.0115383 0.187945
0.0649488 0.270299
0.12469 0.340242
0.19208 0.408661
0.266011 0.47923
0.346913 0.541091
0.435145 0.600529
0.5208 0.65632
0.615286 0.704981
0.718193 0.753234
0.816756 0.805514
0.91527 0.847317
1.02128 0.881254
1.11303 0.904142
1.21502 0.935521
1.2991 0.937699
1.38982 0.943904
1.47496 0.941808
1.5587 0.940039
1.63299 0.938542
1.703 0.935848
1.76222 0.921043
1.80912 0.905557
1.84409 0.890779
1.86954 0.880873
1.8795 0.864898
1.8956 0.853467
1.89097 0.853358
1.88233 0.85442
1.87216 0.85872
1.86328 0.864544
1.85529 0.868354
