-1.16122 0.6955
-1.11594 0.695469
-1.06728 0.688129
-1.01746 0.671613
-0.969439 0.646223
-0.923307 0.606753
-0.881314 0.560996
-0.841437 0.496647
-0.806133 0.423183
-0.773092 0.341476
-0.74372 0.250684
-0.719487 0.150145
-0.697644 0.0420248
-0.68117 -0.0599585
-0.665852 -0.174456
-0.65355 -0.297047
-0.646658 -0.419246
-0.644661 -0.545356
-0.645287 -0.669722
-0.648892 -0.793185
-0.654443 -0.916317
-0.662543 -1.03256
-0.671091 -1.14276
-0.680143 -1.23893
-0.686127 -1.33111
-0.690214 -1.41372
-0.691708 -1.48814
-0.692438 -1.55246
-0.693201 -1.60517
-0.696276 -1.64271
-0.701219 -1.66335
-0.706855 -1.67493
-0.711906 -1.67719
-0.716537 -1.66684
-0.720202 -1.64127
-0.722006 -1.60243
-0.719942 -1.55388
-0.71716 -1.49233
-0.711368 -1.43005
-0.705184 -1.35695
-0.696821 -1.27566
-0.684957 -1.19005
-0.670943 -1.10103
-0.653309 -1.00843
-0.633177 -0.914632
-0.612331 -0.819658
-0.592633 -0.712049
-0.572944 -0.604049
-0.551213 -0.500953
-0.527323 -0.396744
-0.501996 -0.290188
-0.471586 -0.198373
-0.440691 -0.101594
-0.40764 -0.00376241
-0.370843 0.0928659
-0.330907 0.192081
-0.285146 0.289191
-0.232907 0.389821
-0.174555 0.476551
-0.109048 0.565569
-0.0375985 0.650194
0.0400572 0.720228
0.124744 0.790684
0.214032 0.861681
0.307125 0.91547
0.410015 0.958851
0.524755 0.996275
0.642459 1.02215
0.756736 1.04922
0.865584 1.07768
0.96557 1.0957
1.05615 1.10232
1.14229 1.1084
1.22367 1.11137
1.30231 1.1139
1.37604 1.10936
1.4518 1.10903
1.52241 1.10346
1.58823 1.08108
1.65033 1.07795
1.70679 1.06107
1.75922 1.05094
1.80627 1.04254
1.85016 1.03418
1.89012 1.03978
1.9205 1.04152
1.94064 1.05563
1.95164 1.07049
1.95838 1.09757
1.9578 1.10978
1.95525 1.12461
1.95162 1.14122
