1.23516 1.47647
1.3406 1.5047
1.42097 1.53758
1.4765 1.57737
1.51259 1.61433
1.51864 1.62821
1.49681 1.62371
1.44685 1.61001
1.36674 1.5825
1.26622 1.55554
1.12736 1.5034
0.974905 1.46099
0.8024 1.40048
0.598056 1.33684
0.377874 1.24757
0.151335 1.16074
-0.0650748 1.07312
-0.275613 0.975667
-0.464266 0.884098
-0.633981 0.800197
-0.785914 0.714123
-0.924426 0.636895
-1.04593 0.567848
-1.15347 0.513535
-1.24242 0.469818
-1.31176 0.425981
-1.36098 0.390446
-1.38688 0.358021
-1.388 0.326412
-1.36393 0.296824
-1.32048 0.272883
-1.26132 0.25021
-1.18528 0.232156
-1.09592 0.216335
-0.994306 0.202901
-0.880543 0.19179
-0.757267 0.189133
-0.622357 0.18693
-0.479833 0.178536
-0.329462 0.163441
-0.178059 0.154052
-0.026756 0.143515
0.115303 0.128389
0.252674 0.10958
0.384386 0.0848541
0.504211 0.0582559
0.621467 0.0269479
0.731514 -0.00719802
0.832068 -0.0509748
0.918863 -0.103447
0.991092 -0.162168
1.04712 -0.223123
1.08669 -0.291144
1.11697 -0.352129
1.13174 -0.41867
1.13593 -0.481105
1.12695 -0.542121
1.10232 -0.606457
1.06499 -0.675021
1.01284 -0.739871
0.949304 -0.799317
0.872533 -0.863473
0.780778 -0.930406
0.67457 -0.993746
0.551755 -1.05371
0.416779 -1.1146
0.271267 -1.18211
0.118166 -1.24584
-0.036926 -1.30221
-0.191388 -1.35254
-0.345924 -1.39372
-0.499872 -1.42925
-0.653447 -1.45271
-0.802894 -1.46325
-0.941851 -1.46811
-1.06879 -1.46478
-1.17952 -1.45425
-1.27093 -1.439
-1.34242 -1.41524
-1.39132 -1.3897
-1.42022 -1.35489
-1.42949 -1.31616
-1.42029 -1.2754
-1.39577 -1.23555
