1.1154 1.46717
1.10767 1.47419
1.09176 1.48393
1.07257 1.49398
1.04309 1.49908
1.00685 1.5095
0.962239 1.52163
0.911191 1.52724
0.848162 1.50866
0.779411 1.50318
0.701456 1.49693
0.607336 1.47761
0.49806 1.45107
0.37807 1.42433
0.247563 1.38962
0.106854 1.34531
-0.0456721 1.28954
-0.205379 1.23004
-0.364023 1.17067
-0.516648 1.10197
-0.657387 1.02473
-0.787615 0.949099
-0.90685 0.868701
-1.01457 0.790622
-1.11426 0.721176
-1.20174 0.648943
-1.27775 0.593709
-1.34158 0.541835
-1.38994 0.493556
-1.41941 0.445244
-1.42869 0.40308
-1.41442 0.367064
-1.3761 0.333702
-1.3199 0.315559
-1.24705 0.295972
-1.16123 0.277023
-1.06279 0.26466
-0.95142 0.257302
-0.827804 0.260561
-0.693128 0.257604
-0.55139 0.256294
-0.401852 0.25495
-0.244265 0.25327
-0.0806528 0.248264
0.0818283 0.237211
0.244883 0.232171
0.402592 0.224545
0.548958 0.211442
0.689721 0.188999
0.819867 0.165784
0.941906 0.137663
1.05053 0.108635
1.14707 0.0758107
1.2304 0.0317986
1.30198 -0.0189666
1.36051 -0.0644906
1.40484 -0.117272
1.43505 -0.174924
1.45323 -0.240069
1.4629 -0.297553
1.46114 -0.363639
1.44574 -0.430228
1.42039 -0.498397
1.38519 -0.567606
1.33824 -0.635976
1.27886 -0.704044
1.20172 -0.767274
1.11566 -0.832822
1.02247 -0.901024
0.921042 -0.966807
0.811104 -1.03168
0.691951 -1.09179
0.565132 -1.15216
0.429845 -1.21099
0.292413 -1.26266
0.147937 -1.30802
-9.09465e-05 -1.34578
-0.149451 -1.37605
-0.296526 -1.39981
-0.437545 -1.4207
-0.571412 -1.42907
-0.697187 -1.42843
-0.813432 -1.42702
-0.920775 -1.41731
-1.01527 -1.41143
-1.10181 -1.39033
-1.17352 -1.37259
-1.23071 -1.35136
-1.27146 -1.32475
-1.29729 -1.29303
-1.30782 -1.26162
-1.30526 -1.22994
-1.29069 -1.19742
-1.26652 -1.16207
-1.23472 -1.12915
-1.1978 -1.09636
