1.13392 1.36854
1.13608 1.35865
1.14106 1.35934
1.14952 1.3607
1.15804 1.37261
1.16124 1.37315
1.16397 1.37862
1.15911 1.38428
1.14815 1.38595
1.129 1.38975
1.10227 1.38824
1.07689 1.3913
1.02542 1.38401
0.95866 1.36299
0.879666 1.3346
0.793399 1.31102
0.699096 1.29857
0.595851 1.30148
0.489348 1.29163
0.367701 1.27608
0.243474 1.25177
0.119377 1.21834
-0.00353566 1.18215
-0.127162 1.1386
-0.24465 1.09459
-0.364001 1.05139
-0.479307 1.00376
-0.590141 0.962965
-0.694342 0.901963
-0.791152 0.841038
-0.881308 0.784108
-0.961666 0.725316
-1.03043 0.660087
-1.08913 0.601566
-1.13548 0.538741
-1.16925 0.47518
-1.19237 0.418249
-1.20635 0.357131
-1.20952 0.294112
-1.20453 0.250988
-1.18699 0.204683
-1.15753 0.164855
-1.11444 0.135537
-1.06137 0.108158
-0.998876 0.0832604
-0.924712 0.0673214
-0.84199 0.0523908
-0.752069 0.0523132
-0.659523 0.0574323
-0.565408 0.0648394
-0.469521 0.0757756
-0.370223 0.0805069
-0.267576 0.095011
-0.162534 0.0999749
-0.0540257 0.116224
0.0589901 0.125803
0.176312 0.126346
0.298847 0.127315
0.420669 0.11444
0.538539 0.105598
0.643155 0.0931495
0.736197 0.0843074
0.821679 0.0615431
0.904659 0.0404463
0.973256 0.0260586
1.04397 -0.0134591
1.09818 -0.0457248
1.14672 -0.0890817
1.19014 -0.139885
1.22587 -0.189447
1.25132 -0.249906
1.2725 -0.304044
1.28345 -0.363417
1.28224 -0.434929
1.27488 -0.492984
1.2556 -0.5593
1.22557 -0.62639
1.18627 -0.693598
1.13994 -0.757392
1.0805 -0.829757
1.0112 -0.89553
0.929118 -0.961224
0.836833 -1.02296
0.737482 -1.08051
0.631483 -1.1407
0.517066 -1.19193
0.394342 -1.24161
0.264122 -1.28757
0.127272 -1.32906
-0.0162115 -1.36051
-0.165691 -1.39045
-0.318931 -1.42334
-0.475647 -1.44614
-0.633189 -1.46495
-0.788755 -1.47825
-0.936808 -1.48651
-1.07357 -1.49175
-1.19941 -1.49241
-1.31302 -1.49369
-1.4146 -1.49714
-1.50566 -1.49977
-1.5864 -1.49997
-1.65811 -1.4912
-1.71842 -1.48221
-1.76656 -1.4734
-1.8 -1.46049
-1.82113 -1.4494
-1.82974 -1.43842
-1.82663 -1.42644
