1.42216 1.61404
1.40362 1.60421
1.3767 1.58904
1.34704 1.58126
1.31281 1.5764
1.27274 1.5618
1.22808 1.55554
1.18018 1.54691
1.12846 1.54511
1.06527 1.53225
0.994983 1.52961
0.916664 1.51566
0.83463 1.50062
0.751167 1.48833
0.669324 1.48184
0.585785 1.46874
0.496358 1.44507
0.404448 1.42014
0.311597 1.39584
0.215703 1.36637
0.11729 1.34079
0.0173221 1.31747
-0.0836814 1.28861
-0.181932 1.25193
-0.280855 1.21248
-0.370451 1.17563
-0.460397 1.13457
-0.550515 1.0944
-0.639571 1.05023
-0.726632 1.00335
-0.80975 0.957778
-0.89338 0.908349
-0.972011 0.861623
-1.04349 0.811758
-1.11074 0.77582
-1.16912 0.737136
-1.22228 0.70013
-1.27022 0.665303
-1.31293 0.629735
-1.34941 0.586713
-1.38272 0.546852
-1.40798 0.502196
-1.42565 0.46118
-1.43544 0.417112
-1.44009 0.382133
-1.44037 0.353518
-1.43311 0.326057
-1.42158 0.30289
-1.4044 0.277914
-1.38109 0.25004
-1.35356 0.227766
-1.31996 0.208566
-1.27773 0.186946
-1.22901 0.16914
-1.1739 0.152773
-1.11505 0.143532
-1.053 0.138912
-0.986795 0.133245
-0.917042 0.129214
-0.84359 0.125705
-0.766443 0.122261
-0.685735 0.120452
-0.602628 0.121281
-0.518826 0.117946
-0.432924 0.122305
-0.342873 0.124048
-0.25251 0.124724
-0.16536 0.12298
-0.0751655 0.119777
0.0143035 0.114001
0.0991217 0.107899
0.184902 0.0985276
0.268644 0.0882844
0.352035 0.074358
0.435881 0.0618265
0.518168 0.0453066
0.600837 0.0298546
0.68119 0.0145334
0.757405 -0.00137618
0.829664 -0.0220805
0.900141 -0.0458578
0.970133 -0.0673031
1.03722 -0.0892932
1.10288 -0.111872
1.16428 -0.13931
1.2173 -0.170193
1.2644 -0.206066
1.30681 -0.242527
1.34388 -0.282955
1.37535 -0.322751
1.39587 -0.360345
1.41143 -0.400991
1.42099 -0.447805
1.42493 -0.49209
1.42287 -0.538729
1.41601 -0.586415
1.40174 -0.635778
1.38196 -0.686929
1.35797 -0.737207
1.32855 -0.788227
1.2942 -0.83868
1.25501 -0.889068
1.21148 -0.936318
1.16201 -0.983
1.10407 -1.02445
1.04156 -1.06588
0.973094 -1.10611
0.898589 -1.14545
0.817285 -1.18187
0.729422 -1.21663
0.63594 -1.24924
0.538069 -1.28082
0.435364 -1.31181
0.32956 -1.34197
0.22051 -1.36769
0.110059 -1.39131
-0.00076105 -1.41243
-0.109985 -1.43122
-0.217589 -1.44593
-0.322864 -1.4556
-0.425108 -1.46434
-0.523798 -1.46866
-0.619156 -1.47191
-0.709788 -1.47317
-0.794298 -1.47184
-0.872588 -1.46696
-0.943467 -1.46151
-1.00776 -1.45345
-1.06506 -1.4432
-1.11473 -1.43224
-1.15693 -1.4196
-1.19087 -1.40554
-1.21606 -1.39042
-1.23289 -1.37483
-1.24133 -1.35825
-1.24129 -1.34306
-1.23458 -1.32743
-1.22258 -1.31067
