1.33645 1.50364
1.26964 1.49588
1.18721 1.48302
1.08941 1.47075
0.978825 1.45708
0.858518 1.44928
0.726861 1.43222
0.584066 1.40541
0.427328 1.37685
0.259028 1.33754
0.0876461 1.27149
-0.0836575 1.19723
-0.245702 1.11455
-0.395514 1.0231
-0.529431 0.952113
-0.651031 0.874928
-0.762622 0.796066
-0.86458 0.713737
-0.938169 0.651085
-0.996526 0.588198
-1.0296 0.527299
-1.04064 0.467218
-1.03046 0.423384
-1.00233 0.390733
-0.95396 0.36229
-0.888172 0.339691
-0.802015 0.342185
-0.695688 0.343237
-0.569876 0.353445
-0.429643 0.361511
-0.27004 0.365641
-0.0983558 0.364238
0.0873681 0.357576
0.285445 0.342146
0.491259 0.321846
0.694014 0.323483
0.878595 0.307235
1.04092 0.286624
1.17717 0.250271
1.29619 0.209516
1.39875 0.160851
1.4801 0.11429
1.53421 0.0658978
1.56681 0.00823242
1.58106 -0.0446795
1.56116 -0.109436
1.51488 -0.180388
1.43932 -0.257106
1.3318 -0.339981
1.18722 -0.426752
1.02241 -0.526575
0.838356 -0.642841
0.637342 -0.778355
0.431571 -0.901517
0.233113 -1.01178
0.0451163 -1.11363
-0.135392 -1.19916
-0.31115 -1.27665
-0.480803 -1.34063
-0.641585 -1.3893
-0.794207 -1.43886
-0.935592 -1.47225
-1.06377 -1.49403
-1.1783 -1.50868
-1.27472 -1.52006
-1.35303 -1.519
-1.40996 -1.51885
-1.44815 -1.51573
-1.46862 -1.51059
-1.47288 -1.50482
-1.4623 -1.49267
-1.44005 -1.48281
-1.41063 -1.4659
