-1.9714 -0.841199
-1.8835 -0.83995
-1.79191 -0.82427
-1.69366 -0.803281
-1.59038 -0.763317
-1.48066 -0.705903
-1.36594 -0.636
-1.25103 -0.547399
-1.13744 -0.439787
-1.02455 -0.315176
-0.911885 -0.18609
-0.796345 -0.0418786
-0.689139 0.111318
-0.591363 0.268989
-0.49738 0.435577
-0.407619 0.604627
-0.320124 0.777909
-0.241113 0.943144
-0.168998 1.09818
-0.10769 1.25925
-0.0619059 1.40978
-0.0286481 1.55329
-0.0081897 1.67704
0.00329365 1.78437
0.0112984 1.86909
0.0246914 1.94773
0.0230347 1.98849
0.0192516 2.01222
0.0151744 2.01992
0.0145809 2.01188
0.012181 1.98929
0.0268074 1.95523
0.0606691 1.90038
0.110215 1.82753
0.189025 1.74052
0.260835 1.54115
0.543847 1.14203
0.745892 0.838584
0.884528 0.602719
0.993617 0.410287
1.07575 0.248868
1.1295 0.0907459
1.15505 -0.0485394
1.15248 -0.167704
1.11522 -0.288013
1.05199 -0.40128
0.962749 -0.499213
0.849366 -0.585663
0.716923 -0.654387
0.562494 -0.719953
0.397701 -0.779171
0.224202 -0.82649
0.0480503 -0.87034
-0.130347 -0.904372
-0.311634 -0.933755
-0.490846 -0.96182
-0.661553 -0.972748
-0.823941 -0.974032
-0.962102 -0.971395
-1.07455 -0.969765
-1.16572 -0.958212
-1.23368 -0.942116
-1.27727 -0.926331
-1.29415 -0.91183
-1.28312 -0.898058
-1.24967 -0.883626
-1.19059 -0.869229
-1.11193 -0.874815
-1.00896 -0.880643
-0.882152 -0.882932
-0.73388 -0.897954
-0.567251 -0.91863
-0.389989 -0.926713
-0.189848 -0.916722
0.0212799 -0.893097
0.249244 -0.865795
0.471081 -0.827773
0.679603 -0.776396
0.86327 -0.724324
1.03036 -0.652132
1.17723 -0.575707
1.31004 -0.491407
1.42855 -0.398817
1.53327 -0.313199
1.61442 -0.216514
1.66136 -0.130619
1.68821 -0.0453478
1.69466 0.0279895
1.68706 0.0964005
1.66969 0.150935
1.65906 0.200613
1.63721 0.244983
1.59802 0.290775
