-2.16485 -0.6555
-2.13217 -0.68811
-2.08869 -0.71496
-2.02848 -0.734231
-1.94911 -0.734448
-1.84744 -0.728385
-1.7264 -0.701751
-1.58907 -0.663382
-1.44414 -0.608772
-1.29731 -0.542556
-1.14943 -0.456418
-1.00421 -0.354128
-0.865314 -0.233822
-0.739354 -0.0942439
-0.627413 0.0601015
-0.52669 0.224277
-0.425127 0.392264
-0.328948 0.562244
-0.245197 0.729711
-0.172612 0.900036
-0.118059 1.05672
-0.0781887 1.20591
-0.0506278 1.35112
-0.0366589 1.47944
-0.034718 1.60213
-0.0422003 1.71771
-0.0561467 1.82061
-0.0767991 1.90099
-0.0992968 1.97357
-0.120557 2.02952
-0.136635 2.06083
-0.156753 2.06811
-0.188742 2.04953
-0.205141 2.01493
-0.208066 1.96846
-0.188415 1.90636
-0.143949 1.82598
-0.0819805 1.72486
0.000454684 1.61295
0.102485 1.47926
0.213021 1.33834
0.32633 1.18937
0.419865 1.04542
0.509333 0.887954
0.592336 0.727719
0.672442 0.569995
0.744064 0.416083
0.806168 0.259313
0.852243 0.107782
0.885019 -0.0411065
0.901166 -0.187094
0.901413 -0.324463
0.886049 -0.454946
0.843535 -0.571008
0.786939 -0.670874
0.716554 -0.758397
0.635874 -0.82864
0.546885 -0.883813
0.450892 -0.922919
0.348007 -0.952498
0.241943 -0.971769
0.131677 -0.984415
0.0182379 -0.991734
-0.096737 -0.992426
-0.214041 -0.983159
-0.326259 -0.974021
-0.446866 -0.951588
-0.560801 -0.931147
-0.673758 -0.907718
-0.780817 -0.882817
-0.875356 -0.86112
-0.955752 -0.842498
-1.01632 -0.826561
-1.05425 -0.814782
-1.06668 -0.799755
-1.05038 -0.782562
-1.00193 -0.770436
-0.927445 -0.762121
-0.829063 -0.747527
-0.707405 -0.738779
-0.566518 -0.740251
-0.409825 -0.743846
-0.253523 -0.744365
-0.0844952 -0.754629
0.0742261 -0.753157
0.234618 -0.757617
0.394167 -0.752723
0.556168 -0.738216
0.724267 -0.733149
0.887371 -0.715783
1.04265 -0.695125
1.19446 -0.657838
1.33716 -0.623539
1.47254 -0.570099
1.58788 -0.524497
1.69223 -0.465037
1.77578 -0.405273
1.84413 -0.340226
1.9018 -0.262621
1.94865 -0.186877
1.98399 -0.115724
2.01345 -0.0501143
2.03256 0.0162317
2.04207 0.0782903
