-1.84131 -0.776145
-1.78048 -0.76618
-1.70686 -0.752019
-1.6226 -0.722868
-1.53114 -0.678289
-1.4332 -0.619724
-1.32822 -0.54678
-1.22308 -0.458103
-1.11694 -0.358586
-1.01682 -0.240015
-0.925757 -0.101207
-0.841962 0.0485262
-0.761617 0.21666
-0.677839 0.392835
-0.599982 0.571064
-0.532432 0.740989
-0.476311 0.906588
-0.435071 1.0606
-0.40501 1.20842
-0.386259 1.34198
-0.38001 1.47488
-0.383167 1.58375
-0.391168 1.6824
-0.401238 1.77553
-0.409147 1.85272
-0.415084 1.91351
-0.414632 1.95704
-0.414088 1.98243
-0.408455 1.97522
-0.395581 1.95092
-0.373097 1.90166
-0.340867 1.84642
-0.295716 1.79087
-0.235405 1.72059
-0.16022 1.62763
-0.0703007 1.5133
0.0249916 1.37436
0.119612 1.22598
0.209963 1.06384
0.280848 0.892165
0.35052 0.721322
0.416615 0.547201
0.479582 0.370589
0.536112 0.199746
0.581339 0.0420579
0.611549 -0.109992
0.628239 -0.251596
0.627499 -0.392152
0.60566 -0.523617
0.553363 -0.637425
0.485407 -0.732877
0.399996 -0.817533
0.299487 -0.885801
0.183447 -0.934838
0.0604137 -0.976139
-0.0695246 -1.01084
-0.197635 -1.03514
-0.3192 -1.05074
-0.431535 -1.05568
-0.533652 -1.04948
-0.626881 -1.04043
-0.711821 -1.02155
-0.787671 -1.0004
-0.854025 -0.9719
-0.91069 -0.941044
-0.961291 -0.910887
-1.00397 -0.873607
-1.03618 -0.848214
-1.05336 -0.827149
-1.05441 -0.81159
-1.03779 -0.802368
-1.00368 -0.802455
-0.951529 -0.818451
-0.881598 -0.847777
-0.796763 -0.882785
-0.701952 -0.915608
-0.588898 -0.95621
-0.459216 -1.00166
-0.314123 -1.04017
-0.158184 -1.06359
0.00390402 -1.08339
0.170437 -1.09519
0.337289 -1.09104
0.502854 -1.06368
0.662037 -1.01744
0.812179 -0.949916
0.964349 -0.868843
1.10126 -0.778461
1.22788 -0.666926
1.34908 -0.540618
1.46276 -0.409415
1.56328 -0.287085
1.65289 -0.164274
1.72272 -0.0624846
1.77556 0.0271107
1.83636 0.119853
1.86605 0.20333
1.88558 0.276623
1.89602 0.342792
1.91352 0.396943
1.90928 0.448165
1.9156 0.486451
1.9166 0.515034
1.89981 0.536974
1.89662 0.546502
1.87806 0.566781
