-0.234983 1.79798
-0.195098 1.84238
-0.149187 1.84806
-0.0903565 1.84473
-0.0247253 1.79886
0.0479377 1.71665
0.125874 1.59907
0.209047 1.43256
0.312923 1.23093
0.432943 0.986369
0.550629 0.706038
0.637005 0.389904
0.697097 0.0400625
0.726816 -0.325474
0.716739 -0.683517
0.69605 -1.00992
0.66636 -1.27249
0.649278 -1.47248
0.63737 -1.61611
0.623435 -1.71333
0.601142 -1.77738
0.568383 -1.80521
0.533989 -1.80349
0.472034 -1.7605
0.398929 -1.69212
0.29881 -1.59753
0.174491 -1.48385
0.0303761 -1.35523
-0.128049 -1.22034
-0.296587 -1.09119
-0.482012 -0.960031
-0.678484 -0.827656
-0.879231 -0.699665
-1.07866 -0.578375
-1.2662 -0.465089
-1.44719 -0.356836
-1.61608 -0.263288
-1.76711 -0.181703
-1.89218 -0.115417
-1.98062 -0.0611771
-2.02139 -0.0202853
-2.01536 0.0135083
-1.96129 0.0433994
-1.85694 0.0667015
-1.70874 0.09532
-1.52035 0.120488
-1.30485 0.157308
-1.06341 0.196362
-0.809547 0.228854
-0.555274 0.265193
-0.31157 0.296074
-0.0887253 0.32243
0.116849 0.348786
0.308196 0.374153
0.484903 0.401018
0.643855 0.416345
0.785707 0.437215
0.910603 0.457972
1.01318 0.477372
1.09581 0.496291
1.16342 0.512975
1.21099 0.523099
1.24064 0.527313
1.25415 0.532347
1.25584 0.534666
1.24318 0.528557
1.22645 0.529632
1.2035 0.524711
1.17686 0.517472
1.15401 0.518942
1.12842 0.51159
