-0.045821 1.24682
-0.0483218 1.33373
-0.0482551 1.41449
-0.0480082 1.49971
-0.0438611 1.5692
-0.0307929 1.63056
-0.0191165 1.66704
-0.00451547 1.69477
0.00706759 1.70083
0.0231673 1.69755
0.042743 1.67281
0.0652124 1.62168
0.100097 1.5597
0.13987 1.47564
0.19138 1.357
0.231017 1.20242
0.267849 1.01408
0.292191 0.796222
0.299798 0.545877
0.280921 0.273798
0.266357 -0.0100962
0.250296 -0.300378
0.225135 -0.575184
0.200626 -0.832488
0.168709 -1.0646
0.133131 -1.25941
0.0905033 -1.41085
0.055733 -1.5277
0.0281121 -1.60731
0.00575068 -1.66225
-0.0168761 -1.68952
-0.0446484 -1.69305
-0.0826532 -1.6716
-0.133781 -1.63099
-0.188972 -1.57579
-0.265411 -1.50087
-0.354931 -1.41419
-0.450679 -1.31978
-0.543604 -1.22129
-0.634636 -1.12119
-0.715645 -1.0276
-0.801798 -0.928851
-0.890437 -0.82649
-0.979792 -0.722104
-1.06967 -0.610395
-1.16248 -0.494661
-1.24804 -0.388198
-1.33525 -0.285681
-1.41608 -0.200225
-1.48085 -0.122376
-1.52068 -0.0620296
-1.53511 -0.0166917
-1.52352 0.0241799
-1.48682 0.0585339
-1.42403 0.0867597
-1.33956 0.104781
-1.2364 0.126411
-1.11902 0.140537
-0.990446 0.148067
-0.844634 0.150794
-0.677246 0.150846
-0.487002 0.152481
-0.272609 0.153183
-0.0375858 0.143341
0.21112 0.137473
0.457985 0.127346
0.715452 0.112363
0.968622 0.106416
1.18299 0.105092
1.38361 0.100756
1.55866 0.103119
1.70798 0.113324
1.83989 0.127969
1.95843 0.14142
2.06422 0.16009
2.14965 0.176267
2.21242 0.188212
2.25493 0.202415
2.28038 0.222825
2.28758 0.2349
