0.247061 1.73462
0.250584 1.71174
0.268031 1.67696
0.271991 1.61627
0.280883 1.53771
0.294324 1.44745
0.322823 1.34405
0.332249 1.2061
0.345086 1.04334
0.353289 0.851768
0.352775 0.633261
0.350119 0.396515
0.336051 0.142487
0.328534 -0.12176
0.313384 -0.383742
0.299372 -0.637573
0.282948 -0.875322
0.256668 -1.08383
0.237233 -1.26557
0.224235 -1.41718
0.214104 -1.53925
0.199443 -1.63084
0.191424 -1.70243
0.185343 -1.75085
0.177298 -1.77485
0.160832 -1.77179
0.1439 -1.75077
0.120606 -1.70714
0.0912626 -1.64196
0.058267 -1.55577
0.0187082 -1.45597
-0.0215968 -1.34862
-0.0702645 -1.23532
-0.130434 -1.11133
-0.193461 -0.985305
-0.274706 -0.853574
-0.375297 -0.716917
-0.491501 -0.583616
-0.615301 -0.448485
-0.746728 -0.320894
-0.882775 -0.199906
-1.02346 -0.0883098
-1.16567 0.00892535
-1.31298 0.103001
-1.45115 0.18265
-1.57104 0.243144
-1.67646 0.299432
-1.75581 0.348747
-1.81233 0.390435
-1.84178 0.420617
-1.83455 0.444544
-1.78495 0.460234
-1.68719 0.473985
-1.54917 0.482789
-1.36247 0.488498
-1.12945 0.495036
-0.851606 0.491636
-0.550384 0.497585
-0.245378 0.508656
0.036614 0.518811
0.288284 0.532104
0.518216 0.546203
0.728824 0.565925
0.926064 0.598133
1.10671 0.617092
1.27199 0.630973
1.42169 0.649583
1.55744 0.670504
1.67228 0.68408
1.76442 0.694235
1.83735 0.696392
1.8962 0.707571
1.93395 0.712845
1.96047 0.721453
1.97858 0.73078
