-1.54047 -0.6308
-1.58629 -0.695749
-1.63061 -0.765842
-1.67235 -0.839154
-1.71027 -0.910514
-1.74217 -0.984195
-1.76897 -1.06582
-1.78806 -1.14187
-1.79436 -1.21234
-1.78599 -1.27728
-1.76227 -1.33303
-1.72198 -1.38035
-1.66225 -1.41586
-1.58291 -1.44106
-1.48105 -1.46155
-1.36642 -1.45654
-1.23728 -1.44369
-1.10055 -1.41304
-0.952115 -1.36954
-0.803634 -1.29681
-0.659324 -1.19719
-0.515859 -1.07629
-0.372743 -0.934257
-0.230173 -0.778268
-0.0869711 -0.612914
0.0628402 -0.453469
0.2058 -0.300566
0.343254 -0.14434
0.469014 0.0139967
0.582028 0.174048
0.677241 0.342014
0.752909 0.509901
0.813319 0.677312
0.855037 0.830452
0.900711 0.970481
0.925835 1.10808
0.930891 1.24273
0.938716 1.37207
0.936932 1.47578
0.930871 1.56951
0.916226 1.63316
0.890524 1.68168
0.860043 1.71919
0.824722 1.73552
0.786174 1.73399
0.744043 1.71357
0.707913 1.68537
0.678176 1.65915
0.651504 1.62142
0.626677 1.54888
0.603317 1.46947
0.581505 1.3702
0.565951 1.26861
0.534278 1.14349
0.514723 1.00161
0.475884 0.841849
0.449504 0.677655
0.436653 0.503464
0.435145 0.334443
0.434386 0.168113
0.442754 4.12827e-05
0.453595 -0.165761
0.465687 -0.324467
0.48387 -0.48473
0.506149 -0.643172
0.531856 -0.799847
0.549386 -0.943437
0.564986 -1.07927
0.57659 -1.19812
0.590627 -1.30071
0.610625 -1.38093
0.629637 -1.43581
0.641161 -1.47242
0.648092 -1.49163
0.648695 -1.49627
0.642327 -1.48611
0.628949 -1.46752
0.602629 -1.43283
0.566609 -1.38518
0.518985 -1.31783
0.473562 -1.24307
0.416133 -1.1525
0.350411 -1.04878
0.274211 -0.928242
0.181599 -0.804675
0.0735034 -0.681108
-0.0485703 -0.567328
-0.180574 -0.456819
-0.311627 -0.34763
-0.451317 -0.238994
-0.594567 -0.137349
-0.737449 -0.0341217
-0.876462 0.0634604
-1.00697 0.156558
-1.12754 0.239129
-1.24837 0.314842
-1.35666 0.376441
-1.46045 0.418966
-1.54678 0.451177
-1.61963 0.4755
-1.67357 0.486475
-1.69826 0.496262
-1.69014 0.505548
-1.63822 0.51056
-1.54639 0.521271
-1.31244 0.536677
-1.07574 0.536624
-0.821822 0.541083
-0.545692 0.544037
-0.287013 0.549841
-0.043143 0.551503
0.180177 0.553481
0.381686 0.562372
0.565971 0.57171
0.734123 0.592076
0.878709 0.609699
1.00011 0.624445
1.11751 0.648241
1.18925 0.668369
1.25068 0.687891
1.2964 0.71261
1.32306 0.729018
1.33145 0.743528
1.33213 0.751125
1.32425 0.762205
1.30649 0.769829
1.28077 0.779063
1.25049 0.779748
1.22447 0.784312
1.19729 0.789193
1.17407 0.786871
