-2.41076 -1.44326
-2.35402 -1.45194
-2.27408 -1.45601
-2.17464 -1.45352
-2.05675 -1.44358
-1.92597 -1.4266
-1.78778 -1.39779
-1.64338 -1.35436
-1.49614 -1.29219
-1.3455 -1.21393
-1.18462 -1.12041
-1.02122 -1.01293
-0.856155 -0.894072
-0.689765 -0.764333
-0.525441 -0.627859
-0.363349 -0.489914
-0.21987 -0.350366
-0.0924546 -0.20296
0.0249818 -0.052828
0.133642 0.0982398
0.230426 0.242626
0.310873 0.387252
0.389851 0.533616
0.447704 0.674901
0.490777 0.814823
0.512577 0.949186
0.523661 1.09093
0.528628 1.21893
0.533137 1.35014
0.543123 1.47095
0.533913 1.57099
0.493835 1.64308
0.458154 1.70968
0.438022 1.76718
0.408047 1.80013
0.376547 1.81847
0.343149 1.82135
0.315177 1.82149
0.28805 1.80147
0.247748 1.76664
0.233756 1.74315
0.213135 1.6836
0.204067 1.60793
0.202405 1.49677
0.214015 1.37013
0.229694 1.22473
0.242365 1.06532
0.240219 0.900433
0.240126 0.731057
0.242415 0.558954
0.247618 0.385247
0.261449 0.214454
0.290239 0.0534701
0.320238 -0.0968761
0.365265 -0.245939
0.416699 -0.393773
0.468797 -0.544012
0.509948 -0.690135
0.525403 -0.829282
0.531407 -0.962603
0.537479 -1.08737
0.542837 -1.19712
0.550336 -1.28861
0.562777 -1.35981
0.579988 -1.41439
0.598005 -1.4556
0.617275 -1.48164
0.633078 -1.49618
0.642567 -1.49703
0.640502 -1.48391
0.628873 -1.45801
0.603791 -1.41658
0.571516 -1.36427
0.531481 -1.2962
0.48535 -1.21957
0.431665 -1.13724
0.381651 -1.05473
0.317621 -0.970915
0.24252 -0.883407
0.155759 -0.799748
0.0559737 -0.71256
-0.0570345 -0.615884
-0.182472 -0.517979
-0.308641 -0.419352
-0.45372 -0.321126
-0.612884 -0.217554
-0.780427 -0.12323
-0.94317 -0.0379404
-1.09583 0.0310184
-1.23278 0.0864794
-1.34809 0.133387
-1.44473 0.174495
-1.5248 0.204538
-1.58564 0.23295
-1.623 0.257941
-1.63763 0.278575
-1.62371 0.293944
-1.57398 0.300305
-1.4825 0.303432
-1.34705 0.302604
-1.16641 0.300492
-0.947896 0.297793
-0.703881 0.289133
-0.448963 0.292768
-0.201785 0.292875
0.0377271 0.288491
0.269611 0.297285
0.50088 0.320645
0.714666 0.341654
0.912569 0.363865
1.0923 0.384071
1.25449 0.401658
1.39714 0.420609
1.52174 0.446508
1.62091 0.469842
1.69739 0.496089
1.75253 0.517418
1.78536 0.533134
1.80845 0.549465
1.8217 0.556308
1.82769 0.563471
1.82935 0.564834
1.82208 0.564059
