-2.41598 -1.59684
-2.38956 -1.60466
-2.34856 -1.61255
-2.29263 -1.61729
-2.21994 -1.62173
-2.13335 -1.61987
-2.03353 -1.61268
-1.92156 -1.59895
-1.79857 -1.57469
-1.66432 -1.54226
-1.52394 -1.49544
-1.37935 -1.43602
-1.22811 -1.36543
-1.07792 -1.27691
-0.925761 -1.17487
-0.774267 -1.0544
-0.62455 -0.916672
-0.472636 -0.76707
-0.335083 -0.610255
-0.207624 -0.443195
-0.091652 -0.269248
0.0295822 -0.099004
0.138853 0.0721277
0.226841 0.231195
0.307812 0.385194
0.373121 0.528515
0.426737 0.670038
0.467223 0.805497
0.514541 0.950572
0.548177 1.09407
0.559042 1.22158
0.552529 1.34941
0.535138 1.46605
0.507096 1.5649
0.479886 1.65208
0.470162 1.72823
0.452246 1.79129
0.406004 1.83019
0.384165 1.87028
0.357637 1.89103
0.313538 1.9011
0.277413 1.91091
0.246664 1.91379
0.217152 1.89378
0.193336 1.85239
0.182803 1.81884
0.172113 1.76735
0.161664 1.68741
0.152947 1.5946
0.13769 1.49002
0.104085 1.36336
0.0724343 1.22805
0.0528038 1.08807
0.0498207 0.955792
0.0632795 0.816889
0.09381 0.677489
0.138333 0.536031
0.187869 0.382898
0.228866 0.226062
0.273953 0.0719977
0.313757 -0.0834958
0.338059 -0.24566
0.345162 -0.39901
0.352847 -0.540208
0.369823 -0.668649
0.396561 -0.776643
0.429025 -0.867483
0.465075 -0.951305
0.496485 -1.02475
0.520975 -1.0922
0.523639 -1.14468
0.519374 -1.19034
0.511295 -1.23598
0.490462 -1.26771
0.465709 -1.28932
0.441766 -1.29532
0.42085 -1.28618
0.402265 -1.26483
0.371918 -1.22653
0.336952 -1.17542
0.293667 -1.123
0.246694 -1.06619
0.197627 -1.01072
0.148209 -0.952496
0.100489 -0.891265
0.0543434 -0.826048
0.0123005 -0.757474
-0.038521 -0.681688
-0.101109 -0.597995
-0.176932 -0.507784
-0.267181 -0.415839
-0.3685 -0.324458
-0.480732 -0.245206
-0.595436 -0.174964
-0.704086 -0.10756
-0.814128 -0.0450285
-0.924659 0.0151199
-1.03698 0.0648068
-1.14901 0.104877
-1.25508 0.138622
-1.35544 0.163466
-1.44369 0.172303
-1.51492 0.176461
-1.56324 0.173971
-1.57838 0.163639
-1.55504 0.155105
-1.48675 0.144817
-1.37369 0.137323
-1.21705 0.134269
-1.02184 0.135222
-0.804102 0.130522
-0.573816 0.126536
-0.332467 0.132753
-0.0931479 0.142889
0.153974 0.160628
0.383623 0.174101
0.600818 0.192273
0.796712 0.203947
0.979484 0.216965
1.14481 0.234855
1.28692 0.250277
1.40298 0.260587
1.49751 0.271633
1.57642 0.289892
1.63118 0.30213
1.66236 0.306808
1.67489 0.308996
1.67443 0.311508
1.66038 0.313458
1.64488 0.319544
1.62017 0.32249
1.58872 0.327688
1.55512 0.325349
1.51874 0.322295
1.4811 0.318548
1.44271 0.317703
1.40258 0.314346
1.36157 0.307718
1.32007 0.297993
