-0.0166799 0.53347
0.0284245 0.655188
0.0733601 0.779662
0.118983 0.902419
0.154582 1.02202
0.191274 1.13309
0.234744 1.23642
0.268979 1.32849
0.293022 1.41092
0.305256 1.4732
0.315395 1.51383
0.326865 1.54019
0.337691 1.54532
0.349877 1.53616
0.357593 1.49831
0.367466 1.43458
0.385055 1.34904
0.394958 1.23842
0.41274 1.11038
0.430151 0.952887
0.443043 0.762634
0.447677 0.546447
0.449583 0.306596
0.438984 0.0514125
0.428037 -0.211807
0.4007 -0.471423
0.36899 -0.721135
0.322705 -0.949493
0.273759 -1.15529
0.22414 -1.33486
0.171668 -1.47824
0.128121 -1.59
0.100382 -1.67323
0.0846267 -1.73143
0.0737326 -1.76901
0.0624903 -1.78776
0.0494774 -1.79007
0.0349019 -1.77669
0.0164565 -1.74632
-0.00595856 -1.69816
-0.0238965 -1.64049
-0.0493239 -1.56905
-0.0838676 -1.48512
-0.128921 -1.39175
-0.177633 -1.29567
-0.236963 -1.19144
-0.305987 -1.07954
-0.379963 -0.962132
-0.471091 -0.838505
-0.577226 -0.707924
-0.69459 -0.5766
-0.816211 -0.451172
-0.947295 -0.333186
-1.08278 -0.219781
-1.21607 -0.118441
-1.3438 -0.0330902
-1.46576 0.0416157
-1.5724 0.104616
-1.66609 0.158902
-1.74168 0.204196
-1.79414 0.240732
-1.81943 0.267112
-1.81696 0.28556
-1.7873 0.302121
-1.72453 0.31512
-1.62693 0.323051
-1.491 0.333229
-1.31065 0.339061
-1.08392 0.342708
-0.819532 0.345507
-0.529074 0.347267
-0.238108 0.349409
0.0581849 0.353756
0.349214 0.355558
0.630549 0.361581
0.910665 0.368918
1.1496 0.379732
1.38696 0.391289
1.58668 0.400959
1.78073 0.409462
1.9461 0.41964
2.08787 0.421825
2.1883 0.42914
2.29007 0.430137
2.37668 0.443942
2.43823 0.451575
