-0.122937 1.12896
-0.087194 1.21973
-0.0605166 1.30528
-0.0355117 1.38722
-0.0119911 1.45467
0.0138644 1.50594
0.0367185 1.53961
0.0604803 1.5559
0.0796378 1.55946
0.0979693 1.53677
0.122725 1.48069
0.137601 1.39505
0.160435 1.29177
0.186364 1.15063
0.209631 0.989471
0.228007 0.805028
0.231242 0.593028
0.210624 0.359173
0.178872 0.110824
0.148421 -0.145397
0.119458 -0.401269
0.0834162 -0.646102
0.0471457 -0.87734
0.00408733 -1.08748
-0.0379978 -1.27669
-0.0780344 -1.43615
-0.1095 -1.56558
-0.133879 -1.66863
-0.155543 -1.74779
-0.176537 -1.80552
-0.198784 -1.83944
-0.221514 -1.84907
-0.241137 -1.8388
-0.265613 -1.80421
-0.291094 -1.75124
-0.319557 -1.67992
-0.345262 -1.59702
-0.376849 -1.50018
-0.415483 -1.3925
-0.456357 -1.28176
-0.503884 -1.16419
-0.554949 -1.04069
-0.602913 -0.914752
-0.656342 -0.784751
-0.7171 -0.652562
-0.781768 -0.521887
-0.855255 -0.395974
-0.933113 -0.276134
-1.01353 -0.164655
-1.09454 -0.0659322
-1.16775 0.0233861
-1.23775 0.102769
-1.30115 0.172788
-1.35403 0.233874
-1.39515 0.289542
-1.42152 0.332269
-1.43344 0.363487
-1.42726 0.385239
-1.4025 0.39499
-1.35203 0.399835
-1.2721 0.399365
-1.15769 0.392762
-1.00736 0.381743
-0.831558 0.3715
-0.614272 0.360113
-0.383987 0.351793
-0.137449 0.345271
0.120987 0.346437
0.358 0.346069
0.589215 0.352917
0.826457 0.360318
1.03075 0.36917
1.23856 0.377736
1.43258 0.394684
1.60101 0.402841
1.7458 0.408422
1.8786 0.420054
1.9873 0.428375
2.08296 0.437595
2.16031 0.448041
2.21184 0.458059
2.25043 0.469691
2.28239 0.485801
2.29767 0.497638
2.30015 0.499825
