0.113831 1.59554
0.12774 1.62124
0.143521 1.64153
0.157413 1.65295
0.170862 1.64955
0.17488 1.62979
0.190923 1.60567
0.203408 1.55943
0.20477 1.48759
0.218114 1.4033
0.233168 1.30012
0.254933 1.17109
0.285458 1.02597
0.319198 0.852853
0.357715 0.657129
0.386207 0.446051
0.410099 0.226057
0.426686 -0.00546695
0.425684 -0.247701
0.419228 -0.493919
0.407951 -0.735573
0.386993 -0.958101
0.367515 -1.16058
0.348724 -1.33886
0.329187 -1.48681
0.302216 -1.60418
0.275186 -1.69786
0.248439 -1.77089
0.220345 -1.81974
0.189963 -1.84457
0.156544 -1.84626
0.119208 -1.82307
0.0783695 -1.78302
0.0380027 -1.7297
-0.00715071 -1.66006
-0.0563017 -1.57777
-0.111074 -1.48359
-0.171118 -1.3796
-0.232928 -1.27164
-0.303865 -1.15617
-0.384184 -1.03614
-0.474209 -0.914677
-0.57007 -0.791423
-0.673559 -0.670015
-0.782874 -0.547579
-0.894982 -0.427623
-1.00481 -0.32025
-1.11077 -0.220845
-1.20656 -0.134208
-1.29634 -0.0538769
-1.37785 0.0163769
-1.45175 0.0811961
-1.51481 0.135806
-1.5663 0.185086
-1.60392 0.234367
-1.62765 0.276735
-1.63674 0.311374
-1.62841 0.334168
-1.60202 0.349996
-1.55773 0.362132
-1.49681 0.372315
-1.41864 0.375982
-1.3215 0.38015
-1.20348 0.382314
-1.06278 0.378304
-0.899914 0.371867
-0.716593 0.370627
-0.526273 0.375824
-0.318777 0.384583
-0.0978486 0.383659
0.111471 0.389885
0.326649 0.399857
0.52961 0.40859
0.712577 0.426371
0.889333 0.439192
1.06516 0.44249
1.22918 0.442938
1.37877 0.449349
1.51572 0.458741
1.6357 0.466075
1.74337 0.475124
1.83518 0.479477
1.9185 0.496361
1.98806 0.51488
2.03906 0.522478
2.0751 0.524773
2.10468 0.532081
2.12003 0.534403
