-1.6096 0.423434
-1.57907 0.374817
-1.54378 0.329821
-1.49977 0.282073
-1.44928 0.237269
-1.39123 0.206177
-1.32774 0.199467
-1.26102 0.219985
-1.19196 0.271306
-1.12217 0.350629
-1.05397 0.452064
-0.987183 0.566196
-0.923602 0.686991
-0.864947 0.812469
-0.813327 0.938623
-0.771367 1.06777
-0.738982 1.18258
-0.716869 1.27861
-0.704679 1.34803
-0.701114 1.39766
-0.708783 1.4136
-0.724422 1.39926
-0.744912 1.35542
-0.768246 1.28435
-0.791982 1.18736
-0.820434 1.06318
-0.85542 0.907193
-0.895486 0.720256
-0.938603 0.497688
-0.989905 0.261409
-1.04587 0.00485257
-1.10225 -0.252766
-1.15012 -0.50744
-1.17993 -0.741932
-1.19015 -0.919986
-1.1797 -1.06787
-1.15044 -1.19349
-1.10503 -1.29565
-1.04256 -1.38052
-0.966539 -1.44242
-0.876316 -1.49089
-0.775394 -1.52029
-0.670476 -1.52768
-0.56383 -1.51633
-0.459447 -1.46718
-0.356038 -1.38844
-0.256839 -1.27914
-0.159325 -1.15303
-0.0571946 -1.02451
0.0379638 -0.877645
0.13928 -0.734256
0.237195 -0.584686
0.329973 -0.424206
0.411408 -0.251704
0.481733 -0.0775603
0.547738 0.0943142
0.60435 0.265802
0.656896 0.428214
0.715588 0.569431
0.767337 0.699061
0.812491 0.82058
0.854651 0.93732
0.892469 1.03494
0.926316 1.12228
0.958982 1.19426
0.986009 1.23964
1.00492 1.27537
1.01898 1.29261
1.02398 1.27812
1.0221 1.24945
1.0162 1.20348
1.00845 1.1441
0.995409 1.07535
0.978877 0.994579
0.96291 0.90309
0.936615 0.796247
0.915249 0.665459
0.896535 0.499474
0.884048 0.310268
0.876285 0.099287
0.868769 -0.129799
0.855202 -0.356373
0.846997 -0.578507
0.851578 -0.786446
0.871357 -0.963438
0.908719 -1.10369
0.962019 -1.20783
1.0301 -1.2844
1.10884 -1.34161
1.19227 -1.38154
1.27814 -1.39959
1.36225 -1.40495
1.44492 -1.3967
1.52522 -1.37874
1.59823 -1.34431
1.66446 -1.29671
1.72655 -1.24703
1.78076 -1.19199
