-1.74877 0.531527
-1.72951 0.487181
-1.70045 0.447421
-1.65539 0.402581
-1.59575 0.373793
-1.52057 0.35453
-1.4301 0.34504
-1.32857 0.344652
-1.21984 0.362962
-1.11389 0.400393
-1.01197 0.454477
-0.918894 0.522389
-0.829907 0.603073
-0.74478 0.697728
-0.668231 0.809211
-0.598225 0.927749
-0.53549 1.04939
-0.481068 1.15851
-0.433466 1.2616
-0.399952 1.34539
-0.375618 1.41531
-0.366544 1.46523
-0.366627 1.49681
-0.374789 1.50901
-0.410944 1.51399
-0.458024 1.49867
-0.509159 1.47553
-0.565447 1.42928
-0.622247 1.36461
-0.681787 1.28612
-0.745029 1.19559
-0.806729 1.08256
-0.871782 0.957807
-0.938102 0.819089
-1.00343 0.659414
-1.0729 0.496459
-1.13559 0.325989
-1.19286 0.152344
-1.24055 -0.0305085
-1.28142 -0.214914
-1.31357 -0.404505
-1.33994 -0.597024
-1.36146 -0.7682
-1.36603 -0.926322
-1.3485 -1.07153
-1.30765 -1.20016
-1.24574 -1.31291
-1.16312 -1.40517
-1.06392 -1.46899
-0.950857 -1.50998
-0.831533 -1.52138
-0.709582 -1.5109
-0.586809 -1.47964
-0.462496 -1.4281
-0.34005 -1.35084
-0.215281 -1.25876
-0.0902363 -1.15726
0.0308518 -1.04387
0.146165 -0.919372
0.255088 -0.788309
0.367923 -0.660386
0.471599 -0.525866
0.567796 -0.387959
0.653912 -0.246171
0.732328 -0.108652
0.800187 0.03056
0.861667 0.159365
0.915999 0.286653
0.96104 0.400252
1.01326 0.511947
1.05515 0.626252
1.08777 0.732937
1.11405 0.82872
1.13627 0.913849
1.15283 0.981303
1.16531 1.03429
1.17284 1.06125
1.1753 1.07677
1.17394 1.07575
1.16647 1.05624
1.1616 1.02565
1.15323 0.989876
1.13759 0.944436
1.11863 0.880052
1.09138 0.797604
1.06457 0.698292
1.03637 0.576085
1.0024 0.434473
0.956628 0.281185
0.901806 0.116395
0.843379 -0.0572855
0.781341 -0.23333
0.718343 -0.398754
0.6728 -0.551937
0.650821 -0.692667
0.649077 -0.814945
0.663172 -0.92477
0.693677 -1.0256
0.736961 -1.12075
0.78718 -1.20196
0.84259 -1.26987
0.901702 -1.33094
0.960826 -1.38467
1.01747 -1.42376
1.07418 -1.45495
1.13361 -1.47238
1.19196 -1.47657
1.24702 -1.46998
1.29979 -1.45188
1.35328 -1.42408
1.40585 -1.39321
1.45556 -1.35811
1.49864 -1.31351
