-1.58252 1.18695
-1.55368 1.13618
-1.5163 1.09355
-1.46926 1.05017
-1.40781 1.01645
-1.33518 1.00302
-1.25409 1.00458
-1.16809 1.01024
-1.08057 1.035
-0.994226 1.06706
-0.908057 1.10293
-0.827934 1.14057
-0.759608 1.18412
-0.704819 1.23241
-0.664469 1.26819
-0.639333 1.28462
-0.627952 1.29561
-0.625885 1.29797
-0.634464 1.27727
-0.648238 1.22552
-0.670604 1.14746
-0.70629 1.05971
-0.750216 0.93902
-0.803962 0.804598
-0.868597 0.653531
-0.93263 0.46626
-0.992518 0.254868
-1.04822 0.0240008
-1.09313 -0.229425
-1.12627 -0.481076
-1.14447 -0.709198
-1.14394 -0.903861
-1.12704 -1.05594
-1.09162 -1.18859
-1.0438 -1.29462
-0.983485 -1.3803
-0.913815 -1.44366
-0.834197 -1.48257
-0.746275 -1.50572
-0.655288 -1.50416
-0.558653 -1.48156
-0.46068 -1.43053
-0.359457 -1.35879
-0.254051 -1.26497
-0.145892 -1.15374
-0.0344168 -1.02198
0.0781015 -0.879908
0.192119 -0.731376
0.309944 -0.585252
0.421933 -0.428862
0.526911 -0.262967
0.630813 -0.0883278
0.729447 0.0826786
0.829529 0.253558
0.922739 0.412778
1.00106 0.56093
1.06135 0.691298
1.10811 0.809878
1.14469 0.89686
1.17045 0.972732
1.19003 1.01464
1.20413 1.02334
1.20821 1.00095
1.20484 0.944005
1.19354 0.859938
1.17468 0.757115
1.14695 0.633591
1.11178 0.489706
1.06795 0.323811
1.02081 0.138737
0.968455 -0.0558416
0.930552 -0.261911
0.90767 -0.458771
0.89802 -0.645493
0.903787 -0.812359
0.924278 -0.943698
0.960611 -1.05273
1.00671 -1.13063
1.05989 -1.18994
1.11963 -1.22999
1.18263 -1.25631
1.24627 -1.26539
1.30665 -1.25943
1.36844 -1.23924
1.43001 -1.20604
1.48679 -1.15627
1.54147 -1.097
