-0.898639 1.41126
-0.898512 1.40628
-0.899716 1.39788
-0.902897 1.38499
-0.9099 1.37458
-0.917752 1.36885
-0.930263 1.34445
-0.944966 1.31844
-0.962247 1.27977
-0.985199 1.22914
-1.01015 1.17758
-1.03813 1.1229
-1.06541 1.05445
-1.08999 0.970922
-1.11369 0.873307
-1.1408 0.757245
-1.1698 0.62478
-1.20106 0.473379
-1.23784 0.313177
-1.27192 0.154797
-1.29867 -0.00256017
-1.3165 -0.149738
-1.32723 -0.286204
-1.32027 -0.423024
-1.29441 -0.564291
-1.25791 -0.714714
-1.21197 -0.861981
-1.15778 -0.996579
-1.09408 -1.13304
-1.022 -1.25377
-0.94822 -1.34477
-0.86449 -1.415
-0.766999 -1.47599
-0.657377 -1.52573
-0.542029 -1.5612
-0.421057 -1.58116
-0.294856 -1.58391
-0.169385 -1.57511
-0.0509529 -1.55813
0.0623335 -1.52662
0.170054 -1.48052
0.268105 -1.42167
0.369485 -1.36255
0.452947 -1.28382
0.543507 -1.21101
0.625475 -1.13104
0.699216 -1.04903
0.764954 -0.955417
0.82236 -0.852424
0.866741 -0.746541
0.90065 -0.641325
0.929725 -0.532286
0.959711 -0.414134
0.986019 -0.30394
1.01111 -0.199124
1.03326 -0.102087
1.05252 -0.00162669
1.06777 0.0894984
1.09282 0.179245
1.11038 0.263747
1.12164 0.337981
1.12695 0.409325
1.12826 0.476269
1.13236 0.535478
1.13524 0.594198
1.13457 0.642739
1.13614 0.693769
1.14027 0.733241
1.14384 0.753867
1.14987 0.77707
1.15817 0.806853
1.16402 0.831078
1.16695 0.851126
1.16702 0.862239
1.16546 0.871618
1.16568 0.871129
1.1622 0.867306
1.15866 0.867262
1.1586 0.868862
