-1.01674 1.1389
-1.02199 1.12331
-1.03338 1.11037
-1.04503 1.1055
-1.05494 1.10158
-1.06478 1.08404
-1.07426 1.06017
-1.08421 1.0362
-1.09399 0.998295
-1.10419 0.952096
-1.11546 0.912503
-1.12632 0.866669
-1.13524 0.80826
-1.14408 0.717502
-1.15581 0.621733
-1.16739 0.515165
-1.18115 0.39821
-1.19753 0.265536
-1.20844 0.126575
-1.21309 -0.0127048
-1.21047 -0.144786
-1.19929 -0.274225
-1.18001 -0.401067
-1.15211 -0.517384
-1.12253 -0.626685
-1.08775 -0.741499
-1.05006 -0.868706
-1.00705 -0.984431
-0.958537 -1.08899
-0.904 -1.18463
-0.843224 -1.27201
-0.775314 -1.34837
-0.7016 -1.40564
-0.625239 -1.44332
-0.545244 -1.47234
-0.462866 -1.48638
-0.380696 -1.4913
-0.296604 -1.49353
-0.21029 -1.47403
-0.123249 -1.4471
-0.0359959 -1.42706
0.0543557 -1.38642
0.142681 -1.33698
0.230995 -1.28855
0.31471 -1.23388
0.39645 -1.16818
0.473188 -1.09555
0.544456 -1.01951
0.609703 -0.936865
0.670731 -0.844513
0.726868 -0.749199
0.778564 -0.650149
0.823008 -0.562034
0.872428 -0.481118
0.903035 -0.390178
0.943409 -0.306346
0.979842 -0.212444
1.00909 -0.121459
1.03458 -0.0264187
1.05508 0.0675738
1.07298 0.164391
1.09082 0.263258
1.11358 0.360714
1.13424 0.457257
1.15852 0.5533
1.18027 0.652122
1.19822 0.741832
1.21595 0.8294
1.22817 0.903027
1.24078 0.991415
1.25096 1.07898
1.25351 1.12705
1.25899 1.18095
1.26213 1.23908
1.26439 1.28465
1.26737 1.33212
1.27141 1.37773
1.27251 1.41545
1.27254 1.4468
1.27212 1.48958
1.26749 1.51669
