-1.67777 0.88405
-1.66596 0.842094
-1.64658 0.798659
-1.61783 0.750572
-1.57749 0.699268
-1.52308 0.654094
-1.45165 0.616659
-1.36599 0.603833
-1.27067 0.604051
-1.1732 0.626268
-1.08052 0.656485
-0.989533 0.700659
-0.900515 0.762094
-0.818332 0.837659
-0.74574 0.917659
-0.689155 1.0044
-0.643994 1.07414
-0.61338 1.13344
-0.594071 1.19975
-0.585678 1.24874
-0.586666 1.27279
-0.595911 1.29527
-0.615191 1.28044
-0.644695 1.25409
-0.677827 1.21153
-0.713931 1.1454
-0.752659 1.06066
-0.793599 0.956963
-0.833787 0.839659
-0.874046 0.703485
-0.917334 0.566399
-0.960133 0.400616
-1.0068 0.220486
-1.05143 0.0289651
-1.09248 -0.169991
-1.12516 -0.383295
-1.15133 -0.591381
-1.16737 -0.795772
-1.1685 -0.986554
-1.15282 -1.14695
-1.11973 -1.27951
-1.07383 -1.37829
-1.01243 -1.45629
-0.93829 -1.50929
-0.854883 -1.53286
-0.764516 -1.53773
-0.672134 -1.51851
-0.579329 -1.48451
-0.482592 -1.43977
-0.389334 -1.36768
-0.297083 -1.2926
-0.204104 -1.20951
-0.112294 -1.10581
-0.0210949 -0.992859
0.0690448 -0.862946
0.156079 -0.729077
0.239259 -0.590164
0.31637 -0.445599
0.388609 -0.311556
0.453139 -0.174426
0.512264 -0.0490782
0.564542 0.0665737
0.61513 0.1824
0.674634 0.291747
0.729183 0.395008
0.778914 0.490355
0.824797 0.584094
0.865961 0.675877
0.900243 0.75779
0.932372 0.828311
0.961029 0.886746
0.987606 0.939746
1.01445 0.992615
1.03882 1.03505
1.06718 1.07405
1.09287 1.09335
1.1151 1.11535
1.13256 1.11401
1.14099 1.09453
1.14389 1.0574
1.14059 1.00405
1.13009 0.934876
1.11197 0.84005
1.08923 0.728181
1.05018 0.585399
1.0086 0.416616
0.959723 0.219704
0.908854 0.0103129
0.855582 -0.217426
0.803008 -0.466208
0.762938 -0.701338
0.738356 -0.901511
0.744893 -1.0679
0.782111 -1.20147
0.842325 -1.31408
0.921894 -1.39234
1.0172 -1.45694
1.1187 -1.4959
1.2227 -1.52221
1.32755 -1.53094
1.42709 -1.52277
1.51894 -1.50516
1.60187 -1.47868
1.67747 -1.43447
1.74735 -1.38599
1.81018 -1.32816
