-1.32257 1.06894
-1.32539 1.07341
-1.32515 1.0559
-1.32926 1.05996
-1.32991 1.04773
-1.33054 1.02179
-1.3309 0.967418
-1.32977 0.927441
-1.33194 0.88566
-1.33004 0.84654
-1.32754 0.795824
-1.32307 0.720473
-1.3173 0.633977
-1.3112 0.542517
-1.30434 0.453449
-1.29279 0.359688
-1.27938 0.247608
-1.26101 0.128084
-1.23979 -0.00840624
-1.21623 -0.137767
-1.19191 -0.26776
-1.1616 -0.393737
-1.12801 -0.525308
-1.09632 -0.640276
-1.05326 -0.760658
-1.00487 -0.86448
-0.946361 -0.976064
-0.887032 -1.07862
-0.825494 -1.16566
-0.759544 -1.24828
-0.688912 -1.32561
-0.616313 -1.39898
-0.543498 -1.45024
-0.468738 -1.50267
-0.391709 -1.52617
-0.312765 -1.53642
-0.227475 -1.54463
-0.143771 -1.54161
-0.0615014 -1.52518
0.0178333 -1.50398
0.0994475 -1.48584
0.174038 -1.45037
0.244164 -1.40543
0.311372 -1.34596
0.373892 -1.27228
0.437299 -1.1995
0.495912 -1.1223
0.551129 -1.03499
0.600733 -0.955895
0.649416 -0.856855
0.694686 -0.755469
0.736385 -0.663333
0.783152 -0.57837
0.825715 -0.457537
0.858769 -0.35579
0.887473 -0.271279
0.917945 -0.159696
0.94273 -0.0512709
0.966878 0.0416326
0.987699 0.137063
1.00755 0.245758
1.02241 0.33424
1.03796 0.430708
1.05001 0.505744
1.06469 0.604287
1.07709 0.700214
1.07699 0.776468
1.08076 0.841712
1.08332 0.895947
1.08933 0.943279
1.08985 0.981721
1.09029 1.00983
1.09478 1.05234
1.09873 1.10201
1.09982 1.13157
1.1 1.16351
1.09837 1.18499
1.09968 1.20755
1.10076 1.25691
1.10269 1.3
1.10564 1.29229
1.10985 1.31169
1.1111 1.32604
1.1127 1.35825
1.10615 1.37251
