-1.12611 1.14885
-1.13517 1.12556
-1.144 1.08889
-1.15561 1.06986
-1.16571 1.03872
-1.17594 0.999836
-1.18675 0.940287
-1.19969 0.888514
-1.21447 0.828352
-1.22756 0.747602
-1.24142 0.657195
-1.2554 0.566336
-1.27012 0.46496
-1.28263 0.362724
-1.29312 0.263353
-1.30461 0.165333
-1.31371 0.0635883
-1.3169 -0.0314443
-1.31263 -0.134253
-1.30335 -0.237717
-1.29137 -0.355587
-1.28753 -0.463348
-1.28428 -0.578516
-1.27918 -0.682389
-1.26374 -0.77689
-1.24046 -0.861159
-1.20982 -0.932904
-1.17169 -1.00183
-1.12544 -1.07713
-1.07229 -1.15014
-1.01363 -1.2171
-0.947426 -1.28983
-0.878434 -1.35732
-0.806652 -1.41527
-0.731259 -1.45341
-0.650293 -1.47903
-0.562368 -1.49504
-0.471896 -1.51231
-0.375975 -1.513
-0.282948 -1.51796
-0.192655 -1.50748
-0.0993809 -1.48607
-0.0113701 -1.46238
0.0698497 -1.43123
0.149288 -1.38973
0.223779 -1.33829
0.29446 -1.26495
0.361621 -1.19504
0.424608 -1.13639
0.485523 -1.05929
0.540976 -0.977842
0.59262 -0.897543
0.642118 -0.809795
0.687205 -0.717055
0.725181 -0.625624
0.755827 -0.539677
0.781785 -0.442598
0.811113 -0.345437
0.833348 -0.268944
0.86695 -0.195889
0.898741 -0.109451
0.92771 -0.0139685
0.950656 0.0716101
0.964826 0.136766
0.981494 0.220093
0.995973 0.318932
1.00635 0.395957
1.01298 0.472818
1.02098 0.553854
1.03349 0.643484
1.04608 0.730168
1.05529 0.787997
1.0676 0.846932
1.08312 0.916836
1.08968 0.964434
1.091 1.00323
1.09866 1.05009
1.09718 1.076
1.10118 1.12872
1.10531 1.17328
1.10541 1.20946
1.10118 1.21691
1.09694 1.23627
1.09184 1.25518
1.08693 1.28002
1.07505 1.288
1.06855 1.30024
1.06406 1.31088
1.06438 1.32979
1.06488 1.3451
1.06338 1.36384
1.05885 1.35165
1.05897 1.34972
