-0.944848 1.15994
-0.942389 1.17063
-0.943908 1.18481
-0.948044 1.18943
-0.950671 1.17428
-0.956072 1.16062
-0.965942 1.13502
-0.976151 1.09568
-0.988291 1.05832
-1.00087 1.00642
-1.0155 0.946785
-1.03252 0.874424
-1.05022 0.775891
-1.069 0.666337
-1.08689 0.552651
-1.10268 0.445286
-1.11559 0.344565
-1.12285 0.237928
-1.12949 0.133601
-1.1346 0.0321915
-1.13328 -0.0754577
-1.12774 -0.179177
-1.1175 -0.288082
-1.10545 -0.397271
-1.09664 -0.494184
-1.08637 -0.592798
-1.07339 -0.690642
-1.05582 -0.788446
-1.03609 -0.87523
-1.01011 -0.963068
-0.980503 -1.0428
-0.946074 -1.12294
-0.908623 -1.19895
-0.870425 -1.2688
-0.832119 -1.32888
-0.78711 -1.39573
-0.741434 -1.45209
-0.693074 -1.50285
-0.643426 -1.53223
-0.586418 -1.56703
-0.527459 -1.59417
-0.46466 -1.61767
-0.401109 -1.62954
-0.337662 -1.62679
-0.268988 -1.62314
-0.201823 -1.6028
0.0274655 -1.44439
0.193607 -1.32228
0.321738 -1.21455
0.428826 -1.11609
0.522045 -1.02003
0.598686 -0.913477
0.663534 -0.805666
0.713999 -0.690602
0.757358 -0.583034
0.797253 -0.487863
0.836142 -0.386453
0.876174 -0.284476
0.91417 -0.177394
0.948674 -0.0742422
0.980578 0.0227515
1.01163 0.113222
1.03873 0.208676
1.06532 0.302955
1.08801 0.395128
1.11039 0.475794
1.13025 0.544062
1.15275 0.623634
1.17437 0.675737
1.19512 0.750285
1.21429 0.812071
1.23096 0.866078
1.24565 0.912873
1.25587 0.963477
1.26624 0.99832
1.27723 1.03349
1.28563 1.07291
1.29474 1.09892
1.30212 1.12015
1.30516 1.14243
1.31008 1.16301
1.31313 1.18801
1.31923 1.20718
1.32665 1.22107
1.33176 1.23197
1.33823 1.24206
1.346 1.24024
