-1.52303 1.1076
-1.51293 1.08791
-1.50405 1.06519
-1.49164 1.03924
-1.47908 0.998754
-1.46541 0.937305
-1.45092 0.882572
-1.43846 0.829338
-1.41747 0.762543
-1.38918 0.678504
-1.35799 0.590063
-1.32419 0.496049
-1.28687 0.387365
-1.25044 0.269227
-1.21646 0.14558
-1.18158 0.00996897
-1.14792 -0.122414
-1.11387 -0.249713
-1.07536 -0.374044
-1.03546 -0.493095
-0.9945 -0.607418
-0.952182 -0.713462
-0.909498 -0.816898
-0.869837 -0.91753
-0.830019 -1.01881
-0.795483 -1.10739
-0.761547 -1.18944
-0.725493 -1.27237
-0.692601 -1.34399
-0.66664 -1.39924
-0.639223 -1.45205
-0.61391 -1.49355
-0.588768 -1.52494
-0.563403 -1.54789
-0.542035 -1.55868
-0.520965 -1.56768
-0.502212 -1.56699
-0.483459 -1.5595
-0.463036 -1.54284
-0.439596 -1.51516
-0.41149 -1.4781
-0.38196 -1.42509
-0.344047 -1.36844
-0.305022 -1.30653
-0.264818 -1.23886
-0.219734 -1.16932
-0.170218 -1.0921
-0.115479 -1.01477
-0.0541521 -0.930407
0.0109428 -0.843629
0.0757819 -0.758448
0.140548 -0.6689
0.201582 -0.575537
0.258989 -0.481327
0.315034 -0.38679
0.369727 -0.290852
0.425333 -0.197913
0.486336 -0.112211
0.546947 -0.0300297
0.607877 0.0439043
0.668479 0.121946
0.727003 0.204486
0.784701 0.281973
0.836982 0.350691
0.886897 0.423158
0.928179 0.492365
0.966854 0.554466
1.0018 0.610144
1.03269 0.660933
1.0598 0.716742
1.08907 0.765347
1.11223 0.805574
1.13192 0.850984
1.1518 0.892449
1.16966 0.934371
1.18657 0.971371
1.20564 1.00358
1.22241 1.04081
1.23673 1.0738
1.25275 1.10108
1.26808 1.12837
1.28313 1.1477
1.29365 1.16396
1.30358 1.18007
1.30828 1.19497
1.31204 1.19754
1.31551 1.21188
1.31958 1.23275
1.32458 1.24853
1.3287 1.25853
1.33202 1.272
1.335 1.28592
1.33579 1.29935
1.33244 1.31542
