-1.42097 1.14084
-1.41827 1.13288
-1.41953 1.13019
-1.41653 1.11546
-1.41473 1.10424
-1.41461 1.09466
-1.40879 1.07084
-1.39591 1.03759
-1.38128 1.00405
-1.3673 0.973559
-1.35022 0.930294
-1.3312 0.879007
-1.31306 0.822397
-1.29302 0.756026
-1.26902 0.676416
-1.24359 0.586301
-1.22034 0.490151
-1.19581 0.386797
-1.16756 0.269991
-1.13649 0.156131
-1.09985 0.0366637
-1.06085 -0.0836203
-1.02308 -0.204508
-0.985276 -0.327667
-0.948797 -0.447596
-0.913321 -0.567419
-0.875821 -0.691429
-0.837119 -0.814943
-0.800086 -0.930471
-0.763699 -1.03812
-0.728681 -1.13445
-0.692484 -1.22737
-0.659985 -1.30797
-0.627425 -1.3813
-0.597897 -1.44284
-0.570167 -1.49423
-0.543329 -1.53771
-0.52011 -1.56958
-0.498046 -1.59347
-0.476098 -1.60827
-0.453909 -1.6126
-0.431804 -1.60593
-0.407725 -1.59791
-0.38244 -1.57935
-0.35618 -1.55706
-0.332397 -1.52029
-0.308956 -1.47674
-0.282728 -1.42985
-0.254679 -1.3786
-0.225304 -1.32142
-0.193068 -1.2586
-0.157148 -1.19415
-0.119075 -1.12618
-0.074938 -1.05878
-0.0276676 -0.98804
0.02214 -0.911092
0.0754093 -0.83308
0.133929 -0.759823
0.193585 -0.682556
0.255807 -0.607241
0.314899 -0.525466
0.379704 -0.45111
0.444033 -0.381935
0.502414 -0.307152
0.557102 -0.229246
0.609216 -0.147152
0.660077 -0.0654837
0.707962 0.0223958
0.757908 0.0973914
0.805567 0.174623
0.852255 0.249264
0.898051 0.322591
0.944106 0.386229
0.986551 0.45441
1.02645 0.517729
1.06499 0.574765
1.10063 0.626691
1.13374 0.681066
1.16654 0.728732
1.19179 0.78158
1.21704 0.824029
1.23657 0.86552
1.25373 0.906727
1.26904 0.944952
1.28113 0.973453
1.29319 0.993045
1.30145 1.01807
1.30848 1.04121
1.31452 1.06747
1.32122 1.08795
1.32877 1.1025
1.33455 1.11443
1.34028 1.131
1.34607 1.14921
1.35097 1.16156
1.35569 1.16635
1.35943 1.16976
1.36273 1.17448
1.36408 1.17548
1.36379 1.17601
1.36238 1.17367
1.35841 1.18094
