-1.9992 0.840891
-1.97824 0.861227
-1.947 0.881477
-1.90625 0.898337
-1.8572 0.912807
-1.79881 0.924583
-1.73117 0.93927
-1.65537 0.954784
-1.5713 0.965995
-1.47726 0.979118
-1.38016 0.991328
-1.28015 0.997195
-1.17782 0.999367
-1.07421 0.982898
-0.968464 0.959172
-0.868636 0.915458
-0.777169 0.874394
-0.699222 0.817382
-0.623833 0.748725
-0.552373 0.680937
-0.483356 0.598809
-0.423668 0.511857
-0.372701 0.428426
-0.33324 0.341257
-0.301977 0.24292
-0.278411 0.143063
-0.269817 0.051723
-0.267019 -0.0506981
-0.265694 -0.161419
-0.27087 -0.267229
-0.278404 -0.371475
-0.286524 -0.48615
-0.298829 -0.603389
-0.317017 -0.717673
-0.336385 -0.831088
-0.357574 -0.930424
-0.37649 -1.03032
-0.391477 -1.12262
-0.407874 -1.20944
-0.418334 -1.29131
-0.42435 -1.3674
-0.427945 -1.44427
-0.427705 -1.5091
-0.426998 -1.56589
-0.429641 -1.60448
-0.427659 -1.63307
-0.422537 -1.64967
-0.409093 -1.65828
-0.397477 -1.65823
-0.383343 -1.64872
-0.366109 -1.63129
-0.344846 -1.59822
-0.319598 -1.5576
-0.288526 -1.5171
-0.252054 -1.46204
-0.21124 -1.40385
-0.164997 -1.3378
-0.114241 -1.26137
-0.0590577 -1.1765
0.00177608 -1.08621
0.0615504 -0.994345
0.115574 -0.898789
0.166399 -0.806841
0.215954 -0.712806
0.2626 -0.611385
0.31085 -0.519827
0.362413 -0.415972
0.41372 -0.320547
0.469758 -0.21956
0.538842 -0.126091
0.606092 -0.0326212
0.672405 0.0620216
0.73804 0.152362
0.801741 0.238749
0.866101 0.323745
0.930703 0.416345
0.989543 0.47805
1.06655 0.57908
1.13383 0.66073
1.18949 0.72539
1.23964 0.782749
1.28606 0.82881
1.33091 0.878261
1.37015 0.906245
1.40563 0.945832
1.43975 0.981377
1.46971 1.01614
1.49664 1.04712
1.52539 1.07967
1.54806 1.09458
1.5687 1.11734
1.58556 1.14051
1.59799 1.16862
1.60525 1.18318
1.60779 1.21438
1.60331 1.2318
1.59701 1.25157
1.58911 1.26943
1.57632 1.28564
