-1.73031 0.666891
-1.71836 0.673342
-1.70197 0.683898
-1.67704 0.696716
-1.64389 0.708235
-1.59791 0.715733
-1.53846 0.719587
-1.46113 0.72742
-1.36612 0.728049
-1.26125 0.71012
-1.15752 0.690349
-1.06954 0.659602
-0.995209 0.635348
-0.929708 0.606445
-0.870862 0.564807
-0.813519 0.511734
-0.75875 0.460378
-0.706452 0.38368
-0.659706 0.310877
-0.619719 0.233382
-0.588217 0.149311
-0.563862 0.0627265
-0.549553 -0.038938
-0.53891 -0.141482
-0.542071 -0.244655
-0.543063 -0.345523
-0.544402 -0.455733
-0.547151 -0.57164
-0.554601 -0.687672
-0.563422 -0.795494
-0.575036 -0.901767
-0.588819 -1.00971
-0.60181 -1.11343
-0.613597 -1.21363
-0.624517 -1.31605
-0.632954 -1.39802
-0.636066 -1.46601
-0.638894 -1.52621
-0.64029 -1.57601
-0.637346 -1.62263
-0.630904 -1.66105
-0.617344 -1.68463
-0.599196 -1.69364
-0.578848 -1.69209
-0.557518 -1.67914
-0.531812 -1.64664
-0.501417 -1.60743
-0.466022 -1.55959
-0.427472 -1.49759
-0.383137 -1.42421
-0.334481 -1.34286
-0.280868 -1.25376
-0.222496 -1.16571
-0.160734 -1.06681
-0.0933013 -0.965186
-0.0231738 -0.85816
0.0483851 -0.746903
0.120334 -0.644568
0.191178 -0.538296
0.260839 -0.435082
0.336833 -0.336517
0.409395 -0.235523
0.479615 -0.137922
0.549476 -0.0452213
0.620293 0.059543
0.68528 0.149897
0.74766 0.228732
0.809942 0.319715
0.869914 0.407221
0.92306 0.47416
0.972551 0.540344
1.02332 0.616457
1.07228 0.677237
1.11706 0.744302
1.16191 0.809397
1.20367 0.866492
1.24185 0.922455
1.28252 0.973476
1.31708 1.01352
1.34646 1.05026
1.37519 1.07187
1.39917 1.10065
1.42179 1.13186
1.44204 1.15201
1.45984 1.17484
1.47476 1.21212
1.48451 1.23976
1.49212 1.26565
1.50007 1.29179
1.50796 1.3106
1.5127 1.33003
1.51153 1.34139
1.51282 1.36602
1.51187 1.38981
1.51054 1.40351
1.50292 1.40937
