-1.77406 0.911515
-1.77153 0.930251
-1.7647 0.938152
-1.75411 0.945254
-1.74022 0.954779
-1.72148 0.960306
-1.70071 0.97543
-1.67564 0.987306
-1.64679 1.00042
-1.61189 1.01276
-1.57069 1.01906
-1.52564 1.01666
-1.47366 1.00902
-1.41806 1.01465
-1.3538 1.00515
-1.28682 0.991063
-1.22205 0.971407
-1.16073 0.947411
-1.09902 0.917575
-1.03847 0.879109
-0.978224 0.83742
-0.916975 0.79006
-0.856327 0.741318
-0.798524 0.68511
-0.741867 0.620323
-0.689583 0.563292
-0.641289 0.495087
-0.598212 0.426518
-0.556241 0.354677
-0.514607 0.270839
-0.475939 0.180481
-0.441899 0.0900982
-0.413163 -0.00750712
-0.390275 -0.10756
-0.372319 -0.212534
-0.35739 -0.31872
-0.343026 -0.419791
-0.330205 -0.52268
-0.318525 -0.623388
-0.310796 -0.724605
-0.302469 -0.825434
-0.295471 -0.925487
-0.289305 -1.02016
-0.283656 -1.11081
-0.276979 -1.19603
-0.269419 -1.27315
-0.260428 -1.34373
-0.252779 -1.40537
-0.249813 -1.45646
-0.2484 -1.50145
-0.247886 -1.53996
-0.248412 -1.56822
-0.249645 -1.59258
-0.248648 -1.61592
-0.251569 -1.62317
-0.252857 -1.62552
-0.251911 -1.62167
-0.248822 -1.61209
-0.240948 -1.60046
-0.233726 -1.58311
-0.225948 -1.55482
-0.216634 -1.52178
-0.206551 -1.48514
-0.195249 -1.44178
-0.181136 -1.39378
-0.16316 -1.34562
-0.141511 -1.29363
-0.116064 -1.23563
-0.0871226 -1.1748
-0.0561811 -1.11217
-0.0223914 -1.0492
0.0125062 -0.985063
0.0490137 -0.914507
0.0876185 -0.845575
0.132547 -0.779431
0.177701 -0.711226
0.224421 -0.644572
0.272293 -0.574355
0.323325 -0.502078
0.377605 -0.433194
0.435816 -0.364674
0.496196 -0.295742
0.558597 -0.219539
0.620272 -0.142584
0.680377 -0.0657262
0.736593 0.00822317
0.790382 0.0774704
0.840883 0.140925
0.890564 0.205833
0.940239 0.270815
0.989919 0.338244
1.04406 0.404389
1.09221 0.463117
1.13796 0.513847
1.182 0.576889
1.22641 0.643082
1.26792 0.702028
1.3052 0.7538
1.33805 0.803051
1.37199 0.856835
1.4013 0.903008
1.42737 0.946151
1.44998 0.987791
1.47022 1.02526
1.48876 1.06319
1.50006 1.08632
1.5156 1.11703
1.52813 1.15014
1.54156 1.17285
1.55285 1.19687
1.56246 1.21662
1.56889 1.23567
1.57568 1.24718
1.5847 1.26657
1.59094 1.28516
1.59886 1.30342
1.60372 1.32482
1.60681 1.33512
