-0.928069 1.73951
-0.93791 1.73436
-0.946644 1.72841
-0.954107 1.70871
-0.961752 1.68149
-0.970338 1.64425
-0.979652 1.59595
-0.990021 1.54758
-0.999391 1.47835
-1.00871 1.394
-1.01631 1.29456
-1.0279 1.18507
-1.04123 1.07496
-1.05377 0.953978
-1.06683 0.828125
-1.08176 0.69298
-1.10281 0.557682
-1.12788 0.413016
-1.154 0.255335
-1.18066 0.0920481
-1.20477 -0.0798387
-1.22547 -0.254759
-1.24281 -0.431291
-1.25762 -0.603984
-1.26712 -0.774182
-1.27397 -0.927909
-1.27742 -1.06417
-1.27187 -1.19804
-1.26022 -1.30232
-1.23793 -1.39228
-1.20704 -1.46031
-1.16857 -1.50692
-1.12279 -1.53256
-1.0721 -1.52834
-1.0138 -1.51291
-0.94937 -1.47286
-0.876758 -1.42015
-0.799936 -1.35173
-0.719823 -1.2731
-0.636334 -1.18687
-0.555402 -1.09008
-0.478455 -0.979624
-0.400651 -0.865788
-0.329655 -0.733062
-0.265376 -0.598571
-0.206944 -0.454173
-0.152151 -0.312003
-0.102976 -0.163958
-0.056488 -0.0192541
-0.0147804 0.118079
0.0204473 0.243817
0.0514612 0.363642
0.0790373 0.475559
0.106415 0.56778
0.127511 0.652053
0.142551 0.726306
0.152637 0.784356
0.159089 0.839758
0.161968 0.869973
0.164912 0.883142
0.166684 0.874504
0.169152 0.845786
0.171369 0.806855
0.167149 0.754179
0.165074 0.678928
0.163482 0.594962
0.162715 0.49848
0.162987 0.385603
0.164405 0.266507
0.165714 0.137275
0.163902 -0.00635392
0.15934 -0.158891
0.156683 -0.314499
0.151603 -0.468072
0.15365 -0.624333
0.158547 -0.77015
0.168349 -0.906523
0.184007 -1.02696
0.209068 -1.13473
0.242572 -1.2207
0.281573 -1.28604
0.327971 -1.33388
0.384817 -1.35903
0.450929 -1.36601
0.526969 -1.34832
0.608099 -1.30009
0.691364 -1.22649
0.77855 -1.12356
0.867595 -1.00278
0.956897 -0.880262
1.05089 -0.765006
1.14506 -0.633931
1.23421 -0.506004
1.31522 -0.376312
1.39274 -0.227269
1.46918 -0.0663627
1.5419 0.0888999
1.61133 0.245545
1.67432 0.391439
1.72761 0.520633
1.77078 0.642071
1.8125 0.745118
1.84405 0.841601
1.8651 0.935511
1.87717 1.02086
1.88654 1.09726
1.89433 1.18296
1.8982 1.24189
1.90132 1.29092
1.90725 1.33515
1.91139 1.37584
