-1.34566 1.48748
-1.34504 1.48899
-1.34397 1.47109
-1.34353 1.44219
-1.34515 1.42238
-1.3473 1.3975
-1.34949 1.35125
-1.35268 1.28133
-1.35612 1.21191
-1.36148 1.12605
-1.36836 1.0313
-1.37424 0.909348
-1.38051 0.788001
-1.3864 0.650769
-1.39307 0.505193
-1.39901 0.351273
-1.40265 0.193934
-1.40487 0.0431802
-1.40273 -0.112902
-1.39653 -0.268331
-1.38554 -0.43135
-1.3742 -0.57587
-1.36016 -0.714459
-1.34289 -0.852595
-1.32417 -0.981533
-1.30548 -1.10459
-1.2842 -1.22694
-1.26092 -1.34175
-1.23656 -1.43555
-1.21012 -1.50884
-1.18013 -1.56152
-1.14595 -1.6034
-1.10581 -1.62929
-1.05984 -1.63029
-1.00826 -1.61225
-0.952318 -1.57098
-0.894043 -1.51573
-0.832732 -1.44777
-0.768522 -1.36171
-0.703472 -1.26142
-0.638976 -1.13877
-0.575836 -1.01003
-0.514318 -0.87225
-0.452491 -0.72225
-0.391509 -0.567475
-0.333523 -0.425317
-0.276393 -0.293263
-0.222959 -0.145224
-0.174511 -0.0129691
-0.126587 0.140951
-0.0817077 0.284064
-0.0392174 0.420743
-0.000721357 0.560639
0.0332908 0.686761
0.0632792 0.810823
0.0854153 0.897836
0.105917 0.965145
0.123643 1.02718
0.137698 1.08232
0.148326 1.1061
0.155696 1.1248
0.16 1.13173
0.161181 1.12816
0.159499 1.09187
0.157736 1.04653
0.155847 0.988319
0.152394 0.902562
0.149081 0.80092
0.146195 0.689727
0.141575 0.57783
0.13525 0.436779
0.128682 0.29824
0.129754 0.154021
0.131057 0.0194034
0.136682 -0.112701
0.146095 -0.254105
0.158601 -0.389728
0.174342 -0.532036
0.195812 -0.676054
0.222579 -0.802327
0.251257 -0.921915
0.280944 -1.02079
0.316042 -1.10776
0.356876 -1.17547
0.401126 -1.23473
0.447459 -1.28168
0.498678 -1.30827
0.547769 -1.32361
0.601966 -1.32828
0.65846 -1.32124
0.711866 -1.30033
0.768077 -1.27595
0.820577 -1.23438
0.869948 -1.17788
0.912442 -1.11107
0.955587 -1.02788
0.999108 -0.924127
1.03702 -0.815246
1.07105 -0.702344
1.10177 -0.578534
1.13091 -0.465331
1.16036 -0.351775
1.19029 -0.239929
1.21679 -0.116571
1.23904 0.00246313
1.2591 0.13688
1.28474 0.26828
1.30664 0.388521
1.32549 0.504037
1.34424 0.630712
1.36215 0.735823
1.37826 0.827059
1.39041 0.905477
1.39925 0.970072
1.40794 1.02084
1.41691 1.07151
1.42258 1.10383
1.42946 1.12842
1.4326 1.15722
1.43482 1.17833
1.43376 1.18999
1.43328 1.20196
1.4313 1.20829
1.43066 1.22166
1.43169 1.22518
1.43178 1.22453
1.43474 1.22096
