-1.73272 1.27843
-1.70334 1.26259
-1.66816 1.26612
-1.6165 1.24929
-1.56192 1.2593
-1.50928 1.2987
-1.44975 1.31558
-1.39383 1.32868
-1.34328 1.36385
-1.29373 1.38337
-1.25444 1.42736
-1.21566 1.4423
-1.18146 1.45082
-1.15902 1.47363
-1.14373 1.47318
-1.13467 1.44579
-1.13347 1.40962
-1.1367 1.34841
-1.1438 1.27275
-1.15001 1.16616
-1.15951 1.04975
-1.17235 0.920102
-1.18406 0.76933
-1.19222 0.589669
-1.19992 0.39402
-1.20618 0.186366
-1.21468 -0.0206397
-1.21893 -0.227795
-1.21985 -0.424989
-1.21511 -0.610726
-1.20004 -0.796862
-1.17483 -0.974879
-1.14785 -1.11833
-1.11396 -1.24305
-1.07167 -1.35726
-1.02387 -1.45006
-0.97788 -1.50699
-0.928083 -1.5429
-0.877261 -1.54534
-0.822752 -1.52706
-0.767299 -1.4779
-0.706319 -1.40687
-0.642536 -1.31034
-0.577086 -1.19947
-0.512347 -1.0871
-0.449249 -0.968952
-0.391619 -0.8391
-0.342 -0.684792
-0.296633 -0.51584
-0.254367 -0.347835
-0.216165 -0.174599
-0.185418 -0.00544799
-0.157124 0.154289
-0.134625 0.310988
-0.110843 0.433568
-0.0912529 0.54763
-0.0732577 0.651283
-0.0605351 0.734364
-0.0470855 0.80574
-0.0416639 0.878511
-0.0361531 0.925531
-0.0325642 0.976734
-0.0322921 1.00622
-0.0327386 1.00433
-0.0385981 1.00717
-0.0444236 0.969462
-0.0525793 0.923688
-0.0602035 0.848526
-0.0688056 0.782231
-0.0750351 0.698004
-0.0781817 0.616068
-0.0784708 0.531492
-0.0755283 0.437055
-0.0681423 0.332456
-0.0565338 0.207884
-0.0439516 0.0599511
-0.0289371 -0.105165
-0.0163294 -0.267094
0.000441214 -0.444265
0.020418 -0.617998
0.0367166 -0.767226
0.0644579 -0.923477
0.0933855 -1.04885
0.124928 -1.16465
0.160119 -1.27035
0.197556 -1.34875
0.234647 -1.41469
0.280741 -1.47641
0.338154 -1.53717
0.393165 -1.57423
0.451364 -1.58434
0.514352 -1.59032
0.579882 -1.59221
0.64418 -1.57249
0.705755 -1.54609
0.763292 -1.50126
0.818017 -1.45778
0.876182 -1.42012
0.922949 -1.34899
0.97025 -1.27194
1.02282 -1.16475
1.06957 -1.04765
1.11343 -0.936676
1.14901 -0.808518
1.18194 -0.699735
1.21287 -0.605596
1.24153 -0.520871
1.26667 -0.436694
1.28625 -0.334287
1.30168 -0.233922
1.31711 -0.142074
1.32917 -0.0399656
1.33916 0.0569128
1.34948 0.154688
1.35883 0.249275
1.36617 0.324188
1.37296 0.396709
1.37843 0.447315
1.38405 0.50873
1.39049 0.565512
1.3943 0.602968
1.39686 0.648095
1.40053 0.692475
1.40227 0.723755
1.40586 0.761958
1.41447 0.780487
1.42507 0.798269
1.4318 0.799963
1.44144 0.786464
1.45108 0.759119
1.46164 0.737153
1.47325 0.719571
1.48607 0.689287
1.50068 0.67031
1.51546 0.640175
