-1.33925 1.45785
-1.34103 1.44171
-1.34424 1.4226
-1.34676 1.38105
-1.34979 1.32239
-1.35459 1.25763
-1.36342 1.16839
-1.38023 1.06744
-1.40011 0.951497
-1.41789 0.793797
-1.44265 0.645083
-1.46408 0.475227
-1.47835 0.278134
-1.49285 0.079373
-1.50585 -0.121339
-1.51177 -0.328109
-1.5117 -0.522275
-1.50022 -0.715791
-1.48408 -0.887476
-1.46484 -1.03026
-1.43405 -1.18011
-1.40071 -1.3113
-1.35863 -1.43664
-1.31808 -1.52384
-1.27386 -1.60186
-1.22752 -1.65601
-1.17642 -1.68837
-1.11787 -1.70569
-1.062 -1.66292
-1.00001 -1.60076
-0.929482 -1.52368
-0.858518 -1.42745
-0.785509 -1.31894
-0.707587 -1.21556
-0.633657 -1.10034
-0.560172 -0.984397
-0.489943 -0.864262
-0.42715 -0.723394
-0.366402 -0.578013
-0.310023 -0.430965
-0.258258 -0.296764
-0.212716 -0.154025
-0.171974 -0.016206
-0.136741 0.115027
-0.102962 0.225648
-0.0716433 0.33501
-0.0463074 0.445428
-0.0233745 0.558122
-0.00422993 0.657401
0.0149514 0.746679
0.0331158 0.833598
0.0501412 0.898524
0.0654817 0.953123
0.0752207 0.989793
0.0830559 1.01565
0.0882035 1.01577
0.0887352 0.991338
0.0895377 0.963652
0.0918583 0.915761
0.0916414 0.852137
0.095363 0.788878
0.0970473 0.714277
0.0969535 0.625406
0.0944709 0.519419
0.0901093 0.402862
0.0849954 0.266506
0.0755723 0.110027
0.0691645 -0.0635687
0.0639414 -0.237327
0.0580892 -0.415516
0.0538794 -0.569475
0.0509178 -0.703148
0.0577418 -0.824786
0.078349 -0.931424
0.1108 -1.04562
0.142245 -1.12315
0.180298 -1.19722
0.227655 -1.2639
0.277686 -1.30589
0.332308 -1.33102
0.390263 -1.34017
0.451332 -1.32468
0.514108 -1.30004
0.572347 -1.24194
0.639073 -1.17251
0.702723 -1.07266
0.767738 -0.9809
0.828711 -0.867718
0.900804 -0.765715
0.970256 -0.665867
1.0345 -0.561792
1.09592 -0.447755
1.1528 -0.309814
1.2047 -0.166547
1.25422 -0.00750595
1.29208 0.13381
1.3194 0.272279
1.33799 0.400504
1.35147 0.516817
1.36513 0.6213
1.37454 0.714683
1.3831 0.794285
1.39595 0.886774
1.40648 0.966742
1.41374 1.05041
1.41978 1.12286
1.42359 1.17758
1.42802 1.22876
1.43305 1.26657
1.43884 1.2993
1.44271 1.31218
1.44722 1.32641
1.45209 1.35032
1.45328 1.35792
1.45119 1.3541
1.44685 1.34288
1.44831 1.33068
1.44565 1.33503
