-1.32874 1.48957
-1.33279 1.50588
-1.3332 1.49598
-1.33121 1.46886
-1.33401 1.44345
-1.3416 1.41381
-1.34931 1.36563
-1.35826 1.30396
-1.36596 1.21876
-1.37479 1.11003
-1.38811 0.992367
-1.4027 0.858351
-1.41777 0.709258
-1.43286 0.548891
-1.445 0.369135
-1.46068 0.190617
-1.47415 0.0101341
-1.48425 -0.159159
-1.48644 -0.332936
-1.48203 -0.504493
-1.46787 -0.676477
-1.44648 -0.838552
-1.41659 -0.995588
-1.38065 -1.14229
-1.3428 -1.26405
-1.29853 -1.3677
-1.24655 -1.45013
-1.18983 -1.50432
-1.12533 -1.54049
-1.05628 -1.55053
-0.981117 -1.54972
-0.903322 -1.52452
-0.822867 -1.48318
-0.743962 -1.4195
-0.666675 -1.34558
-0.591778 -1.25461
-0.521999 -1.1522
-0.452088 -1.04547
-0.392342 -0.913162
-0.336268 -0.773508
-0.284249 -0.620786
-0.236565 -0.467295
-0.192242 -0.316024
-0.151343 -0.161038
-0.111895 -0.00827287
-0.0780482 0.146243
-0.0475259 0.294396
-0.0195887 0.423672
0.00608702 0.542741
0.0265085 0.649126
0.0434698 0.736847
0.0595001 0.815472
0.0719584 0.875263
0.0802093 0.907165
0.0819993 0.930313
0.0841929 0.931893
0.0856912 0.890851
0.0835496 0.845239
0.0825307 0.777377
0.080493 0.686111
0.0778719 0.593606
0.0733009 0.484232
0.0688898 0.350471
0.0630242 0.221452
0.0616538 0.07048
0.0633159 -0.0948413
0.0673435 -0.267978
0.0660849 -0.430353
0.0744836 -0.602037
0.0851518 -0.759031
0.104123 -0.902187
0.13182 -1.03561
0.168532 -1.15297
0.21182 -1.25423
0.256938 -1.33217
0.302364 -1.387
0.349888 -1.42826
0.398179 -1.44474
0.44999 -1.43988
0.503922 -1.42292
0.559229 -1.38354
0.61319 -1.32363
0.666439 -1.24193
0.719636 -1.14131
0.773473 -1.03565
0.826502 -0.920594
0.879188 -0.801439
0.929996 -0.679765
0.980057 -0.566077
1.02687 -0.437527
1.07441 -0.306073
1.12411 -0.172954
1.16677 -0.043165
1.20447 0.0920901
1.23657 0.216412
1.26078 0.332363
1.28258 0.45156
1.30191 0.558714
1.31853 0.654977
1.33768 0.745303
1.35375 0.823971
1.36685 0.889741
1.37634 0.965718
1.38437 1.02918
1.39156 1.09589
1.39848 1.14573
1.40407 1.18771
1.41132 1.19976
1.41434 1.2197
1.41585 1.22705
1.41486 1.23982
1.41204 1.25519
1.40756 1.26301
1.4073 1.26681
1.40739 1.2768
1.40723 1.28479
1.40805 1.27953
