0.69067 1.05399
0.729269 1.12227
0.771752 1.18827
0.817759 1.25193
0.867013 1.32288
0.917499 1.38624
0.96714 1.43365
1.01362 1.46248
1.05092 1.46638
1.07394 1.43596
1.08051 1.38821
1.0715 1.3224
1.04302 1.23067
0.997364 1.11138
0.939473 0.965518
0.865377 0.793557
0.768904 0.59173
0.660374 0.365206
0.531754 0.115658
0.389876 -0.142101
0.231678 -0.394385
0.0614307 -0.634747
-0.113076 -0.859051
-0.284936 -1.05957
-0.44563 -1.22274
-0.591808 -1.34765
-0.725136 -1.4368
-0.849607 -1.48941
-0.965802 -1.51742
-1.10196 -1.48123
-1.20381 -1.41858
-1.27892 -1.31943
-1.33553 -1.19564
-1.37794 -1.05361
-1.41085 -0.888613
-1.43509 -0.713155
-1.45245 -0.523401
-1.46158 -0.323946
-1.46535 -0.120902
-1.46822 0.0858527
-1.46611 0.280959
-1.45479 0.462348
-1.4315 0.625094
-1.39694 0.768253
-1.35367 0.893011
-1.3042 0.993104
-1.24946 1.08003
-1.19179 1.13499
-1.12635 1.17632
-1.05446 1.18486
-0.971179 1.16421
-0.874429 1.11713
-0.765559 1.04739
-0.642858 0.959162
-0.509386 0.832244
-0.363628 0.678105
-0.212325 0.496108
-0.0618478 0.299572
0.0898231 0.0928479
0.229317 -0.121784
0.356095 -0.322882
0.47424 -0.508012
0.575296 -0.662515
0.669955 -0.786757
0.752311 -0.875779
0.8316 -0.940104
0.904134 -0.987611
0.969171 -1.02037
1.02382 -1.03998
1.07149 -1.04841
1.11482 -1.04789
1.15281 -1.04391
1.18287 -1.03241
1.2074 -1.0131
1.22758 -0.99634
1.24562 -0.981407
1.25344 -0.955798
1.2596 -0.93831
1.26595 -0.914222
