0.991312 1.31951
1.08378 1.38185
1.16919 1.42213
1.24003 1.44623
1.28642 1.44827
1.31951 1.42961
1.33895 1.38313
1.33325 1.31276
1.29252 1.21438
1.22498 1.0977
1.12206 0.940968
0.984686 0.747894
0.812025 0.5318
0.611376 0.292465
0.390526 0.0365345
0.155545 -0.223163
-0.0861866 -0.469195
-0.320691 -0.703804
-0.53787 -0.910001
-0.727565 -1.08092
-0.882479 -1.20141
-1.00536 -1.27237
-1.10317 -1.29674
-1.20144 -1.16433
-1.28607 -0.879668
-1.33516 -0.635014
-1.35927 -0.418674
-1.36787 -0.217672
-1.36342 -0.0238596
-1.35196 0.159785
-1.3393 0.335156
-1.32614 0.493048
-1.31524 0.643824
-1.30226 0.782929
-1.29101 0.909873
-1.27829 1.01609
-1.26319 1.10883
-1.24019 1.18341
-1.2097 1.23213
-1.17102 1.26165
-1.12208 1.2695
-1.06042 1.24904
-0.984047 1.20419
-0.897208 1.11836
-0.797923 1.0084
-0.684413 0.875084
-0.561038 0.716454
-0.433984 0.52727
-0.311957 0.323831
-0.189102 0.107762
-0.0684641 -0.118082
0.0498971 -0.332822
0.16761 -0.537222
0.285436 -0.715671
0.396105 -0.867062
0.500766 -0.984404
0.594704 -1.07547
0.675059 -1.14404
0.748151 -1.19252
0.812899 -1.22832
0.865368 -1.25314
0.909528 -1.25966
0.945008 -1.25823
0.976049 -1.24656
1.00056 -1.22674
1.0217 -1.19828
1.03804 -1.16768
1.05096 -1.13045
1.06223 -1.09126
1.07116 -1.0525
1.07649 -1.0187
1.08257 -0.984871
1.08905 -0.951338
