1.13937 1.09181
1.17986 1.15765
1.22614 1.2296
1.27117 1.30023
1.31183 1.35739
1.3436 1.40401
1.37817 1.44165
1.41135 1.47128
1.4384 1.479
1.46016 1.48077
1.46256 1.46862
1.46554 1.43749
1.46094 1.40348
1.45982 1.35742
1.44251 1.29272
1.41545 1.21133
1.37281 1.1119
1.29828 0.986489
1.21045 0.847358
1.10569 0.692417
0.979304 0.51825
0.825106 0.329431
0.661336 0.127847
0.479389 -0.0795126
0.292857 -0.284742
0.107679 -0.479551
-0.0729591 -0.65672
-0.240375 -0.816992
-0.391515 -0.953493
-0.522711 -1.06631
-0.63492 -1.15636
-0.733624 -1.22292
-0.821697 -1.27141
-0.902405 -1.30461
-0.975646 -1.32819
-1.04353 -1.34002
-1.10467 -1.33995
-1.15853 -1.32504
-1.20217 -1.29943
-1.23495 -1.2608
-1.25607 -1.21463
-1.26705 -1.15814
-1.26932 -1.09197
-1.26586 -1.0164
-1.25691 -0.935324
-1.24352 -0.848126
-1.22856 -0.753366
-1.2127 -0.654118
-1.1969 -0.54858
-1.18218 -0.439283
-1.16768 -0.331743
-1.15516 -0.223303
-1.14688 -0.11199
-1.14019 -0.00254974
-1.13436 0.102159
-1.12826 0.205839
-1.12029 0.305173
-1.11064 0.403292
-1.09738 0.494721
-1.08402 0.576616
-1.07296 0.651234
-1.06419 0.721107
-1.05595 0.790679
-1.04666 0.856221
-1.03413 0.921405
-1.01766 0.975253
-0.99613 1.02234
-0.969963 1.0755
-0.940159 1.11085
-0.906377 1.13941
-0.866627 1.15813
-0.821891 1.17432
-0.774148 1.18091
-0.721252 1.17802
-0.663418 1.1662
-0.602323 1.14166
-0.535338 1.10066
-0.463451 1.04893
-0.387791 0.974624
-0.314903 0.879964
-0.237033 0.77091
-0.154668 0.64423
-0.0713331 0.500368
0.00781988 0.345799
0.0930837 0.184011
0.177776 0.0173056
0.258989 -0.147513
0.339034 -0.308529
0.41236 -0.462554
0.482392 -0.600541
0.550517 -0.721746
0.610281 -0.826284
0.667582 -0.915597
0.72107 -0.994204
0.767789 -1.05933
0.809968 -1.11139
0.849053 -1.15426
0.882969 -1.18545
0.913253 -1.20871
0.944043 -1.22042
0.971428 -1.22589
0.997772 -1.22301
1.02226 -1.21376
1.0441 -1.1982
1.06233 -1.17952
1.07902 -1.15666
1.09316 -1.13166
1.10303 -1.10785
1.11338 -1.0782
1.1215 -1.04867
1.12624 -1.02048
