1.35711 1.76342
1.39 1.80823
1.4176 1.83931
1.44004 1.84773
1.45337 1.84211
1.44928 1.81263
1.42625 1.7554
1.3862 1.68664
1.33979 1.59421
1.27418 1.47197
1.18791 1.31535
1.06708 1.14303
0.919818 0.928225
0.730836 0.694131
0.521008 0.432426
0.302739 0.168879
0.0747184 -0.0928742
-0.145713 -0.347186
-0.352677 -0.587716
-0.545769 -0.799702
-0.720066 -0.982283
-0.86848 -1.12826
-0.98843 -1.22293
-1.08282 -1.26543
-1.15351 -1.26729
-1.21018 -1.22528
-1.25054 -1.1569
-1.28304 -1.06136
-1.31129 -0.93857
-1.33042 -0.794845
-1.33731 -0.633248
-1.33852 -0.45148
-1.33457 -0.263277
-1.3269 -0.0711253
-1.31702 0.122653
-1.31205 0.305473
-1.31173 0.471043
-1.30684 0.61728
-1.29034 0.753635
-1.26431 0.868361
-1.22844 0.96488
-1.18869 1.03015
-1.14526 1.07099
-1.09508 1.08743
-1.03458 1.06867
-0.957639 1.02281
-0.85785 0.949615
-0.739597 0.840535
-0.614743 0.691403
-0.496992 0.518082
-0.385173 0.323873
-0.277349 0.115691
-0.179666 -0.0932331
-0.0808524 -0.2867
0.0156158 -0.463013
0.114899 -0.607192
0.21085 -0.718712
0.303627 -0.804559
0.391327 -0.872917
0.470279 -0.920482
0.549439 -0.954912
0.619639 -0.976972
0.680732 -0.993935
0.729012 -1.00052
0.777005 -1.00042
0.819472 -0.992978
0.850626 -0.983121
0.880091 -0.964674
0.906276 -0.944576
0.931903 -0.919094
0.952123 -0.889928
0.966462 -0.855642
0.974768 -0.821188
0.975489 -0.784916
0.972518 -0.747041
0.961727 -0.715147
0.945915 -0.680119
0.926703 -0.644541
