1.36728 1.52636
1.38566 1.54061
1.40206 1.54067
1.42026 1.54406
1.4258 1.53962
1.43074 1.52905
1.43041 1.51402
1.42926 1.49878
1.41989 1.47724
1.40262 1.44865
1.37926 1.41252
1.35675 1.37062
1.3322 1.32554
1.30559 1.27587
1.26671 1.20755
1.22611 1.13497
1.17889 1.05772
1.11832 0.975388
1.048 0.891084
0.967404 0.790717
0.877663 0.679532
0.780079 0.554814
0.677794 0.419072
0.562338 0.276008
0.430873 0.132306
0.297848 -0.0155702
0.166157 -0.160629
0.043527 -0.299497
-0.0693024 -0.426601
-0.173101 -0.540707
-0.273137 -0.643069
-0.367011 -0.741687
-0.460446 -0.835246
-0.55282 -0.928374
-0.644965 -1.01768
-0.735122 -1.10132
-0.821223 -1.17728
-0.89965 -1.24784
-0.973877 -1.3016
-1.03983 -1.34872
-1.09761 -1.38829
-1.14672 -1.42019
-1.1868 -1.44327
-1.2194 -1.45684
-1.24485 -1.46297
-1.26431 -1.46246
-1.28019 -1.45166
-1.29223 -1.4366
-1.3019 -1.4153
-1.30772 -1.38233
-1.30764 -1.33918
-1.29877 -1.29222
-1.28488 -1.23246
-1.26756 -1.1635
-1.24953 -1.08781
-1.23053 -1.00953
-1.20988 -0.931891
-1.19006 -0.849294
-1.17078 -0.760773
-1.15205 -0.668181
-1.13431 -0.573223
-1.11691 -0.473802
-1.09511 -0.378577
-1.07346 -0.279897
-1.04992 -0.179304
-1.02595 -0.0775385
-1.0032 0.0231368
-0.981335 0.120933
-0.962193 0.217762
-0.945237 0.313069
-0.925327 0.405868
-0.908349 0.500126
-0.892788 0.592575
-0.878595 0.680786
-0.865212 0.766715
-0.850987 0.844376
-0.834376 0.912371
-0.817635 0.979172
-0.799413 1.04091
-0.783778 1.09429
-0.775087 1.15339
-0.76844 1.20323
-0.766744 1.24601
-0.765303 1.28451
-0.762818 1.31123
-0.759198 1.33728
-0.756999 1.35571
-0.750493 1.35985
-0.735408 1.35666
-0.726152 1.34537
-0.71247 1.33842
-0.693561 1.31084
-0.668622 1.27059
-0.641229 1.22799
-0.60892 1.18139
-0.566619 1.12234
-0.514597 1.05344
-0.45297 0.96749
-0.384665 0.874712
-0.311027 0.775292
-0.24429 0.667212
-0.179843 0.558475
-0.115205 0.44768
-0.0539944 0.33341
0.00939506 0.216898
0.0751469 0.097363
0.140971 -0.0142745
0.213384 -0.125562
0.287421 -0.233827
0.360972 -0.336847
0.439593 -0.433327
0.513953 -0.524665
0.58928 -0.608496
0.653648 -0.680295
0.713924 -0.746521
0.773467 -0.80744
0.833345 -0.859659
0.887475 -0.903241
0.93943 -0.935983
0.991984 -0.963091
1.04261 -0.981437
1.08803 -0.989355
1.13242 -0.98991
1.1722 -0.98736
1.2076 -0.981025
1.23997 -0.968212
1.26787 -0.95291
1.28947 -0.932837
1.30707 -0.909164
1.31949 -0.885492
1.33496 -0.86295
1.3449 -0.837015
1.35386 -0.807481
1.36241 -0.778913
1.37166 -0.750901
1.38019 -0.722457
1.3892 -0.697057
1.39735 -0.670752
1.40579 -0.646647
1.41268 -0.623612
