1.04005 0.999535
1.11176 1.08733
1.1876 1.16363
1.26736 1.24391
1.33696 1.29931
1.39473 1.34188
1.43784 1.36325
1.46651 1.36632
1.47794 1.34791
1.46693 1.29771
1.43037 1.22786
1.3637 1.13728
1.28614 1.01833
1.19013 0.874921
1.06973 0.716638
0.927988 0.533604
0.764757 0.331935
0.589708 0.111692
0.40777 -0.115464
0.219313 -0.344216
0.0291249 -0.572334
-0.158881 -0.78824
-0.344637 -0.981686
-0.52154 -1.14973
-0.685477 -1.2897
-0.830551 -1.39476
-0.951354 -1.46588
-1.049 -1.50561
-1.12763 -1.51291
-1.18844 -1.49886
-1.23346 -1.45832
-1.26166 -1.39175
-1.27493 -1.29627
-1.27421 -1.1836
-1.26747 -1.04663
-1.25455 -0.896326
-1.23747 -0.737347
-1.21753 -0.572968
-1.19632 -0.402555
-1.17043 -0.224389
-1.14572 -0.0455888
-1.12456 0.140514
-1.10679 0.322075
-1.09137 0.500405
-1.07654 0.668998
-1.06558 0.822515
-1.05855 0.959115
-1.05378 1.07585
-1.0515 1.18433
-1.04596 1.26241
-1.03506 1.31933
-1.01259 1.35188
-0.979595 1.36949
-0.936426 1.35225
-0.879146 1.3116
-0.802878 1.24099
-0.715799 1.14145
-0.621936 1.01269
-0.51554 0.864305
-0.399013 0.69383
-0.280092 0.504844
-0.167067 0.316655
-0.0489857 0.122881
0.0672357 -0.0605211
0.185263 -0.226189
0.295547 -0.377906
0.401491 -0.516552
0.50064 -0.639407
0.590323 -0.747002
0.677314 -0.837373
0.750848 -0.899353
0.821515 -0.945521
0.885167 -0.974076
0.941749 -0.988109
0.989136 -0.992793
1.02907 -0.993918
1.06121 -0.994082
1.08266 -0.992425
1.10342 -0.989193
1.12475 -0.991791
1.14446 -0.990768
1.16318 -0.986022
1.17865 -0.983322
