1.32117 1.42868
1.33122 1.47677
1.33812 1.51971
1.35095 1.56099
1.36648 1.59077
1.38203 1.61941
1.40047 1.65174
1.42022 1.67037
1.43111 1.66781
1.4342 1.66213
1.42239 1.63096
1.41105 1.5982
1.39391 1.5638
1.35613 1.49354
1.31226 1.41673
1.2653 1.33261
1.19829 1.22719
1.12359 1.11596
1.03941 0.987681
0.938549 0.837725
0.81973 0.676564
0.691999 0.500302
0.545433 0.324496
0.394543 0.139953
0.24791 -0.0321109
0.103003 -0.197964
-0.0411668 -0.349287
-0.177189 -0.49117
-0.30602 -0.620859
-0.425076 -0.738905
-0.533335 -0.843067
-0.635352 -0.928614
-0.725873 -1.00432
-0.807652 -1.06938
-0.882215 -1.12535
-0.949351 -1.17094
-1.00974 -1.20664
-1.06257 -1.23519
-1.10887 -1.25703
-1.14858 -1.27012
-1.18136 -1.27715
-1.20787 -1.27816
-1.22872 -1.27308
-1.24453 -1.26
-1.25478 -1.24366
-1.26071 -1.22212
-1.26154 -1.1939
-1.25701 -1.16114
-1.24575 -1.12347
-1.23353 -1.07403
-1.22003 -1.018
-1.20298 -0.959612
-1.185 -0.89661
-1.16716 -0.831063
-1.15014 -0.762286
-1.1341 -0.688534
-1.11256 -0.61725
-1.09334 -0.545663
-1.07594 -0.473829
-1.06146 -0.40076
-1.04917 -0.326798
-1.03806 -0.254185
-1.02844 -0.179635
-1.02063 -0.10687
-1.01319 -0.0330226
-1.00071 0.0340822
-0.989849 0.107018
-0.980278 0.178074
-0.969738 0.247458
-0.960218 0.312226
-0.952834 0.379939
-0.945434 0.440434
-0.936059 0.505031
-0.926633 0.568945
-0.914646 0.636107
-0.90171 0.702414
-0.892405 0.761048
-0.881771 0.818941
-0.864013 0.879569
-0.84866 0.930491
-0.834577 0.978203
-0.822247 1.02039
-0.80922 1.06155
-0.798737 1.09543
-0.790075 1.12413
-0.779804 1.1488
-0.768322 1.17576
-0.757082 1.20178
-0.74659 1.22307
-0.735626 1.24212
-0.722138 1.2508
-0.707691 1.2481
-0.691131 1.23599
-0.670556 1.21988
-0.648705 1.2006
-0.623116 1.18054
-0.595922 1.1534
-0.567852 1.11486
-0.543077 1.07439
-0.511909 1.03471
-0.478882 0.988516
-0.439287 0.942666
-0.39742 0.883177
-0.353245 0.812901
-0.308063 0.735102
-0.2613 0.657038
-0.213813 0.573903
-0.161369 0.494414
-0.108209 0.411715
-0.0533051 0.328599
-0.00153107 0.256879
0.052676 0.181967
0.106001 0.110285
0.156503 0.0322778
0.212578 -0.0423675
0.271268 -0.120831
0.328147 -0.199597
0.383549 -0.276294
0.438621 -0.349553
0.49546 -0.420988
0.544346 -0.489404
0.59576 -0.557705
0.654191 -0.626785
0.707005 -0.694669
0.764261 -0.757006
0.818242 -0.816228
0.877151 -0.872716
0.931694 -0.932109
0.982593 -0.986602
1.03481 -1.03684
1.08344 -1.08332
1.12437 -1.11855
1.16998 -1.1546
1.21072 -1.18497
1.2515 -1.20917
1.28988 -1.22558
1.32448 -1.23755
1.35358 -1.24816
1.37951 -1.25153
1.39593 -1.24545
1.41074 -1.23874
1.42465 -1.2271
1.43711 -1.2131
1.45934 -1.19361
1.47266 -1.17578
1.48329 -1.15453
1.48926 -1.13409
1.49373 -1.11321
1.49315 -1.09375
1.49146 -1.07511
1.48826 -1.05525
1.48539 -1.03517
