-1.03042 1.30783
-1.03953 1.29817
-1.05151 1.28955
-1.07205 1.27034
-1.0873 1.24522
-1.10039 1.22217
-1.11548 1.19033
-1.13024 1.15474
-1.14548 1.11239
-1.15827 1.05962
-1.16426 1.00578
-1.16502 0.944663
-1.16225 0.876288
-1.15287 0.798572
-1.14205 0.714979
-1.12784 0.623777
-1.11982 0.528832
-1.10881 0.433467
-1.08965 0.33847
-1.05739 0.246061
-1.009 0.164182
-0.944236 0.0912418
-0.874426 0.0288139
-0.794618 -0.0250081
-0.704469 -0.0721833
-0.608769 -0.107849
-0.505332 -0.136763
-0.393067 -0.156353
-0.278583 -0.167356
-0.163024 -0.167356
-0.0495146 -0.155881
0.0701853 -0.134296
0.174496 -0.103161
0.274899 -0.0619682
0.371267 -0.0145131
0.453252 0.041338
0.524218 0.106442
0.587107 0.178053
0.650638 0.252813
0.708539 0.327975
0.765847 0.407597
0.820581 0.482969
0.880114 0.553758
0.933953 0.629445
0.979082 0.698799
1.01563 0.759023
1.04924 0.821924
1.07816 0.885121
1.09531 0.934308
1.10495 0.980906
1.10391 1.02455
1.10044 1.06891
1.08536 1.10102
1.05784 1.1246
1.03351 1.1408
1.00841 1.15035
0.984171 1.14853
0.962289 1.13686
0.946789 1.11377
0.931655 1.07893
0.924321 1.03698
0.925438 0.995022
0.929907 0.944383
0.937247 0.884526
0.951746 0.820787
0.970942 0.749735
1.00458 0.667961
1.04904 0.572824
1.09726 0.468188
1.14662 0.355489
1.19027 0.238924
1.21342 0.120803
1.22489 -0.00237385
1.22245 -0.126565
1.20627 -0.251858
1.16456 -0.373181
1.11835 -0.492474
1.07574 -0.611698
1.02116 -0.728403
0.947208 -0.841312
0.868209 -0.950495
0.788962 -1.0512
0.710075 -1.1445
0.629175 -1.22935
0.541121 -1.30684
0.447825 -1.37721
0.348994 -1.4368
0.252123 -1.48833
0.148601 -1.53316
0.0358174 -1.5732
-0.0936845 -1.60769
-0.234476 -1.63897
-0.388714 -1.66323
-0.553876 -1.68144
-0.727568 -1.69216
-0.903248 -1.7004
-1.08383 -1.698
-1.25619 -1.68985
-1.41306 -1.67208
-1.54729 -1.64649
-1.6546 -1.61152
-1.72941 -1.56748
-1.7642 -1.51714
-1.75568 -1.46118
-1.70336 -1.40654
-1.61717 -1.34922
-1.50426 -1.29041
-1.3679 -1.23446
