-1.36009 1.15996
-1.37395 1.10634
-1.38781 1.04982
-1.39538 0.986176
-1.40184 0.905769
-1.41058 0.812065
-1.41456 0.706844
-1.40725 0.591255
-1.388 0.476489
-1.35496 0.356171
-1.30494 0.246005
-1.23699 0.158982
-1.14637 0.0856241
-1.03179 0.0383169
-0.896253 0.0100323
-0.749268 -1.04955e-05
-0.593708 0.0112036
-0.434648 0.039922
-0.280174 0.0821753
-0.135586 0.139677
-8.30691e-05 0.212037
0.120483 0.29483
0.231159 0.393349
0.329221 0.497486
0.415696 0.604182
0.488351 0.711681
0.556125 0.823496
0.615865 0.929065
0.675682 1.03331
0.737612 1.12617
0.79614 1.22525
0.835182 1.31269
0.867098 1.3793
0.890163 1.43986
0.902663 1.48194
0.907282 1.50675
0.903581 1.52896
0.889308 1.52007
0.875035 1.49949
0.864335 1.46556
0.865522 1.41984
0.87307 1.36099
0.900716 1.27616
0.930973 1.18003
0.957509 1.06624
0.990854 0.939736
1.01273 0.802608
1.03579 0.658192
1.04904 0.51024
1.06956 0.358839
1.09531 0.201973
1.12532 0.0485982
1.14734 -0.103084
1.14505 -0.253856
1.11512 -0.397904
1.06115 -0.541149
0.992979 -0.68088
0.905961 -0.812672
0.801774 -0.93299
0.68949 -1.04812
0.566589 -1.15276
0.429861 -1.24013
0.288488 -1.31997
0.140339 -1.38882
-0.0205198 -1.44426
-0.186681 -1.49146
-0.356351 -1.53076
-0.533044 -1.56057
-0.71324 -1.57779
-0.889589 -1.58601
-1.05462 -1.58774
-1.20493 -1.5782
-1.33262 -1.55699
-1.42972 -1.53061
-1.5005 -1.48877
-1.54202 -1.43242
-1.54864 -1.36585
-1.51958 -1.28763
-1.45532 -1.20169
-1.34515 -1.11717
-1.19018 -1.02962
-0.995641 -0.940452
-0.774016 -0.848787
-0.524617 -0.760983
-0.25582 -0.672095
0.0230909 -0.580235
0.308638 -0.486163
0.611373 -0.399856
0.89967 -0.316086
1.17009 -0.239887
1.42652 -0.16705
1.66136 -0.0946468
1.88476 -0.0256055
