-1.28177 0.995577
-1.27721 1.02293
-1.26869 1.04827
-1.26217 1.06317
-1.25763 1.09232
-1.2561 1.11188
-1.25492 1.132
-1.25529 1.15573
-1.25219 1.16308
-1.24615 1.16272
-1.24034 1.15186
-1.23361 1.13764
-1.22588 1.11252
-1.21896 1.07691
-1.214 1.03143
-1.2117 0.982524
-1.2106 0.917667
-1.22401 0.838065
-1.2381 0.755965
-1.24801 0.663996
-1.25079 0.573879
-1.25056 0.48193
-1.23939 0.387846
-1.22382 0.287316
-1.20531 0.193554
-1.18222 0.0985839
-1.15088 0.0135234
-1.11498 -0.0634601
-1.06841 -0.130091
-1.00745 -0.189873
-0.932944 -0.240852
-0.843884 -0.280613
-0.744136 -0.305247
-0.638651 -0.321079
-0.530859 -0.321562
-0.420811 -0.307805
-0.312835 -0.283393
-0.210448 -0.249493
-0.114954 -0.205664
-0.0216 -0.158592
0.0755299 -0.109747
0.165909 -0.0471449
0.244749 0.0125364
0.318326 0.0735068
0.383539 0.142433
0.445588 0.2113
0.506979 0.288646
0.564766 0.37
0.619081 0.446863
0.670449 0.51877
0.717069 0.581936
0.758637 0.646895
0.796309 0.706677
0.833827 0.763236
0.869165 0.820239
0.904234 0.870131
0.930408 0.905541
0.949933 0.954748
0.96459 0.989876
0.969933 1.02192
0.973166 1.04482
0.974184 1.06597
0.968457 1.07816
0.96733 1.08742
0.960317 1.07574
0.953343 1.05661
0.947628 1.03788
0.942221 1.00162
0.944264 0.957226
0.945231 0.913296
0.951415 0.863162
0.963789 0.806623
0.984098 0.737656
1.01177 0.659725
1.04207 0.568219
1.07773 0.47337
1.11288 0.373082
1.14257 0.261575
1.17545 0.152686
1.1959 0.0397888
1.22182 -0.0718796
1.25295 -0.184192
1.28363 -0.30287
1.31026 -0.421488
1.32128 -0.537507
1.32828 -0.649175
1.32809 -0.755889
1.31619 -0.864636
1.28457 -0.970141
1.2437 -1.07796
1.18394 -1.17954
1.11347 -1.27534
1.033 -1.36295
0.945408 -1.44497
0.847757 -1.51918
0.735021 -1.58788
0.60646 -1.64358
0.45882 -1.68785
0.307079 -1.72563
0.153186 -1.75603
-0.000375333 -1.78185
-0.158788 -1.79865
-0.318058 -1.80675
-0.475702 -1.8063
-0.632055 -1.79631
-0.775587 -1.78509
-0.908889 -1.76795
-1.03057 -1.74125
-1.13409 -1.70835
-1.21374 -1.67383
-1.27089 -1.63723
-1.30586 -1.60021
-1.31737 -1.56706
-1.31349 -1.52862
