-1.19988 1.12924
-1.1965 1.14581
-1.19219 1.16021
-1.18867 1.17843
-1.18475 1.18639
-1.1816 1.19202
-1.18253 1.19815
-1.18303 1.18755
-1.18507 1.17235
-1.1891 1.16488
-1.19741 1.14585
-1.20448 1.12144
-1.20976 1.08388
-1.21214 1.03671
-1.20719 0.981642
-1.19683 0.914937
-1.18627 0.84226
-1.16926 0.766943
-1.14624 0.688785
-1.12936 0.607569
-1.10575 0.521106
-1.07996 0.431622
-1.05259 0.343658
-1.02189 0.260561
-0.98485 0.184646
-0.943191 0.112061
-0.894727 0.0426409
-0.841978 -0.0308676
-0.776962 -0.0918201
-0.709156 -0.145916
-0.629543 -0.191779
-0.537353 -0.226064
-0.43951 -0.24962
-0.332953 -0.261398
-0.230239 -0.257635
-0.129492 -0.242636
-0.0367849 -0.209727
0.0637778 -0.16987
0.156785 -0.119592
0.246108 -0.0646095
0.324527 -0.00993495
0.400226 0.056608
0.464758 0.124074
0.523001 0.192643
0.577141 0.259132
0.626832 0.324336
0.670908 0.390409
0.711009 0.456011
0.743259 0.523151
0.766183 0.58537
0.796092 0.651551
0.820503 0.721767
0.831595 0.778793
0.841143 0.836616
0.848382 0.892593
0.84456 0.937172
0.835418 0.976414
0.822053 1.01318
0.80767 1.03852
0.79489 1.05799
0.7826 1.08205
0.773553 1.10525
0.761965 1.11639
0.75093 1.12142
0.743428 1.12325
0.733917 1.11292
0.734433 1.09852
0.736505 1.08347
0.746965 1.05958
0.764743 1.02832
0.788047 0.988554
0.812969 0.939886
0.835687 0.879711
0.850433 0.824946
0.870905 0.754477
0.892163 0.6765
0.914765 0.592408
0.939265 0.507411
0.96114 0.421726
0.98942 0.327755
1.03002 0.236987
1.07031 0.136214
1.09584 0.0341376
1.13004 -0.0668167
1.15732 -0.18286
1.18663 -0.292933
1.21496 -0.403512
1.24512 -0.511721
1.25926 -0.61519
1.27085 -0.720324
1.2808 -0.821079
1.28565 -0.917474
1.28389 -1.00794
1.26324 -1.09038
1.23667 -1.17397
1.20145 -1.2545
1.15735 -1.3307
1.09947 -1.40363
1.02359 -1.471
0.924255 -1.52986
0.808224 -1.58435
0.676207 -1.62947
0.529296 -1.66609
0.370364 -1.69573
0.202048 -1.71894
0.025533 -1.73276
-0.155953 -1.73761
-0.344304 -1.7328
-0.539577 -1.72165
-0.739807 -1.70369
-0.930492 -1.68247
-1.10859 -1.65451
-1.26717 -1.62271
-1.40158 -1.58518
-1.50879 -1.5452
-1.58837 -1.50695
-1.64825 -1.46339
-1.68866 -1.4198
-1.71363 -1.37416
-1.72251 -1.32833
-1.71666 -1.2804
-1.69762 -1.23277
-1.6679 -1.18526
