-1.50419 1.06829
-1.51599 1.05487
-1.52857 1.04121
-1.54598 1.03073
-1.56025 1.0074
-1.57542 0.988162
-1.59169 0.962673
-1.60631 0.929112
-1.62043 0.898723
-1.63719 0.860114
-1.65152 0.816774
-1.66607 0.766715
-1.6786 0.708603
-1.68731 0.648971
-1.69801 0.582018
-1.70266 0.509886
-1.70044 0.440418
-1.69043 0.37553
-1.67367 0.31892
-1.64291 0.256416
-1.59516 0.197667
-1.53321 0.14055
-1.46112 0.0883318
-1.38303 0.0397364
-1.29895 -0.0111301
-1.21141 -0.0591248
-1.12199 -0.09582
-1.03114 -0.129794
-0.938031 -0.157911
-0.839051 -0.178858
-0.737496 -0.192504
-0.627585 -0.198191
-0.510167 -0.195995
-0.388693 -0.192842
-0.266721 -0.179815
-0.144941 -0.162397
-0.0358024 -0.139047
0.0579972 -0.11001
0.140488 -0.067834
0.212169 -0.0125003
0.273751 0.0434153
0.334447 0.106614
0.386299 0.163637
0.435207 0.218858
0.482977 0.2701
0.531601 0.3235
0.577139 0.376375
0.612404 0.425984
0.650495 0.478296
0.689887 0.527454
0.724059 0.58474
0.752886 0.631834
0.774158 0.674892
0.799841 0.718645
0.818318 0.758681
0.828869 0.791641
0.840805 0.8417
0.848083 0.883595
0.848892 0.919108
0.85104 0.949102
0.854773 0.98255
0.862187 1.01307
0.87321 1.04736
0.882798 1.08079
0.882662 1.09491
0.884169 1.10375
0.887204 1.12252
0.897289 1.14679
0.902931 1.17032
0.908041 1.18605
0.90819 1.18763
0.906767 1.18791
0.907485 1.1871
0.906256 1.17901
0.903571 1.1682
0.902827 1.16345
0.896487 1.15749
0.893511 1.15366
0.884389 1.14322
0.873786 1.12927
0.866055 1.11426
0.860951 1.0963
0.864341 1.08312
0.872201 1.05812
0.875688 1.0281
0.885916 1.00048
0.899657 0.967196
0.9153 0.928718
0.928569 0.885378
0.942523 0.848364
0.928879 0.801589
0.921517 0.753538
0.912635 0.697116
0.907265 0.640712
0.907822 0.582131
0.909206 0.520397
0.913133 0.461572
0.919156 0.399725
0.919518 0.332547
0.918121 0.267209
0.916736 0.203035
0.915475 0.135388
0.912835 0.0693554
0.908184 -0.000994315
0.889856 -0.0723764
0.873139 -0.147456
0.857574 -0.221747
0.839718 -0.300469
0.822141 -0.37842
0.802118 -0.454476
0.780886 -0.531132
0.759789 -0.606869
0.727927 -0.677406
0.700665 -0.75609
0.674406 -0.833797
0.655244 -0.910548
0.631268 -0.984144
0.610838 -1.05335
0.592433 -1.12216
0.57448 -1.18937
0.542515 -1.24949
0.513565 -1.30793
0.477168 -1.36302
0.440706 -1.42
0.40321 -1.47477
0.364064 -1.52688
0.319671 -1.57436
0.27401 -1.61686
0.224209 -1.65853
0.169355 -1.69322
0.108465 -1.72366
0.0309034 -1.74733
-0.0450471 -1.76938
-0.127765 -1.78682
-0.221499 -1.79598
-0.3212 -1.80116
-0.42618 -1.80257
-0.539133 -1.7973
-0.654067 -1.78714
-0.767996 -1.77297
-0.871322 -1.75767
-0.975587 -1.73637
-1.07945 -1.70804
-1.17893 -1.67568
-1.27025 -1.63683
-1.35103 -1.59383
-1.42829 -1.5436
-1.49379 -1.49551
-1.55762 -1.4465
-1.61616 -1.39783
-1.66986 -1.35029
-1.71684 -1.3046
-1.75817 -1.25867
