-1.10888 1.31191
-1.11574 1.29802
-1.11353 1.27544
-1.10082 1.2566
-1.07648 1.25716
-1.0382 1.25227
-0.984126 1.25132
-0.914039 1.23692
-0.832789 1.23569
-0.736729 1.23548
-0.619679 1.22081
-0.490019 1.21234
-0.342758 1.2085
-0.185079 1.20292
-0.0214572 1.19857
0.134944 1.17871
0.282948 1.18399
0.416367 1.17137
0.545084 1.16523
0.667909 1.14698
0.784685 1.14119
0.88567 1.1276
0.957308 1.10565
1.03561 1.08352
1.09522 1.06378
1.13548 1.04815
1.1466 1.02105
1.13385 0.995611
1.10022 0.965701
1.04012 0.918466
0.960615 0.874333
0.865424 0.829781
0.755133 0.777835
0.63522 0.719238
0.506973 0.648147
0.371045 0.5696
0.228454 0.490816
0.082077 0.392916
-0.0661914 0.299161
-0.215672 0.196699
-0.369632 0.0839195
-0.522356 -0.0321108
-0.672908 -0.15822
-0.81071 -0.285135
-0.932625 -0.405161
-1.03659 -0.50488
-1.11802 -0.594668
-1.18258 -0.676823
-1.23508 -0.75525
-1.28093 -0.82482
-1.32073 -0.890216
-1.35497 -0.951675
-1.38057 -1.00625
-1.39266 -1.06311
-1.39136 -1.1113
-1.37463 -1.15353
-1.34201 -1.18761
-1.29188 -1.21675
-1.22498 -1.23968
-1.14083 -1.25396
-1.03755 -1.25826
-0.91685 -1.25605
-0.779227 -1.25041
-0.627578 -1.248
-0.465158 -1.23717
-0.293063 -1.21621
-0.115469 -1.18913
0.0622306 -1.15743
0.239644 -1.11867
0.411294 -1.07632
0.576859 -1.03738
0.727906 -1.00869
0.872643 -0.973772
1.00075 -0.941417
1.11523 -0.91434
1.21658 -0.894659
1.30507 -0.879063
1.38241 -0.858696
1.45118 -0.835675
1.50912 -0.814562
1.56032 -0.789364
1.60761 -0.76342
1.64789 -0.739773
1.68146 -0.717169
1.70811 -0.694178
1.72989 -0.672439
