-1.24249 1.25656
-1.24605 1.25076
-1.24443 1.24512
-1.23627 1.23293
-1.22033 1.22476
-1.1962 1.21975
-1.16188 1.21817
-1.11501 1.20689
-1.05938 1.20536
-0.990158 1.20545
-0.908873 1.20125
-0.81559 1.18957
-0.71156 1.19271
-0.592265 1.22055
-0.457931 1.23119
-0.313308 1.23985
-0.166331 1.22564
-0.0169404 1.24137
0.127866 1.2464
0.272007 1.25543
0.406303 1.26171
0.530126 1.2661
0.64355 1.26839
0.747079 1.25747
0.843208 1.24485
0.932965 1.24933
1.009 1.23442
1.07577 1.2203
1.13184 1.19716
1.17464 1.1806
1.20463 1.14273
1.22379 1.11398
1.22978 1.09779
1.22074 1.05544
1.19944 1.01324
1.16356 0.966313
1.11757 0.928138
1.05546 0.890359
0.988621 0.844958
0.906571 0.80163
0.808762 0.745679
0.7078 0.674086
0.594383 0.609871
0.479328 0.537394
0.354968 0.462172
0.23682 0.391341
0.112509 0.305326
-0.0151068 0.208608
-0.146985 0.103261
-0.28158 -0.0125139
-0.413849 -0.104658
-0.540142 -0.206834
-0.658839 -0.294069
-0.769649 -0.383896
-0.873314 -0.461587
-0.971788 -0.537266
-1.06254 -0.611482
-1.14469 -0.683746
-1.21735 -0.75418
-1.28116 -0.817846
-1.33406 -0.881359
-1.37901 -0.942677
-1.41497 -0.998201
-1.44213 -1.04619
-1.4598 -1.08876
-1.46555 -1.12471
-1.45804 -1.1574
-1.44291 -1.17346
-1.41233 -1.19298
-1.37267 -1.20636
-1.32524 -1.21316
-1.26674 -1.21719
-1.1955 -1.21374
-1.11364 -1.20539
-1.01546 -1.20103
-0.906115 -1.18746
-0.784964 -1.17514
-0.653941 -1.16279
-0.516413 -1.15346
-0.375303 -1.1366
-0.232624 -1.1245
-0.0888325 -1.10641
0.0532779 -1.09065
0.194002 -1.07534
0.330458 -1.06235
0.458313 -1.04412
0.577628 -1.03546
0.687598 -1.01671
0.788707 -0.997957
0.877828 -0.972192
0.962967 -0.941548
1.03879 -0.915997
1.10295 -0.894318
1.15808 -0.872974
1.20159 -0.850654
1.237 -0.823792
1.2648 -0.793727
1.2859 -0.76037
1.30708 -0.73863
1.32105 -0.722774
1.33132 -0.698229
1.33833 -0.673287
1.34251 -0.648711
1.34521 -0.622916
1.34594 -0.598371
1.3415 -0.586083
1.33632 -0.568154
