-0.85142 1.22374
-0.865379 1.21262
-0.881676 1.21685
-0.901163 1.21095
-0.92249 1.20928
-0.943987 1.20163
-0.968602 1.19795
-0.995227 1.19136
-1.02114 1.18058
-1.04778 1.17353
-1.0715 1.16387
-1.09349 1.15646
-1.11249 1.14622
-1.1315 1.14164
-1.14814 1.14525
-1.16174 1.13067
-1.17647 1.1287
-1.18808 1.11688
-1.19508 1.09835
-1.19726 1.08417
-1.19665 1.08675
-1.18665 1.06622
-1.16562 1.05686
-1.13376 1.04362
-1.08931 1.03372
-1.03406 1.03779
-0.965399 1.03855
-0.87919 1.03642
-0.777197 1.05644
-0.655462 1.07387
-0.517278 1.08739
-0.367431 1.10832
-0.210703 1.12356
-0.0510022 1.13766
0.10894 1.15689
0.261023 1.16661
0.400768 1.18577
0.525282 1.19482
0.635033 1.20974
0.729759 1.21068
0.804875 1.21451
0.865037 1.19895
0.899664 1.18437
0.911007 1.15734
0.897669 1.10455
0.865059 1.04505
0.818212 0.977796
0.757684 0.894995
0.6862 0.818663
0.602518 0.718487
0.507915 0.59796
0.403966 0.466681
0.290987 0.326319
0.172991 0.162721
0.0517647 -0.000209104
-0.0781821 -0.168728
-0.208917 -0.319842
-0.337863 -0.468891
-0.464028 -0.611804
-0.586307 -0.749493
-0.70702 -0.870445
-0.825212 -0.981981
-0.934319 -1.0954
-1.03538 -1.19275
-1.12702 -1.2747
-1.20796 -1.34909
-1.27861 -1.41582
-1.33696 -1.47858
-1.38369 -1.52769
-1.41477 -1.57128
-1.42931 -1.60223
-1.4271 -1.62589
-1.40814 -1.64236
-1.37276 -1.64752
-1.31792 -1.65521
-1.24477 -1.65782
-1.15424 -1.65269
-1.04438 -1.64634
-0.918672 -1.64898
-0.779207 -1.6351
-0.628487 -1.62814
-0.474965 -1.61125
-0.318398 -1.58386
-0.159358 -1.5564
-0.0029785 -1.52159
0.151342 -1.49841
0.30307 -1.48101
0.451176 -1.4551
0.592787 -1.43359
0.724912 -1.41266
0.850706 -1.38402
0.969579 -1.35838
1.07901 -1.34201
1.1814 -1.3213
1.26815 -1.29071
1.34455 -1.26699
1.41606 -1.2563
1.47202 -1.24524
1.50758 -1.21529
1.53547 -1.1885
1.54641 -1.14588
1.53775 -1.09826
1.52312 -1.03602
1.49453 -0.969375
1.44948 -0.889217
1.38667 -0.805291
1.31331 -0.71119
1.22104 -0.624076
1.10604 -0.549627
0.97016 -0.480585
0.815953 -0.410389
0.648304 -0.340862
0.473323 -0.287675
0.294062 -0.234793
0.10967 -0.194759
-0.0758942 -0.167331
-0.257188 -0.144975
-0.435473 -0.135316
-0.608441 -0.118519
-0.772041 -0.115846
-0.926254 -0.107736
-1.06197 -0.118033
-1.17437 -0.135103
-1.26008 -0.140358
-1.31033 -0.14944
-1.32356 -0.152903
-1.30018 -0.14698
-1.24125 -0.136409
-1.15073 -0.126598
-1.0307 -0.109923
-0.878666 -0.105549
-0.698469 -0.0850153
-0.494225 -0.0590753
-0.280398 -0.0188896
-0.0570582 0.0108777
0.17346 0.0617857
0.393899 0.114
0.593389 0.161415
0.782787 0.232431
0.95059 0.302566
1.0927 0.36532
1.20488 0.429016
1.28995 0.490191
1.34507 0.53144
1.37755 0.558352
1.39068 0.583897
1.39062 0.602152
1.37825 0.606526
1.35997 0.611264
1.33591 0.605979
1.30704 0.608227
1.27243 0.590276
1.24184 0.58335
1.20962 0.573023
1.17607 0.568193
1.14612 0.551244
1.12345 0.555253
1.10229 0.564609
1.08668 0.568588
1.07775 0.560964
1.07538 0.572051
1.07588 0.575088
1.07921 0.573478
1.08105 0.571261
