-0.790446 1.3309
-0.7786 1.33762
-0.7571 1.35457
-0.720013 1.34969
-0.668761 1.35848
-0.59902 1.35669
-0.511577 1.3553
-0.405754 1.36609
-0.286696 1.36776
-0.158554 1.36486
-0.0265943 1.3512
0.101912 1.34855
0.224735 1.34827
0.346351 1.33637
0.471557 1.33525
0.593738 1.31986
0.709492 1.31498
0.818972 1.30447
0.92011 1.29466
1.01516 1.29187
1.09016 1.274
1.1473 1.25404
1.18239 1.24091
1.19528 1.20196
1.18722 1.16527
1.15713 1.11654
1.10381 1.05811
1.03577 1.00065
0.956988 0.948766
0.866076 0.889439
0.761677 0.822753
0.642929 0.738307
0.51498 0.65849
0.375309 0.562781
0.218033 0.442707
0.0601999 0.318952
-0.105023 0.191657
-0.271575 0.0596218
-0.435414 -0.0598395
-0.59443 -0.180974
-0.74747 -0.289702
-0.891701 -0.391376
-1.02666 -0.491016
-1.15121 -0.589568
-1.26426 -0.687785
-1.36395 -0.785613
-1.45159 -0.873822
-1.52526 -0.947896
-1.58607 -0.999082
-1.62903 -1.04857
-1.65934 -1.08545
-1.67725 -1.11609
-1.68171 -1.14138
-1.6679 -1.16613
-1.63769 -1.18144
-1.59252 -1.18885
-1.52842 -1.1927
-1.44516 -1.18445
-1.34328 -1.17241
-1.21987 -1.15919
-1.08601 -1.1331
-0.937842 -1.10644
-0.778467 -1.08233
-0.615298 -1.05032
-0.449054 -1.02208
-0.285624 -0.997521
-0.128683 -0.976584
0.0223594 -0.953305
0.167764 -0.930165
0.314004 -0.906189
0.449763 -0.88489
0.56549 -0.861388
0.673896 -0.82916
0.771215 -0.795649
0.869191 -0.77067
0.945605 -0.741592
1.01825 -0.722718
1.08174 -0.689876
1.13945 -0.66275
1.18508 -0.643904
1.2225 -0.631191
1.25191 -0.614798
1.27495 -0.594251
1.29217 -0.578082
1.30499 -0.562414
1.31066 -0.539135
1.31077 -0.520595
1.30918 -0.503924
1.30266 -0.494054
