-0.60937 1.38228
-0.600202 1.38528
-0.583078 1.3863
-0.557687 1.39238
-0.521105 1.38977
-0.471753 1.39058
-0.411655 1.3965
-0.336727 1.40041
-0.248027 1.40254
-0.15504 1.40058
-0.0605154 1.40511
0.0312571 1.40252
0.120585 1.40618
0.209442 1.41132
0.299431 1.42255
0.387602 1.42503
0.477829 1.41883
0.565847 1.40873
0.6521 1.39669
0.73649 1.39416
0.815616 1.39389
0.888965 1.37798
0.956011 1.36734
1.01322 1.36126
1.06055 1.35346
1.10245 1.33761
1.13416 1.3189
1.15778 1.3044
1.17326 1.28445
1.17994 1.26475
1.17608 1.23272
1.16244 1.1939
1.14139 1.15993
1.11176 1.12947
1.07251 1.09593
1.02496 1.066
0.969675 1.03201
0.908761 0.999346
0.838136 0.956673
0.763097 0.907827
0.680569 0.852363
0.594485 0.795485
0.504477 0.74004
0.409831 0.680376
0.309932 0.61597
0.21045 0.552474
0.108691 0.488456
0.00712759 0.42796
-0.0945477 0.373385
-0.194604 0.307064
-0.291766 0.242465
-0.386274 0.175969
-0.476967 0.102855
-0.569418 0.0316179
-0.660172 -0.0371033
-0.749334 -0.103134
-0.835258 -0.169088
-0.919209 -0.228849
-1.00004 -0.284352
-1.07547 -0.336256
-1.1448 -0.387096
-1.21086 -0.434703
-1.27298 -0.482891
-1.33135 -0.532782
-1.38785 -0.581435
-1.44108 -0.627997
-1.48978 -0.670728
-1.53242 -0.709239
-1.57106 -0.740745
-1.60448 -0.771516
-1.633 -0.7989
-1.65546 -0.823072
-1.67173 -0.844553
-1.67995 -0.864544
-1.67884 -0.884768
-1.66881 -0.903966
-1.65239 -0.917377
-1.62687 -0.928505
-1.59276 -0.933594
-1.54751 -0.938239
-1.49175 -0.939923
-1.42593 -0.940484
-1.35 -0.941935
-1.268 -0.942497
-1.1803 -0.941181
-1.08734 -0.941181
-0.990315 -0.943426
-0.889942 -0.944219
-0.787413 -0.94091
-0.6808 -0.940503
-0.571914 -0.940329
-0.458808 -0.948031
-0.345307 -0.955173
-0.230593 -0.964713
-0.120219 -0.975241
-0.00926457 -0.98515
0.0972407 -0.996742
0.200124 -1.00746
0.293415 -1.01482
0.3879 -1.02505
0.471153 -1.02821
0.551011 -1.029
0.627702 -1.03005
0.700348 -1.03038
0.768324 -1.02442
0.832537 -1.02329
0.893377 -1.01973
0.949738 -1.01399
1.00095 -1.00274
1.04821 -0.992813
1.09162 -0.97975
1.12844 -0.966126
1.16167 -0.954244
1.19907 -0.94269
1.23239 -0.927711
1.26192 -0.913313
1.28878 -0.897831
1.31271 -0.882194
1.33294 -0.867563
1.35117 -0.850649
1.36232 -0.831819
1.37707 -0.816472
1.392 -0.798861
1.40429 -0.783728
1.41477 -0.770084
