-1.8351 1.1623
-1.83294 1.15768
-1.83276 1.16353
-1.82798 1.16518
-1.81253 1.15684
-1.7952 1.1538
-1.77075 1.14792
-1.74544 1.1491
-1.71449 1.1465
-1.67976 1.14614
-1.64346 1.15111
-1.60111 1.15474
-1.54977 1.1523
-1.49803 1.15887
-1.44379 1.16748
-1.38406 1.16882
-1.32141 1.16832
-1.2572 1.17118
-1.18737 1.1662
-1.11495 1.16348
-1.04324 1.16852
-0.966876 1.17451
-0.88808 1.17467
-0.806083 1.17239
-0.723334 1.17116
-0.639891 1.1675
-0.554871 1.16979
-0.471322 1.17055
-0.386593 1.17248
-0.303556 1.1758
-0.220465 1.17751
-0.13653 1.17467
-0.0524397 1.16834
0.0316016 1.16666
0.115312 1.15753
0.198783 1.15314
0.278247 1.15644
0.358236 1.1583
0.436961 1.15697
0.51463 1.15405
0.590547 1.15602
0.665559 1.15679
0.737663 1.15323
0.810292 1.1491
0.880156 1.14874
0.949003 1.15146
1.01369 1.14903
1.0768 1.14601
1.13716 1.15029
1.20082 1.16006
1.25321 1.15892
1.30307 1.15027
1.34932 1.14638
1.39371 1.14436
1.43359 1.13916
1.4651 1.12815
1.49497 1.1292
1.51531 1.12169
1.52941 1.11283
1.53861 1.10466
1.54075 1.09462
1.53423 1.07343
1.52626 1.06073
1.51146 1.04876
1.49202 1.02964
1.46327 0.996326
1.42689 0.964499
1.38637 0.929136
1.34173 0.894934
1.28898 0.852924
1.23252 0.810243
1.17217 0.762631
1.1089 0.715149
1.04283 0.665589
0.972682 0.61217
0.901157 0.560402
0.827393 0.503989
0.752206 0.444529
0.674346 0.383044
0.598207 0.319544
0.522405 0.253967
0.447476 0.192701
0.376878 0.129847
0.3097 0.0673548
0.245216 0.00548193
0.179521 -0.0538614
0.115346 -0.113347
0.0526314 -0.174394
-0.00902141 -0.234305
-0.0674355 -0.294939
-0.121842 -0.355108
-0.173834 -0.413212
-0.223131 -0.469316
-0.270974 -0.522296
-0.31795 -0.571857
-0.364213 -0.618681
-0.408178 -0.664911
-0.451283 -0.706999
-0.49329 -0.746415
-0.533007 -0.784501
-0.570305 -0.819981
-0.606143 -0.853408
-0.642338 -0.88197
-0.678951 -0.908247
-0.715311 -0.932963
-0.749983 -0.956775
-0.782681 -0.978174
-0.813346 -0.996797
-0.840908 -1.01435
-0.866593 -1.02951
-0.891486 -1.03954
-0.913655 -1.0506
-0.934432 -1.05934
-0.953927 -1.06693
-0.971563 -1.07273
-0.987106 -1.07758
-1.00104 -1.08133
-1.01468 -1.0838
-1.02653 -1.08647
-1.03823 -1.08799
-1.04828 -1.08885
-1.05795 -1.08795
-1.06501 -1.08697
-1.06981 -1.08526
-1.0721 -1.08309
-1.07103 -1.08104
-1.06588 -1.07871
-1.05541 -1.07693
-1.03893 -1.07415
-1.01588 -1.07088
-0.985787 -1.06818
-0.949036 -1.06714
-0.906732 -1.06563
-0.86097 -1.06423
-0.811388 -1.06132
-0.756694 -1.0583
-0.695974 -1.05508
-0.62947 -1.05126
-0.555165 -1.04867
-0.474777 -1.04691
-0.391055 -1.04419
-0.305272 -1.04149
-0.21948 -1.03904
-0.134567 -1.03588
-0.0501885 -1.03291
0.0325459 -1.02881
0.114327 -1.02545
0.194799 -1.02147
0.274312 -1.01745
0.352409 -1.0142
0.428298 -1.01161
0.501022 -1.01007
0.569068 -1.00726
0.632031 -1.00529
0.689636 -1.00372
0.743093 -1.00204
0.792546 -0.999366
0.838563 -0.997869
0.881832 -0.995468
0.922656 -0.992796
0.959082 -0.990202
0.991639 -0.987492
1.01933 -0.984382
1.04262 -0.982329
1.06221 -0.979813
1.07742 -0.977967
1.08918 -0.975554
1.09785 -0.971243
1.10487 -0.966222
1.10966 -0.960324
1.11338 -0.954194
1.11635 -0.948141
1.11815 -0.941313
1.11892 -0.933724
1.11866 -0.925464
1.11662 -0.918275
1.11369 -0.910661
1.10957 -0.903601
