330.7579 402.141
331.0565 404.673
331.2615 406.934
331.643 409.107
332.1043 410.675
332.5663 412.183
333.1145 413.885
333.7014 414.866
334.0248 414.731
334.1168 414.432
333.7656 412.791
333.4287 411.066
332.9193 409.255
331.7969 405.556
330.4931 401.512
329.0977 397.083
327.1066 391.533
324.8867 385.677
322.3851 378.923
319.3881 371.028
315.8573 362.543
312.0617 353.263
307.7064 344.007
303.2226 334.291
298.8653 325.232
294.5593 316.5
290.2752 308.533
286.2332 301.063
282.4049 294.235
278.8671 288.02
275.6501 282.536
272.6186 278.032
269.9287 274.046
267.4986 270.621
265.2829 267.674
263.2879 265.274
261.4933 263.394
259.92352 261.891
258.5476 260.741
257.36765 260.052
256.39367 259.682
255.60584 259.629
254.98621 259.896
254.51661 260.585
254.21185 261.445
254.03561 262.579
254.01116 264.065
254.1455 265.79
254.48036 267.773
254.84335 270.376
255.2445 273.326
255.7513 276.4
256.28541 279.717
256.81555 283.168
257.32136 286.789
257.79789 290.672
258.43797 294.425
259.00919 298.194
259.52619 301.976
259.95643 305.823
260.3216 309.717
260.652 313.54
260.9378 317.465
261.1698 321.296
261.3908 325.184
261.7618 328.717
262.0845 332.557
262.3689 336.298
262.6821 339.951
262.965 343.361
263.1844 346.926
263.4043 350.111
263.6829 353.512
263.963 356.877
264.3192 360.413
264.7036 363.904
264.9801 366.991
265.2961 370.039
265.8238 373.231
266.28 375.912
266.6985 378.424
267.0649 380.645
267.452 382.812
267.7635 384.596
268.0209 386.107
268.3261 387.406
268.6673 388.825
269.0013 390.195
269.3131 391.316
269.6389 392.319
270.0397 392.776
270.469 392.634
270.9611 391.996
271.5725 391.148
272.2218 390.133
272.9822 389.077
273.7903 387.648
274.6244 385.619
275.3606 383.488
276.2868 381.399
277.2682 378.967
278.4448 376.553
279.6889 373.421
281.0016 369.721
282.3442 365.625
283.7338 361.515
285.1449 357.138
286.7033 352.953
288.283 348.599
289.9145 344.223
291.453 340.447
293.0638 336.503
294.6484 332.729
296.1491 328.622
297.8154 324.692
299.5594 320.561
301.2496 316.414
302.8959 312.376
304.5324 308.519
306.2214 304.758
307.6741 301.156
309.2019 297.56
310.9382 293.923
312.5076 290.349
314.209 287.067
315.8131 283.949
317.5636 280.975
319.1844 277.848
320.6969 274.979
322.2485 272.334
323.6935 269.887
324.91 268.032
326.2652 266.134
327.4758 264.535
328.6877 263.261
329.8282 262.397
330.8564 261.767
331.7211 261.208
332.4914 261.031
332.9796 261.351
333.4197 261.704
333.8328 262.317
334.2031 263.054
334.8637 264.08
335.2595 265.019
335.5755 266.138
335.7528 267.214
335.8858 268.313
335.8683 269.338
335.8182 270.319
335.7232 271.365
335.6379 272.422