252.15612 379.447
251.98414 378.895
251.75798 378.402
251.37001 377.304
251.08202 375.868
250.834882 374.55
250.549866 372.73
250.271196 370.695
249.9833916 368.274
249.74196 365.257
249.628752 362.179
249.614471 358.685
249.666696 354.776
249.843919 350.333
250.0482517 345.554
250.316503 340.34
250.468047 334.912
250.675853 329.46
251.03773 324.029
251.64689 318.746
252.56059 314.065
253.78368 309.895
255.10196 306.326
256.60905 303.249
258.31141 300.552
260.1186 298.513
262.0719 296.86
264.1919 295.74
266.3538 295.111
268.536 295.111
270.6795 295.767
272.9399 297.001
274.9097 298.781
276.8057 301.136
278.6255 303.849
280.1737 307.042
281.5138 310.764
282.7014 314.858
283.9011 319.132
284.9945 323.429
286.0767 327.981
287.1103 332.29
288.2345 336.337
289.2512 340.664
290.1034 344.629
290.7935 348.072
291.4283 351.668
291.9744 355.281
292.2982 358.093
292.4802 360.757
292.4606 363.252
292.3951 365.788
292.1103 367.624
291.5907 368.972
291.1312 369.898
290.6573 370.444
290.1995 370.34
289.7863 369.673
289.4936 368.353
289.2078 366.361
289.0693 363.963
289.0904 361.564
289.1748 358.669
289.3134 355.247
289.5872 351.603
289.9497 347.541
290.585 342.866
291.4245 337.427
292.3351 331.445
293.2672 325.002
294.0914 318.338
294.5287 311.585
294.7453 304.543
294.6991 297.443
294.3936 290.28
293.606 283.344
292.7333 276.524
291.9286 269.708
290.898 263.036
289.5015 256.581
288.0097 250.339
286.5132 244.582
285.0235 239.248
283.4958 234.397
281.833 229.967
280.0712 225.944
278.2049 222.537
276.3756 219.591
274.4207 217.028
272.2909 214.739
269.8454 212.767
267.1867 210.979
264.2741 209.592
261.1552 208.551
257.87522 207.938
254.55768 207.467
251.14762 207.604
247.89283 208.07
244.93047 209.086
242.39566 210.549
240.36925 212.548
238.9566 215.066
238.2996 217.944
238.4605 221.143
239.4485 224.267
241.07615 227.544
243.20822 230.906
245.7833 234.105