245.30304 375.659
245.08576 373.187
244.86864 370.581
244.74995 367.647
244.64878 363.94
244.51182 359.62
244.44943 354.769
244.56393 349.44
244.8656 344.149
245.38351 338.602
246.16749 333.523
247.23234 329.511
248.65267 326.129
250.448404 323.948
252.57266 322.644
254.87631 322.181
257.31437 322.698
259.80727 324.022
262.2283 325.97
264.4944 328.621
266.6181 331.957
268.5077 335.774
270.2423 340.316
271.7792 345.117
273.1345 350.036
274.2732 354.992
275.3354 360.147
276.2717 365.014
277.2092 369.82
278.1798 374.101
279.0971 378.669
279.709 382.7
280.2092 385.771
280.5707 388.563
280.7666 390.503
280.839 391.647
280.781 392.671
280.5573 392.261
280.3336 391.312
280.1659 389.748
280.1845 387.64
280.3028 384.927
280.7361 381.016
281.2103 376.584
281.6262 371.338
282.1488 365.506
282.4916 359.184
282.8531 352.526
283.0607 345.705
283.3824 338.725
283.7859 331.493
284.2563 324.422
284.6013 317.429
284.5655 310.478
284.0964 303.837
283.2505 297.233
282.1821 290.791
280.8183 284.715
279.1854 279.168
277.4256 273.86
275.4994 269.036
273.3565 265.008
271.1408 261.327
268.8189 258.153
266.2978 255.597
263.6936 253.421
261.0344 251.609
258.26514 250.235
255.44097 249.441
252.6771 249.062
250.0906746 248.982
247.73492 249.422
245.73364 250.4
244.2117 251.616
243.10252 253.545
242.45176 256.143
242.34789 259.212
242.80336 262.818
243.81053 266.78
245.53724 270.677
247.96604 274.713
251.01497 278.824
254.48844 283.05
258.39721 287.098
262.61 291.196
266.9813 295.431
271.4566 299.768
276.2013 303.747
280.7197 307.609
284.9579 311.122
288.9769 314.48
292.6575 317.818
296.1587 321.001