249.735064 407.465
249.799102 408.381
249.880989 409.177
249.9477084 410.184
250.022017 410.624
250.0817793 410.935
250.0641855 411.274
250.0546116 410.688
250.0160305 409.848
249.9395625 409.435
249.781931 408.383
249.647818 407.034
249.547758 404.958
249.502614 402.351
249.596425 399.307
249.792894 395.62
249.99315003 391.603
250.315932 387.44
250.752522 383.12
251.07257 378.631
251.52044 373.852
252.00965 368.906
252.52883 364.044
253.11111 359.451
253.81359 355.255
254.60375 351.243
255.52298 347.406
256.52349 343.343
257.75666 339.974
259.04276 336.984
260.5528 334.449
262.3014 332.554
264.1572 331.252
266.1783 330.601
268.1265 330.809
270.0374 331.638
271.7958 333.457
273.7032 335.66
275.4673 338.439
277.1615 341.478
278.6489 344.5
280.0847 348.178
281.3087 351.907
282.4134 355.697
283.4403 359.372
284.3828 362.976
285.2188 366.628
285.9794 370.254
286.5911 373.965
287.0259 377.404
287.5932 381.062
288.0562 384.943
288.2666 388.095
288.4477 391.291
288.585 394.385
288.5125 396.849
288.3391 399.018
288.0856 401.05
287.8128 402.451
287.5704 403.527
287.3373 404.857
287.1657 406.139
286.9459 406.755
286.7366 407.033
286.5943 407.134
286.4139 406.563
286.4237 405.767
286.463 404.935
286.6614 403.615
286.9986 401.887
287.4406 399.689
287.9133 396.999
288.3442 393.673
288.6239 390.646
289.0122 386.751
289.4154 382.441
289.8441 377.793
290.3088 373.095
290.7237 368.359
291.2601 363.165
292.0301 358.148
292.7944 352.578
293.2786 346.936
293.9273 341.356
294.4447 334.942
295.0007 328.858
295.538 322.746
296.1101 316.765
296.3783 311.046
296.5981 305.235
296.7867 299.666
296.8787 294.338
296.8454 289.338
296.4537 284.781
295.9497 280.161
295.2818 275.71
294.4452 271.498
293.3475 267.467
291.9082 263.743
290.0241 260.49
287.8233 257.478
285.3193 254.984
282.5328 252.96
279.5183 251.322
276.3258 250.039
272.9778 249.275
269.5355 249.007
265.963 249.273
262.2592 249.889
258.4614 250.882
254.84461 252.055
251.46657 253.6
248.45872 255.358
245.90929 257.432
243.87581 259.642
242.36643 261.756
241.23076 264.164
240.46415 266.573
239.9907 269.096
239.8222 271.629
239.9331 274.278
240.29439 276.911
240.85806 279.537