236.7622 389.283
236.6091 388.817
236.6583 388.06
236.942 387.428
237.4853 387.447
238.3394 387.283
239.5462 387.251
241.1103 386.768
242.92348 386.727
245.06718 386.72
247.67932 386.228
250.572846 385.944
253.85916 385.815
257.37796 385.628
261.0294 385.482
264.5197 384.816
267.8226 384.993
270.8 384.57
273.6725 384.364
276.4135 383.752
279.0195 383.558
281.2731 383.102
282.8718 382.366
284.6192 381.624
285.9495 380.962
286.8479 380.438
287.096 379.529
286.8116 378.676
286.061 377.673
284.7199 376.089
282.9456 374.609
280.8213 373.115
278.36 371.373
275.684 369.408
272.822 367.024
269.7886 364.39
266.6065 361.748
263.3399 358.465
260.0311 355.321
256.69525 351.885
253.25944 348.103
249.851203 344.212
246.49143 339.983
243.41621 335.727
240.69551 331.702
238.3753 328.358
236.5583 325.347
235.1175 322.592
233.9458 319.962
232.9227 317.629
232.0344 315.436
231.2704 313.375
230.699 311.545
230.4293 309.638
230.4582 308.022
230.8315 306.606
231.5595 305.463
232.6783 304.486
234.1712 303.717
236.0491 303.238
238.3539 303.094
241.04755 303.168
244.1188 303.357
247.50303 303.438
251.12764 303.801
254.96817 304.504
258.9314 305.412
262.897 306.475
266.8562 307.775
270.6868 309.195
274.3816 310.501
277.7524 311.463
280.9824 312.634
283.8412 313.719
286.396 314.627
288.6579 315.287
290.6325 315.81
292.3586 316.493
293.8932 317.265
295.1861 317.973
296.3289 318.818
297.3841 319.688
298.2831 320.481
299.0321 321.239
299.627 322.01
300.113 322.739