299.1097 362.488
299.0426 362.561
298.9489 362.452
298.8453 362.226
298.7585 362.248
298.6408 362.142
298.57 362.094
298.504 362.074
298.3782 361.859
298.2828 361.587
298.2156 361.451
298.2255 361.573
298.1838 361.551
298.1404 361.52
298.095 361.329
298.0588 361.168
297.9796 361.074
297.9041 361.005
297.8686 360.929
297.8156 360.945
297.7613 361.032
297.7169 361.09
297.6052 360.918
297.5316 360.764
297.5333 360.707
297.5497 360.709
297.5577 360.675
297.6055 360.735
297.6469 360.867
297.6322 360.903
297.5804 360.778
297.5805 360.706
297.5628 360.654
297.5601 360.714
297.5865 360.9
297.5859 361.014
297.6481 361.252
297.6592 361.344
297.693 361.615
297.7258 361.724
297.8232 361.851
297.8902 361.802
297.9869 362.007
298.035 362.073
298.1123 362.289
298.1888 362.354
298.2257 362.14
298.2444 362.104
298.291 362.155
298.3748 362.312
298.4401 362.265
298.5371 362.093
298.7209 362.159
298.8932 362.066
299.0964 362.181
299.3227 362.137
299.4992 362.062
299.7391 362.226
299.9243 362.148
300.1144 361.833
300.3641 361.45
300.6988 361.2
301.1034 361.024
301.5175 360.677
301.9254 360.165
302.3682 359.699
302.7971 359.103
303.2697 358.608
303.7656 358.002
304.2617 357.316
304.821 356.77
305.409 356.069
306.0796 355.436
306.7974 354.472
307.6448 353.689
308.561 352.801
309.5248 351.937
310.564 351.134
311.6163 350.378
312.6617 349.555
313.6879 348.687
314.7679 347.824
315.9286 347.017
317.1225 346.145
318.4425 345.488
319.755 344.538
321.1833 343.893
322.7086 343.428
324.302 343.095
325.8999 342.768
327.5002 342.444
329.1555 342.19
330.8213 341.903
332.4522 341.446
334.0927 341.144
335.7655 340.901
337.3049 340.451
338.9003 340.449
340.4293 340.445
341.9715 340.582
343.5309 340.816
345.0942 341.315
346.5378 341.779
347.9263 342.479
349.4187 343.677
350.958 345.25
352.413 346.806
353.738 348.228
354.922 349.533
355.781 350.281
356.414 350.74
356.999 351.503
357.745 352.943
358.441 354.54
359.04 356.046
359.427 357.163
359.648 358.024
359.72 358.608
359.565 358.905
359.177 358.914
359.04 359.809
358.671 360.368
358.314 361.101
357.81 361.727
357.299 362.334
356.738 362.775
356.093 363.073
355.482 363.455
354.919 364.052
354.372 364.787
353.716 365.207
353.017 365.384
352.473 365.832
351.863 366.012
351.341 366.279
350.746 366.367
350.073 366.088
349.4622 365.973
348.7242 365.481
348.1449 365.334
347.4929 364.854
346.8339 364.129
346.2588 363.574
345.5564 362.514
344.9638 361.731
344.2671 360.663
343.4695 359.302
342.727 358.01
342.013 356.758
341.2117 355.074
340.5611 353.655
340.0476 352.492
339.3768 350.976
338.7513 349.596
338.1133 348.162
337.5216 346.858
336.7979 345.211
336.0363 343.562
335.2648 341.974
334.416 340.274
333.4636 338.369
332.5253 336.504
331.6014 334.787
330.5889 332.932
329.5836 331.242
328.6032 329.641
327.5244 328.08
326.1722 326.044
324.8064 324.111
323.429 322.369
321.9801 320.556
320.5157 318.735
319.0659 316.97
317.5411 315.127
315.975 313.385
314.2955 311.586
312.5103 309.923
310.6282 308.292
308.6964 306.712
306.732 305.091
304.803 303.667
302.8322 302.145
300.8429 300.638
298.8591 299.221
296.8078 297.919
294.6909 296.737
292.501 295.651
290.2908 294.754
288.0078 293.945
285.7249 293.278
283.481 292.692
281.3374 292.265
279.3115 292.002
277.3965 291.935
275.5527 292.072
273.1382 292.687
271.0506 293.287
269.2059 294.022
267.6012 294.852
266.182 295.862
264.8954 296.888
263.7203 298.082
262.6261 299.425
261.6178 300.757
260.6331 302.04
259.80013 303.43
259.12658 304.821
258.555 306.181
258.05528 307.515
257.66269 308.889
257.36449 310.174
257.18969 311.465
257.15412 313.008
257.25763 314.582
257.44796 315.889
257.72612 317.075
258.06718 318.27
258.48028 319.028
259.01047 319.897
259.61494 320.577
260.2655 320.986
260.949 321.459
261.6348 321.807
262.3657 322.157
263.1444 322.384
263.9965 322.555
264.8747 322.551
265.8033 322.396
266.8103 322.45
267.8407 322.419
268.866 322.319
269.8993 322.341
270.9733 322.073
272.042 321.683
273.1199 321.212
274.179 320.599
275.226 319.895
276.2583 319.188
277.267 318.421
278.2541 317.613
279.248 316.628
280.3587 315.73
281.4666 314.586
282.6612 313.552
283.847 312.394
285.0389 311.149
286.2801 310.026
287.5327 308.81
288.7814 307.501
290.0507 306.288
291.3104 304.929
292.5646 303.531
293.8902 302.164
295.1886 300.749
296.3931 299.216
297.7578 297.831
299.1236 296.448
300.4929 294.944
301.8792 293.433
303.2568 291.875
304.6572 290.382
306.018 288.81
307.3553 287.159
308.7506 285.697
310.0952 284.072
311.468 282.566
312.912 281.351
314.4084 280.394
315.9108 279.303
317.3826 278.013
318.9487 276.832
320.5003 275.569
322.139 274.548
323.7353 273.37
325.3995 272.396
327.0824 271.497
328.7618 270.622
330.4757 269.841
332.2343 269.158
334.0042 268.537
335.739 267.86
337.4857 267.333
339.1641 266.754
340.8916 266.397
342.5954 266.127
344.2122 265.81
345.8394 265.609
347.4512 265.536
349.0306 265.587
350.469 265.672
351.766 265.865
352.862 266.055
353.861 266.336
354.733 266.528
355.576 266.788
356.368 267.148
357.153 267.639
357.877 268.153
358.561 268.684
359.242 269.308
359.775 269.759
360.216 270.313
360.514 270.854
360.664 271.375
360.739 271.929
360.711 272.393
360.559 272.698
360.366 272.943
360.072 273.068
359.833 273.315
359.598 273.479
359.351 273.677
359.099 273.845
358.806 273.898
358.566 274.015
358.338 274.12
358.098 274.188
357.949 274.385
357.768 274.483
357.609 274.571
357.385 274.504
357.238 274.503
357.174 274.584
357.055 274.468
356.986 274.358
356.949 274.262
356.898 274.083
356.912 274.003
356.932 273.897
356.964 273.815
356.974 273.623
357.031 273.49
357.112 273.415
357.248 273.382
357.397 273.392
357.492 273.383
357.599 273.444
357.668 273.501