317.5455 404.397
318.2323 404.249
319.228 404.614
320.2688 404.722
321.536 405.265
322.7678 405.722
323.9756 406.613
325.0415 408.03
325.7873 409.735
326.3018 411.758
326.6492 414.625
326.3915 416.819
325.7141 419.358
324.8177 422.463
322.9758 425.306
321.6544 428.549
319.979 432.004
317.9743 435.368
315.6061 438.088
313.0221 440.662
310.3255 443.434
307.368 444.778
304.5 445.886
301.6133 446.84
298.6933 446.879
295.9965 446.444
293.5919 445.873
291.4068 443.789
289.4622 441.177
287.6443 437.332
286.0153 432.396
284.5524 426.415
283.4457 420.238
282.8744 414.121
282.6551 406.914
282.5172 399.45
282.8122 391.923
283.3108 384.193
283.796 376.276
284.4646 368.333
285.0222 360.36
285.3781 352.193
285.4348 344.31
285.2271 336.548
285.0641 329.13
284.742 322.525
284.2652 316.828
284.0225 311.917
283.5247 307.484
282.9028 303.938
282.4532 300.682
282.0962 297.765
281.7238 295.81
280.95 294.975
280.445 294.188
279.8575 294.632
279.5203 294.792
278.9915 295.578
278.2482 297.425
277.6461 299.644
276.7738 302.393
275.9692 305.449
275.0109 308.998
274.1372 313.183
273.1356 317.623
271.9542 322.669
270.9808 327.902
269.8214 333.193
268.7968 338.97
267.5708 344.829
266.2412 350.315
264.8081 355.389
263.3639 360.291
261.8027 364.64
260.273 368.579
258.68231 372.174
257.02446 375.04
255.44246 377.984
253.67786 380.612
252.08193 382.711
250.330962 384.647
248.84878 386.302
247.52374 387.297
246.23745 388.05
245.01784 388.912
243.85739 389.625
242.84894 389.748
242.02875 389.909
241.47756 389.797
241.25636 389.573
241.36332 389.573
241.827 389.4
242.76979 389.377
244.26978 389.288
246.27101 389.424
249.020144 389.926
252.38056 390.717
256.44393 391.566
261.027 392.768
266.1185 393.897
271.5549 395.031
277.369 396.216
283.1944 397.452
288.8531 398.059
294.2755 398.799
299.5233 399.122
304.5664 399.812
309.0612 400.612
312.571 401.669
315.3466 402.281
317.5639 403.169
319.7327 403.502
320.6066 403.761
321.2221 404.229
322.1929 404.4
322.2325 405.112
322.5564 405.673
322.5764 405.977
321.8523 406.238
321.6541 406.712