254.29615 389.341
252.74718 389.157
251.08357 388.867
249.439855 388.717
247.69164 388.251
245.94873 387.519
244.16651 386.574
242.37123 385.064
240.55504 383.105
238.7544 380.722
236.8719 378.451
235.073 375.789
233.4437 372.788
232.0381 370.107
230.8024 367.287
229.7526 364.55
228.8045 362.002
228.049 359.344
227.5174 356.62
227.1996 353.704
227.0226 350.987
227.022 348.086
227.187 345.121
227.4801 342.363
228.0056 339.677
228.7889 337.219
229.8671 334.901
231.226 332.964
232.8016 331.617
234.7112 330.599
236.944 329.898
239.4439 329.381
242.12056 329.328
244.85109 329.292
247.53269 329.748
250.0583787 330.88
252.35292 332.564
254.5222 334.53
256.86274 336.839
258.96794 339.356
260.8077 342.309
262.3263 345.757
263.5483 349.05
264.4815 352.395
265.2366 355.467
265.8122 358.786
266.1886 361.932
266.4375 364.686
266.5049 367.283
266.3712 369.821
266.1212 372.258
266.0493 374.326
265.6402 376.566
265.4267 378.881
265.012 380.891
264.6652 382.488
264.6189 384.047
264.2829 385.083
264.2484 385.712
264.284 386.381
264.311 386.713
264.3026 386.566
264.4287 385.889
264.5975 385.469
264.624 384.517
264.8267 383.398
265.2026 381.987
265.7663 379.963
266.4887 377.877
267.3356 375.78
268.2716 373.411
269.3021 370.86
270.3718 368.136
271.4264 365.221
272.3775 362.289
273.1699 358.657
273.8712 355.083
274.461 351.538
274.6642 347.823
274.8312 343.915
274.9558 339.761
274.9643 335.459
274.8903 330.966
274.742 326.287
274.5686 321.915
274.352 317.827
274.0675 313.885
273.6617 310.246
273.1635 306.604
272.2565 303.281
271.341 300.146
270.3809 296.967
269.2978 293.671
268.0174 290.363
266.685 287.06
265.2038 283.878
263.665 281.043
262.059 278.653
260.2939 276.624
258.30577 274.909
256.11211 273.331
253.4952 272.339
250.7915 271.554
248.07386 270.879
245.50294 270.015
242.75225 269.858
240.26055 269.624
237.7826 270.033
235.6339 270.498
233.7965 271.299
232.2963 272.811
231.3083 274.832
230.898 277.378
231.0306 280.32
231.6721 283.468
232.7819 286.699
234.2665 290.066
236.1131 293.677
238.3898 297.41
241.08593 300.99
244.32443 304.499
247.81441 307.742
251.41466 310.665
255.1073 313.323
258.76451 315.625
262.0952 317.536
264.9814 319.271
267.4309 320.816
269.4177 322.189
270.9954 323.467
272.2756 324.899
273.341 326.283
274.2036 327.935
274.8693 329.758
275.3526 331.556
275.5721 332.892
275.6268 334.417
275.6376 335.627