236.7653 376.761
237.8073 376.886
238.8732 377.344
239.7073 377.981
240.55968 378.822
241.49306 379.624
242.48643 380.602
243.43219 381.478
244.39412 382.82
245.50374 384.155
246.5547 385.91
247.58996 387.398
248.63657 388.686
249.740927 390.468
250.925063 392.533
252.25282 394.317
253.70164 395.617
255.15991 397.14
256.54131 398.464
257.86144 399.606
259.13932 400.561
260.5782 401.791
262.0445 402.767
263.5924 403.567
265.2673 404.539
266.9568 405.124
268.4985 405.489
270.0325 405.699
271.5637 405.864
273.0587 406.858
274.3521 407.523
275.3133 407.613
276.0027 407.249
276.4672 406.722
276.7134 406.619
276.6881 406.326
276.2709 405.879
275.5503 405.546
274.3663 404.912
272.9746 404.158
271.5163 403.745
270.0351 403.05
268.4268 402.667
266.6907 402.081
264.8109 401.049
262.9914 400.382
261.1628 399.439
259.35934 398.223
257.65379 396.309
256.05428 393.804
254.59755 390.558
253.28666 387.23
251.99919 383.14
250.962366 378.758
250.165645 374.264
249.627276 370.14
249.461197 366.745
249.662155 363.913
250.274854 361.72
251.37034 360.106
252.8899 358.748
254.62191 357.771
256.3907 357.123
258.0468 356.648
259.65135 356.878
261.2941 357.604
263.0285 358.624
265.0393 360.422
267.1154 362.383
269.225 364.399
271.159 366.514
272.8089 368.591
274.1644 370.832
275.3391 373.414
276.1975 375.783
276.9372 378.976
277.5031 381.977
278.1874 384.741
278.7005 387.58
279.015 390.349
279.1675 392.808
279.2041 394.514
279.171 396.388
278.8642 398.119
278.5855 399.611
278.3138 401.113
277.962 402.209
277.6334 403.078
277.4237 403.608
277.2553 403.466
277.1938 403.347
277.2476 402.609
277.3351 402.057
277.5271 401.303
277.7283 400.249
278.0902 399.012
278.5722 397.131
279.2496 395.069
279.8113 392.712
280.6247 389.602
281.5052 386.286
282.5718 382.739
283.6433 379.478
284.8048 375.909
285.9068 371.701
286.9747 367.263
288.0536 362.505
288.9054 357.369
289.4438 351.888
289.4509 346.234
289.4041 340.359
289.3865 334.313
289.3769 328.117
289.3639 322.036
289.3266 316.043
288.9136 310.558
288.4093 305.318
287.7669 300.046
287.0171 294.629
286.0248 289.338
284.8504 284.447
283.2765 280.191
281.6298 276.242
279.941 272.565
278.0751 269.449
275.9306 266.749
273.4654 264.575
270.7905 262.687
267.7823 261.298
264.6339 260.264
261.2739 259.712
257.8183 259.571
254.37968 259.952
251.03332 260.987
247.89223 262.765
245.16478 265.116
243.00191 268.042
241.47067 271.436
240.71015 275.006
240.50989 278.719
240.79496 282.392
241.45844 286.113
242.43406 289.861
243.64938 293.574
245.02265 297.106
246.57397 300.319
247.97997 303.243
249.289464 306.03
250.47074 308.486
251.46048 310.438