148.989 440.311
148.422 440.873
147.817 441.305
146.85 441.145
145.648 442.026
144.172 442.223
142.431 442.827
140.774 442.318
138.805 441.532
136.459 440.574
134.254 439.894
132.007 439.474
129.991 438.448
128.223 436.857
126.645 435.117
125.266 432.838
123.939 430.532
122.877 427.492
121.838 424.588
121.402 420.638
121.079 416.912
120.921 413.457
120.998 410.423
121.236 407.96
121.918 405.739
123.077 403.687
124.484 402.333
126.409 401.003
128.372 400.794
130.824 400.306
133.236 400.502
135.557 401.228
137.761 402.099
140.067 402.727
142.161 403.645
143.928 405.287
145.456 407.382
146.836 409.889
148 412.451
148.8 415.935
149.886 418.101
150.8876 419.869
151.538 422.319
152.0788 424.414
152.5489 426.134
152.5727 428.489
152.6572 430.617
152.8627 431.983
153.1403 433.394
153.3896 434.027
153.3146 435.189
153.0743 436.289
152.9218 436.421
152.8486 435.996
152.9221 434.936
152.9308 434.3
153.0803 432.944
153.2612 431.519
153.5411 429.724
153.9379 427.781
154.3683 425.349
154.8392 422.917
155.2847 420.37
156.0803 417.274
156.8547 414.174
157.7479 410.55
158.4174 407.011
159.1369 403.046
160.0227 398.359
160.8177 393.606
161.2149 389.142
161.721 383.983
162.1148 378.65
162.5564 372.832
162.7302 367.197
162.6876 361.82
162.4002 356.832
162.1171 351.837
161.6347 347.673
160.9873 344.017
160.3009 340.535
159.2945 337.556
158.0428 334.917
156.4901 332.772
154.7933 330.877
152.7726 329.769
150.49 329.443
148.124 329.752
145.718 330.88
143.491 332.57
141.519 334.944
139.75 338.022
138.354 341.324
137.36 344.605
136.722 348.142
136.466 351.894
136.691 355.312
137.358 358.421
138.158 361.634
139.351 364.214
140.474 367.265
141.782 370.021
143.236 372.461