253.88791 338.407
251.45581 338.015
248.54225 337.391
245.32843 336.732
242.0068 335.989
238.778 334.819
235.7193 333.424
232.8656 331.671
230.1838 329.326
227.7037 326
225.5238 321.78
223.629 316.658
222.0917 311.297
220.9971 305.939
220.4447 301.049
220.4323 297.037
220.9306 293.801
221.7905 291.4
223.0317 289.597
224.6368 288.406
226.6177 287.75
228.9099 287.68
231.4738 288.046
234.1386 289.033
236.7382 290.683
239.1567 292.929
241.505 295.793
243.68402 299.178
245.75717 302.843
247.78066 306.523
249.698366 309.994
251.31242 313.314
252.53918 316.428
253.40107 319.497
254.08369 322.339
254.44185 324.83
254.51923 326.999
254.20961 328.677
253.81313 330.238
253.57075 331.615
253.23763 332.574
252.7684 333.303
252.22972 333.617
251.69249 333.864
251.1748 333.595
250.78059 333.03
250.516053 332.055
250.281823 330.588
250.355776 328.937
250.719366 326.906
251.3609 324.742
252.26454 322.437
253.3288 320.205
254.46473 317.839
255.67138 315.407
256.98073 312.588
258.38404 309.424
259.6624 305.958
260.9914 302.048
262.1481 297.968
263.0879 293.934
263.7669 289.783
264.0465 285.499
264.1028 281.006
263.9947 276.5
263.8214 272.001
263.3802 267.834
262.8893 263.837
262.2881 259.837
261.5286 255.754
260.4416 251.784
259.2782 247.911
258.09681 244.346
256.93484 241.325
255.70915 238.875
254.42791 236.798
253.03024 235.081
251.46818 233.577
249.729355 232.298
247.78597 231.276
245.65666 230.397
243.35363 229.741
240.95152 229.388
238.4787 229.357
235.9539 229.652
233.4487 230.246
231.0275 231.13
228.7665 232.242
226.7503 233.67
225.0673 235.349
223.7523 237.146
222.8511 239.182
222.3284 241.452
222.1146 244.006
222.1406 246.724
222.3397 249.468
222.6285 252.211
222.9201 254.81
223.2543 257.223
223.6608 259.435
224.1377 261.374
224.7065 263.217
225.3622 264.916
226.1078 266.495
226.9073 268.015
227.7444 269.441