246.14273 359.943
246.40978 360.43
246.63126 360.429
246.82939 360.079
247.00439 359.17
247.17762 357.309
247.27781 355.199
247.42364 352.736
247.64855 349.956
247.83521 346.278
247.96997 342.181
248.06198 337.664
247.98349 332.791
247.9347 327.532
247.91053 321.99
247.80032 316.331
247.67285 310.561
247.36468 304.93
247.09817 299.427
246.89012 294.137
246.70098 289.041
246.54709 284.079
246.29617 279.411
246.06804 275.012
245.83553 270.809
245.59408 266.954
245.37627 263.461
245.14926 260.411
244.99977 257.563
244.79126 255.07
244.65623 252.695
244.57494 250.432
244.47242 248.301
244.37099 246.373
244.26836 244.749
244.15299 243.536
244.0489 242.72
243.95958 242.312
243.89783 242.306
243.84687 242.694
243.82454 243.408
243.78059 244.481
243.68663 245.901
243.56084 247.626
243.43841 249.615
243.42036 251.746
243.3532 254.218
243.34971 256.877
243.44983 259.698
243.66443 262.655
244.00975 265.764
244.56627 268.793
245.41949 271.773
246.42382 274.822
247.53232 277.973
248.72494 281.231
249.9645679 284.451
251.2834 287.516
252.7206 290.315
254.30441 292.794
256.05681 295.093
257.94476 297.04
260.0332 298.749
262.1951 300.126
264.3602 301.232
266.3967 302.025
268.3564 302.67
270.3107 303.1
272.2802 303.309
274.387 303.127
276.6064 302.72
278.6366 301.89
280.4521 301.018
282.0006 299.708
283.3318 297.975
284.5318 295.837
285.5616 293.278
286.421 290.593
287.0073 287.587
287.3743 284.3
287.4797 280.854
287.636 277.48
287.7779 274.325
288.0092 271.603
288.3493 269.279
288.6658 267.45
288.905 265.849
289.135 264.686
289.4274 263.736
289.7036 263.099
289.9336 262.774
290.1305 262.682
290.2557 262.741
290.3642 263.075
290.429 263.554
290.4766 264.159