237.6908 305.575
237.5343 305.433
237.4444 305.154
237.3952 304.651
237.436 304.202
237.5178 303.669
237.6749 303.064
237.9373 302.627
238.2471 302.086
238.6645 301.504
239.1599 301.063
239.7605 300.776
240.44828 300.565
241.22656 300.373
242.05104 300.469
242.96112 300.702
243.99174 300.729
245.14826 300.939
246.39439 301.159
247.68478 301.612
249.087139 302.232
250.50707 303.189
251.90552 304.306
253.35706 305.309
254.66074 306.657
256.01687 308.529
257.46276 310.628
258.77058 312.755
259.99274 315.047
261.1851 317.116
262.1212 319.997
263.0544 322.884
263.7434 325.681
264.271 328.426
264.79 331.242
265.3589 334.026
265.8305 336.668
266.2441 339.276
266.5181 341.755
266.6773 343.891
266.7382 345.773
266.7303 347.377
266.638 348.433
266.4831 349.678
266.2576 350.368
266.1036 351.379
265.9085 351.775
265.7088 351.828
265.527 351.784
265.3179 351.458
265.0174 350.767
264.7528 349.877
264.5716 348.625
264.4081 347.398
264.2949 346.271
264.1627 344.879
263.7899 343.215
263.6225 341.149
263.505 338.992
263.2798 336.745
262.9852 334.444
262.7344 331.602
262.2962 328.632
261.8969 325.542
261.5459 322.462
261.3542 319.72
261.2979 317.366
261.3283 315.187
261.5641 313.35
261.8798 311.591
262.2794 310.169
262.6559 308.766
263.2175 307.446
263.8917 306.157
264.6697 305.239
265.4576 304.497
266.3543 303.909
267.3844 303.399
268.4752 303.18
269.5866 303.274
270.7019 303.345
271.7853 304.047
272.913 304.821
274.1693 305.786
274.9797 307.271
275.6461 309.368
276.4058 311.517
277.1203 313.874
277.4443 316.776
277.7548 319.62
277.7742 322.85
277.8544 325.851
277.49 328.981
277.3912 331.723
277.2076 334.633
276.8065 337.397
276.5005 340.435
276.1975 342.613
275.8111 344.789
275.4499 347.13
275.0415 349.403
274.5842 351.525
273.918 353.911
273.2196 355.971
272.4758 357.937
271.9641 359.825
271.115 362.01
270.3488 364.19
269.6155 366.385
268.9215 368.674
268.1772 371.241
267.4805 373.619
266.7105 375.803
265.7518 377.883
265.2304 379.844
264.8227 381.329
264.2883 383.236
263.687 384.52
263.3914 385.556
263.5651 385.993
263.8887 385.591
264.3268 384.338
265.1195 383.14
266.1708 381.074
267.5699 378.876
268.8885 377.169
269.8734 376.153
270.4438 375.616
270.646 376.083
270.6256 377.584
270.3768 379.864
269.9393 381.931
269.6295 384.717
269.4021 387.623
269.0104 390.171
268.6512 392.313
268.3497 394.055
268.1918 395.794
267.8927 396.851
268.1174 397.317
268.5248 397.565
268.6795 396.873
269.3405 396.095
270.0557 394.643
270.7806 393.601
271.5912 392.419
272.3351 390.879
273.0433 389.741
273.6724 388.325
274.3692 387.518
274.9602 387.034
275.6375 386.723
276.4895 386.718
277.0349 386.3
277.2852 386.046
277.692 385.779
277.7834 385.723
277.9466 385.803
278.2388 385.841
278.3959 385.842