285.412 318.692
285.3823 319.4
285.3234 320.128
285.4892 320.659
285.6156 321.514
285.6154 322.326
285.7018 323.347
285.8514 324.102
286.0368 324.846
286.2058 325.279
286.3992 325.474
286.637 325.61
286.8563 325.485
287.1403 325.006
287.4489 324.157
287.7515 323.14
288.0373 321.552
288.4797 319.584
288.7755 317.563
289.2165 315.212
289.5323 312.487
289.9632 309.347
290.2516 305.775
290.5625 301.93
290.7407 297.746
290.7925 293.449
290.8185 289.525
290.8811 285.421
290.7945 281.561
290.658 278.219
290.6552 274.899
290.5094 271.972
290.4989 269.589
290.3425 267.536
290.2445 265.836
290.1807 264.346
290.1592 263.428
289.8333 263.06
289.6156 263.481
289.7216 263.292
289.5314 263.982
289.3019 265.098
289.1666 266.478
289.0716 268.086
288.8575 270.047
288.6225 272.258
288.5365 274.837
288.5513 277.515
288.629 280.33
288.5388 283.359
288.293 286.47
288.2908 289.567
288.1676 292.398
288.1347 295.242
288.1237 298.237
288.0374 301.088
288.0445 303.957
288.077 306.708
288.0584 309.502
287.9921 311.922
287.751 314.609
287.6421 317.301
287.5704 319.639
287.1925 322.294
287.0673 325.056
286.8088 327.632
286.5715 329.639
286.2185 331.979
285.8712 334.198
285.5499 336.419
285.0985 338.821
284.8644 340.709
284.6881 342.723
284.47 344.64
284.2789 346.439
284.237 348.755
284.2494 350.669
284.3461 352.712
284.3678 354.524
284.4425 356.358
284.7944 358.526
285.165 359.956
285.4459 360.54
285.9152 360.648
286.6417 360.517
287.4467 359.366
288.3247 357.567
289.3101 355.16
290.4586 352.812
291.5512 350.113
292.4456 348.127
293.093 347.022
293.426 346.643
293.3403 346.581
292.9082 347.067
292.1831 347.498
291.5557 348.832
290.819 349.902
289.8814 351.28
289.0467 352.418
288.2856 353.22
287.5533 354.111
286.823 354.445
286.3136 354.885
285.9685 354.905
285.7524 354.259
285.6529 353.061
285.8176 352.578
286.0762 351.457
286.4469 350.219
286.8779 348.731
287.3585 347.465
287.8971 346.064
288.4808 344.826
289.0095 343.883
289.5236 343.059
290.1308 342.15
290.4373 341.318
290.7721 340.692
291.1143 340.22
291.3553 339.918
291.6036 339.985
291.8566 339.657
292.0307 339.231
292.0937 338.942
292.135 338.672