236.622 346.052
236.8795 347.679
237.0821 349.194
237.2628 350.597
237.524 351.394
237.7623 352.346
238.0589 352.908
238.2808 353.728
238.5985 354.131
238.9327 354.227
239.2548 353.814
239.5823 353.271
239.9312 352.169
240.31677 350.524
240.76967 347.967
241.24626 345.058
241.49463 341.774
241.80562 338.013
242.2645 333.42
242.68946 327.918
243.15859 322.008
243.59796 315.794
244.27705 309.304
244.85757 302.996
245.3953 296.663
246.00858 290.436
246.605 284.154
247.16412 277.975
247.55307 271.953
247.93299 266.1
248.28273 260.433
248.50178 255.049
248.62686 250.029
248.69326 245.486
248.68308 241.342
248.60631 237.66
248.4712 234.352
248.12671 231.765
247.7819 229.54
247.53466 227.745
247.2912 226.403
247.03815 225.506
246.7826 225.1
246.49384 225.307
246.26682 225.921
246.07404 226.974
245.97153 228.275
245.9564 229.804
246.06151 231.563
245.99377 234.053
246.02637 236.818
246.21247 239.754
246.34483 242.988
246.42382 246.567
246.48049 250.339
246.54812 254.297
246.60019 258.459
246.6717 262.64
246.83551 266.753
246.98805 270.876
247.12473 274.971
247.20009 279.029
247.36862 283.286
247.50221 287.71
247.69141 291.942
248.0338 296.068
248.31465 300.196
248.54874 304.307
248.74055 308.411
248.88662 312.162
249.083005 315.93
249.200715 319.546
249.212216 323.083
249.225189 326.608
249.44851 330.192
249.672036 333.927
249.853004 337.638
249.9116135 341.461
249.9397431 345.01
249.9382138 348.302
249.883963 351.637
249.68808 354.938
249.47354 358.048
249.105932 361.012
248.67162 364.068
248.1142 367.226
247.60146 370.148
247.03447 372.627
246.39817 375.314
245.7143 377.363
244.97837 379.718
244.1512 382.08
243.50899 384.434
242.91124 386.263
242.23526 388.215
241.67769 389.519
241.16573 391.508
240.5485 393.074
240.10029 393.826
239.8983 394.142
239.8052 393.637
240.18122 391.946
240.57463 390.368
241.15166 388.221
241.92825 385.624
242.68615 382.979
243.27707 380.707
243.70511 378.548
243.93101 377.399
244.05747 376.798
243.99472 376.987
243.92596 377.467
243.73804 378.757
243.41645 380.184
242.7461 381.834
241.93879 383.099
241.28422 384.367
240.44567 385.431
239.8716 386.319
239.2761 386.67
238.7919 387.018
238.4212 387.119
238.0718 387.129
237.8524 387.157
237.8011 386.82
238.0586 386.373
238.3319 385.74
238.547 385.131
238.9307 384.674
239.6455 383.947
240.23441 383.447
240.83736 382.964
241.68031 382.65
242.23788 382.585