254.4949 257.625
254.58712 256.257
254.73384 254.855
254.93161 253.565
255.19995 252.474
255.54645 251.597
255.98366 250.957
256.49949 250.609
257.11212 250.539
257.8533 250.784
258.74101 251.372
259.80884 252.302
261.0458 253.489
262.4282 254.964
263.8905 256.736
265.3458 258.747
266.7439 260.963
268.1579 263.318
269.4858 265.818
270.741 268.314
271.9525 270.737
273.1803 273.205
274.3806 275.647
275.5596 278.123
276.7228 280.532
277.8513 282.814
278.9665 285.022
280.0288 287.211
281.097 289.536
282.0098 291.884
282.7995 294.118
283.447 296.278
283.9803 298.429
284.4429 300.386
284.967 302.358
285.4729 304.114
285.9833 305.713
286.4686 307.075
286.8666 308.183
287.151 309.094
287.2191 309.612
287.1774 310.038
286.9668 310.106
286.6365 309.902
286.2182 309.357
285.7673 308.501
285.2863 307.289
284.7216 305.637
284.1294 303.648
283.5239 301.361
282.9464 299.027
282.3829 296.633
281.8257 294.158
281.4159 291.789
280.9259 288.913
280.4988 285.951
280.1256 282.822
279.7487 279.344
279.3653 275.675
279.0956 271.71
278.9282 267.421
278.8943 262.919
278.9595 258.472
279.2439 254.336
279.7908 250.721
280.5931 247.622
281.519 245.077
282.5818 242.906
283.711 241.045
284.8343 239.627
285.9076 238.68
286.9333 238.171
287.9384 238.175
288.9243 238.557
289.9037 239.458
290.8621 240.885
291.8916 242.742
292.8188 245.154
293.6293 247.924
294.2288 250.964
294.6437 254.246
294.9823 257.729
295.1594 261.355
295.2604 265.103
295.4469 268.846
295.6135 272.353
295.8446 275.589
296.0988 278.66
296.3392 281.581
296.5841 284.5
296.7477 287.406
296.8905 290.292
297.1155 293.261
297.1519 296.039
297.1106 298.594
297.0735 301.128
297.0837 303.74
297.1456 306.264
297.2128 308.643
297.2185 310.895
297.2567 313.111
297.3187 315.292
297.36 317.422
297.3944 319.359
297.486 321.093
297.6666 322.79
297.9578 324.534
298.1738 325.882
298.4226 326.873
298.6846 327.397
299.0545 327.313
299.434 326.786
299.7335 325.733
299.9894 324.399
300.4211 323.563
300.7214 322.907
300.8484 322.347
300.7162 321.916
300.4961 321.827
300.2565 322.133
300.0208 322.738
299.7624 323.464
299.5148 324.29
299.267 325.08
298.9844 325.908
298.5947 326.608
298.1164 327.162
297.5278 327.48
296.8821 327.689
296.2081 327.635
295.575 327.51
295.0633 327.289
294.6842 327.048
294.4856 326.904
294.3794 326.665
294.3615 326.553
294.3769 326.453
294.3806 326.283
294.4025 326.145
294.4688 326.126
294.5542 326.167
294.7067 326.226
294.8557 326.232
294.9563 326.072
295.0364 325.965
295.0683 325.824
295.0556 325.712
295.0162 325.674
294.892 325.578
294.6954 325.495
294.3829 325.157
294.1639 325.196
293.9506 325.344
293.7337 325.536
293.5427 325.761
293.3038 325.842
293.0233 325.785
292.791 325.973