227.3407 218.349
227.2411 217.707
227.1374 217.036
227.041 216.325
227.0839 215.701
227.1776 215.123
227.3406 214.721
227.6228 214.562
228.0353 214.594
228.5733 214.784
229.2478 215.123
230.12 215.69
231.1317 216.553
232.2858 217.694
233.5467 219.092
234.8793 220.748
236.3087 222.579
237.8116 224.534
239.3902 226.761
241.01662 229.134
242.65894 231.617
244.32033 234.169
245.9876 236.802
247.63678 239.495
249.267116 242.192
250.829947 244.929
252.32705 247.51
253.76422 249.951
255.0994 252.165
256.28606 254.044
257.28088 255.681
258.06296 257.172
258.65168 258.402
259.0914 259.452
259.3542 260.25
259.4117 260.758
259.28971 260.988
259.01451 260.953
258.63845 260.568
258.20319 259.962
257.74245 259.081
257.29451 257.985
256.8525 256.653
256.41902 255.05
255.97276 253.253
255.50302 251.203
254.97758 248.981
254.40594 246.555
253.75829 243.849
253.02981 240.886
252.22805 237.761
251.39313 234.66
250.535749 231.612
249.716354 228.762
249.009679 226.223
248.42609 223.855
248.01934 221.623
247.79876 219.43
247.78012 217.288
247.95242 215.266
248.2834 213.377
248.78432 211.636
249.452517 210.141
250.260412 208.904
251.1862 207.957
252.18155 207.333
253.19232 207.036
254.16929 206.944
255.10235 207.189
255.98457 207.915
256.82624 209
257.62022 210.51
258.37455 212.327
259.08117 214.492
259.71948 216.924
260.2574 219.588
260.674 222.571
260.9673 225.733
261.157 228.958
261.3 232.218
261.4746 235.418
261.7092 238.54
261.9882 241.55
262.3389 244.513
262.7275 247.316
263.1544 250.011
263.6201 252.617
264.1017 255.073
264.5955 257.449
265.0889 259.802
265.5617 262.106
266.027 264.382
266.5032 266.678
267.0107 268.816
267.5857 270.968
268.1939 273.124
268.8173 275.229
269.4353 277.315
270.0283 279.288
270.5901 281.254
271.1192 283.224
271.6424 285.111
272.1579 286.71
272.7224 287.882
273.4046 288.845
274.1356 289.342
274.9276 289.443
275.7703 289.25
276.5884 288.781
277.2696 288.073
277.7895 287.362
278.1029 286.698
278.2008 286.302
278.0726 286.045
277.7599 286.185
277.2794 286.729
276.645 287.404
275.8771 288.118
275.0536 289.022
274.1615 289.909
273.2956 291.031
272.4528 292.154
271.6301 293.248
270.8748 294.415
270.1448 295.387
269.4835 296.422
268.9216 297.426
268.5308 298.411
268.3129 299.27
268.3029 300.091
268.4553 300.836
268.7303 301.45
269.0857 301.98
269.4681 302.19
269.8576 302.392
270.2058 302.641
270.5228 302.925
270.7801 302.979
271.0092 303.08
271.1998 303.14
271.3523 303.15
271.4834 303.012
271.601 302.863
271.6863 302.634
271.7456 302.433
271.7673 302.148
271.7581 301.899
271.6953 301.728
271.6042 301.633
271.458 301.551
271.2835 301.578
271.1102 301.639
270.9079 301.593
270.6953 301.645
270.4741 301.849
270.1937 302.042