223.1238 323.156
223.4687 322.592
223.8962 322.265
224.4701 321.728
225.098 321.113
225.7847 320.496
226.5567 319.909
227.3729 319.511
228.2729 319.192
229.2639 319.085
230.3673 319.202
231.6025 319.565
232.939 319.966
234.3992 320.545
235.9158 321.448
237.5112 322.383
239.1338 323.512
240.8498 325.082
242.57637 326.435
244.30744 328.068
246.0294 329.872
247.71654 331.91
249.313087 334.112
250.768243 336.375
252.11203 338.998
253.31025 341.618
254.3912 344.194
255.37482 346.712
256.23408 349.267
256.96677 351.476
257.61872 353.547
258.13174 355.501
258.59512 357.649
258.97437 359.436
259.37871 361.004
259.73786 362.835
260.0302 364.561
260.2481 365.72
260.4305 366.675
260.5093 367.486
260.5488 368.3
260.581 369.09
260.5332 369.379
260.4287 369.298
260.2986 369.446
260.1092 369.32
259.85561 368.808
259.58407 368.035
259.3331 367.526
259.09792 366.928
258.80891 366.123
258.53789 365.207
258.21493 363.954
257.87407 362.755
257.59252 361.408
257.23381 359.909
256.84835 358.195
256.41075 356.102
255.97311 354.02
255.57176 352.047
255.12235 350.013
254.63346 347.735
254.14059 345.457
253.54856 342.759
252.97744 340.125
252.42762 337.65
251.9416 335.224
251.50547 332.967
251.11829 330.815
250.839179 328.771
250.669383 326.825
250.646133 324.845
250.8205 322.64
251.2484 320.161
251.88148 317.504
252.64084 314.834
253.43403 312.359
254.26387 310.369
255.17516 309.354
256.1308 308.72
257.1564 308.853
258.30302 309.453
259.62959 310.523
261.1539 311.943
262.8971 313.83
264.6029 315.855
266.1213 318.122
267.3439 320.49
268.2864 323.055
268.9573 325.739
269.3736 328.573
269.5408 331.245
269.5205 333.737
269.4101 336.4
269.2983 339.077
269.3432 341.861
269.3604 344.365
269.433 346.854
269.4955 349.126
269.5439 351.132
269.5274 353.142
269.4588 355.082
269.3599 356.909
269.2875 358.888
269.2378 360.567
269.2618 362.484
269.3173 364.204
269.3813 365.953
269.4023 367.638
269.3612 369.13
269.2075 370.762
268.9693 372.4
268.648 373.912
268.2878 375.442
267.8559 376.917
267.4339 378.496
266.9629 379.599
266.5364 380.75
266.1251 382.043
265.7551 382.795
265.4536 383.149
265.2374 383.494
265.102 383.295
265.0852 382.839
265.2067 382.358
265.2781 381.037
265.3492 379.483
265.4764 377.836
265.6094 376.31
265.6532 375.039
265.4962 373.786
265.152 372.643
264.5759 372.299
263.8052 372.552
262.9322 373.587
262.0061 374.554
261.0624 375.572
260.1533 377.145
259.33607 378.84
258.51531 380.161
257.84704 381.663
257.30922 383.248
256.83126 384.634
256.40397 385.914
256.07913 386.519
255.8889 387.423
255.76026 387.807
255.79934 388.411
255.90715 389.019
255.98667 388.911
256.07878 389.021
256.05838 388.618
256.11296 388.759
256.15833 388.819
256.22573 388.705
256.42654 389.169
256.51286 388.96
256.59254 388.828
256.69265 388.979
256.797 389.198
256.84067 389.204
256.78938 388.971
256.72888 388.996
256.58176 388.846
256.37054 388.979
256.12093 389.307
255.86274 389.768
255.56132 389.851
255.30249 390.038