252.13746 274.288
251.86075 274.152
251.56587 273.922
251.28842 273.643
251.01691 273.356
250.757321 273.073
250.516235 272.758
250.282928 272.409
250.0986005 272.112
249.9742752 271.762
249.9482877 271.297
250.0295082 270.769
250.249368 270.252
250.630555 269.704
251.1663 269.212
251.83585 268.863
252.62002 268.641
253.48193 268.619
254.41899 268.835
255.44199 269.238
256.58362 269.791
257.88519 270.421
259.35557 271.146
260.9617 271.928
262.6094 272.826
264.2217 273.906
265.7359 275.142
267.1277 276.6
268.4028 278.241
269.5587 280.16
270.6107 282.15
271.5899 284.247
272.526 286.414
273.5187 288.549
274.5228 290.644
275.6556 292.871
276.7869 295.133
277.9213 297.474
279.0585 299.889
280.136 302.334
281.236 304.821
282.3195 307.283
283.3105 309.518
284.2385 311.657
285.1034 313.725
285.9375 315.813
286.7147 317.945
287.4143 320.029
288.0813 322.148
288.8264 324.523
289.4943 326.689
290.0867 328.628
290.6645 330.311
291.2258 331.897
291.7904 333.483
292.2198 334.733
292.5449 335.695
292.7997 336.504
292.944 337.108
293.0221 337.499
293.0269 337.56
293.0041 337.588
292.9434 337.446
292.7556 337.107
292.4753 336.497
292.124 335.689
291.7164 334.726
291.1838 333.642
290.5281 332.263
289.8202 330.881
289.0051 328.991
288.0933 326.739
287.2395 324.349
286.3902 321.689
285.5597 318.689
284.7827 315.531
284.0875 312.603
283.4421 309.821
282.8457 307.154
282.2779 304.641
281.7544 302.238
281.279 300.051
280.8341 297.861
280.4883 295.846
280.1396 293.707
279.9401 291.603
279.9051 289.478
280.0299 287.258
280.3376 285.092
280.8004 283.067
281.3713 281.229
282.0251 279.618
282.7158 278.225
283.4155 277.087
284.1648 276.191
284.938 275.526
285.9424 275.057
287.0063 274.853
288.2374 274.849
289.6163 274.994
291.2032 275.275
292.7268 275.658
294.2343 276.349
295.6798 277.332
297.0232 278.532
298.2964 280.057
299.4854 281.757
300.6629 283.582
301.8659 285.528
303.0233 287.53
304.0529 289.589
305.0031 291.758
305.9335 294.291
306.7692 297.134
307.5462 300.122
308.1227 303.47
308.6107 307.014
308.9592 310.366
309.1944 313.632
309.362 316.87
309.4756 319.965
309.5888 323.092
309.5469 326.024
309.5187 328.779
309.4387 331.652
309.3929 334.521
309.1583 336.944
308.8543 339.164
308.4454 341.037
308.0297 342.704
307.721 344.643
307.372 346.27
306.9573 347.635
306.5162 348.86
306.1135 350.035
305.7344 351.025
305.4136 352.002
305.1291 352.824
304.858 353.569
304.6153 354.368
304.3929 355.138
304.1693 355.94
303.8729 356.475
303.5637 357.063
303.2171 357.626
302.8995 358.246
302.5429 358.809
302.1808 359.362
301.7403 359.482
301.3163 359.415
301.0317 359.52
300.7749 359.369
300.5708 359.003
300.431 358.548
300.3233 357.696
300.2867 356.838
300.1404 355.876
299.8331 355.145
299.3885 354.839
298.9397 355.17
298.6667 355.818
298.8732 357.22
299.253 358.635
299.8648 360.38
300.4144 362.043
300.7206 363.384
300.6896 364.341
300.3822 365.38
299.7521 366.394
298.8403 366.909
297.7507 366.898
296.698 367.128
295.7169 367.359
294.8293 367.811
293.9593 368.003
293.0939 367.832
292.246 367.728
291.4139 367.675
290.6916 367.8
290.0261 367.578
289.5375 367.641
289.2023 367.647
288.9235 367.471
288.7426 367.066
288.6865 367.411
288.6052 367.257
288.4144 366.346
288.3166 365.874
288.2521 365.642
288.1305 365.304