256.98482 314.413
256.96986 314.514
256.95851 314.693
256.94995 314.926
256.95171 315.078
256.94747 315.233
256.94247 315.425
256.93739 315.492
256.91791 315.527
256.90569 315.694
256.88522 315.843
256.85136 315.835
256.80331 315.895
256.75195 316.036
256.71467 316.019
256.6869 315.961
256.64464 315.967
256.62989 315.888
256.63018 315.914
256.63549 315.91
256.6356 315.869
256.61131 315.967
256.58988 316.077
256.57932 316.04
256.57575 315.991
256.57328 316.008
256.56399 316.091
256.58439 316.043
256.59935 316.073
256.63823 316.122
256.65458 316.222
256.66709 316.262
256.68662 316.371
256.71611 316.431
256.73412 316.527
256.75686 316.642
256.83012 316.807
256.92225 317.065
257.02484 317.259
257.14632 317.344
257.23769 317.421
257.32487 317.565
257.39297 317.575
257.45165 317.477
257.46894 317.252
257.46064 316.912
257.42218 316.546
257.35479 316.217
257.256 315.662
257.1128 314.917
256.9465 314.12
256.73593 313.091
256.46536 311.884
256.08313 310.459
255.58507 308.687
254.99363 306.534
254.30034 304.045
253.53439 301.232
252.62815 298.022
251.62988 294.526
250.469935 290.712
249.126199 286.638
247.57793 282.407
245.88525 278.055
244.15569 273.561
242.4697 269.212
240.86963 264.676
239.3217 260.046
237.816 255.481
236.309 251.313
234.8327 247.367
233.4779 243.65
232.3111 240.538
231.3347 237.799
230.5589 235.454
229.9643 233.57
229.5326 232.004
229.2117 230.735
228.9546 229.617
228.7548 228.637
228.6044 227.851
228.519 227.217
228.519 226.749
228.579 226.452
228.6706 226.261
228.8156 226.163
228.9534 226.189
229.0927 226.338
229.2415 226.641
229.3946 227.03
229.5689 227.489
229.7613 228.105
229.9774 228.836
230.2162 229.681
230.4889 230.668
230.8088 231.899
231.1558 233.053
231.5299 234.495
231.9323 236.146
232.3841 238.05
232.8807 240.23
233.4492 242.652
234.0677 245.152
234.7592 247.995
235.5202 251.059
236.3066 254.385
237.1365 257.831
238.009 261.312
238.9473 265.084
239.9208 269.182
240.91747 273.477
241.91133 277.866
242.86799 282.273
243.79665 286.381
244.68031 290.444
245.51695 294.41
246.30975 298.222
247.07006 301.757
247.76028 305.101
248.36996 308.154
248.92074 310.943
249.465444 313.358
250.0217992 315.57
250.622304 317.562
251.25144 319.367
251.97982 320.722
252.73483 321.931
253.5416 323.111
254.28939 323.877
255.00206 324.246
255.67751 324.396
256.29057 324.34
256.83186 323.944
257.34901 323.372
257.86303 322.627
258.37988 321.691
258.93731 320.689
259.55044 319.591
260.2554 318.326
261.0527 316.803
262.0342 315.114
263.1655 313.122
264.513 310.619
265.8791 307.824
267.3681 304.872
268.9458 301.569
270.5331 298.112
271.9866 294.73
273.2331 291.173
274.2191 287.646
275.2106 283.878
276.2489 279.801
277.2997 275.55
278.3424 271.385
279.1573 267.696
279.974 264.391
280.6971 261.455
281.3434 258.79
281.9066 256.337
282.356 254.184
282.713 252.334
282.998 250.732
283.0692 249.602
283.1368 248.595
283.34 247.518
283.4109 246.797
283.4934 246.205
283.543 245.83
283.4994 245.724
283.366 245.801
283.2236 245.898
282.8803 246.166
282.4097 246.583
281.8331 247.078
281.2236 247.487
280.6371 247.964
280.097 248.491
279.6231 249.03
279.1861 249.538
278.7584 250.094
278.3358 250.687
277.9336 251.392
277.5419 252.133
277.1487 252.906
276.7334 253.696
276.2529 254.56
275.6829 255.43
275.0365 256.403
274.2882 257.546
273.5007 258.592
272.4923 259.766
271.1881 261.077
269.6158 262.475
267.7305 264.029
265.583 265.467
263.2432 266.894
260.8448 268.307
258.56499 269.547
256.35694 270.794
254.24222 271.957
252.2231 273.051
250.281878 274.031
248.46437 274.848
246.79369 275.733
245.26114 276.606
243.80176 277.32
242.36938 277.87
240.9771 278.386
239.6315 278.729
238.3444 279.005
237.1324 279.131
235.9882 279.222
234.9823 279.047
234.1074 278.913
233.3607 278.849
232.7416 278.671
232.2332 278.444
231.828 278.317
231.5578 278.121
231.4104 277.97
231.4531 277.757
231.703 277.607
232.24 277.467
233.1495 277.33
234.5564 277.263
236.5949 277.133
239.1969 277.117
242.30512 276.938
245.69638 276.838
249.234797 276.618
252.7673 276.404
256.13816 276.234
259.45118 275.941
262.6645 275.579
265.6613 275.141
268.3762 274.791
270.7292 274.462
272.6731 274.165
274.2479 273.905
275.4982 273.704
276.4835 273.497
277.2411 273.361
277.8075 273.265
278.2317 273.148
278.5392 273.055
278.6937 272.996
278.7279 272.901
278.6689 272.779
278.5272 272.576
278.2878 272.432
277.998 272.292
277.6659 272.081
277.3596 271.908
277.1018 271.829
276.8901 271.831
276.6873 271.85
276.4719 271.945
276.1961 272.069
275.8961 272.278
275.5091 272.451
275.0727 272.69
274.6577 272.906
274.2252 273.133
273.8376 273.364
273.4483 273.584
273.0571 273.819
272.6235 273.961
272.1523 274.159
271.6903 274.396
271.233 274.633
270.7859 274.841
270.3533 275.137
269.9301 275.445
269.5182 275.64
269.1545 275.878
268.8018 276.173
268.4403 276.41
268.0587 276.583
267.6209 276.851
267.2352 277.046
266.7066 277.523
266.2646 277.782
265.7562 278.034
265.1685 278.03
264.4449 277.628
263.5968 276.828
262.5981 275.818
261.4764 274.934
260.3068 273.657
259.18352 272.887
258.22219 272.746
257.43054 272.948
256.93735 274.093
256.5591 275.472
256.23205 278.519
256.53827 283.368