222.4309 288.126
222.3748 288.077
222.3217 288.039
222.2578 288.154
222.2017 288.155
222.1495 288.229
222.1149 288.2
222.061 288.258
221.9983 288.289
221.9119 288.406
221.8511 288.408
221.8134 288.36
221.7491 288.255
221.673 288.222
221.5872 288.235
221.5335 288.196
221.4877 288.077
221.4557 287.978
221.4069 287.942
221.3734 287.843
221.3399 287.69
221.29 287.602
221.2217 287.556
221.133 287.441
221.044 287.273
220.9438 287.098
220.8203 286.91
220.7018 286.692
220.5654 286.466
220.4363 286.235
220.2869 285.932
220.149 285.664
220.0099 285.404
219.8778 285.114
219.7439 284.878
219.6701 284.642
219.6697 284.376
219.7545 284.148
219.9438 284.079
220.2566 284.165
220.6741 284.387
221.2238 284.732
221.8653 285.261
222.646 285.96
223.593 286.799
224.7128 287.7
225.9847 288.835
227.3473 290.241
228.7735 291.739
230.2866 293.468
231.9679 295.462
233.6668 297.592
235.4129 299.838
237.2339 302.048
239.0711 304.366
240.97183 306.749
242.92022 309.188
244.88006 311.747
246.9306 314.288
249.080979 316.88
251.33633 319.561
253.67869 322.119
256.14177 324.867
258.59731 327.568
261.079 330.384
263.4808 333.255
265.7692 335.836
268.1544 338.517
270.2695 341.094
272.2609 343.661
274.1471 346
275.9003 348.447
277.4552 350.478
278.9022 352.585
280.217 354.757
281.3075 356.838
282.2063 359.053
282.8848 360.752
283.4171 362.358
283.716 363.747
283.8039 364.69
283.7346 366.047
283.4448 367.054
282.9785 368.141
282.2649 369.027
281.3327 369.713
280.1437 370.16
278.8049 370.523
277.2794 370.718
275.6717 371.44
273.8231 371.644
271.7635 371.734
269.4665 372.03
267.0329 372.423
264.4354 372.37
261.6185 372.654
258.29495 373.085
255.06198 373.263
251.5237 373.455
247.66253 373.778
243.60177 374.072
239.4413 374.184
235.4513 374.601
231.4844 374.703
227.4397 374.925
223.6618 375.285
219.9829 375.723
216.3563 376.041
212.7474 376.262
209.1691 376.81
205.7276 377.175
202.513 377.109
199.396 377.02
196.5874 376.942
193.9581 376.947
191.5316 376.931
189.3334 376.891
187.3953 376.809
185.6708 376.971
184.1319 376.965
182.8131 376.991
181.6938 377.194
180.7881 377.336
180.2105 376.885
179.8917 376.354
179.7897 375.784
179.9533 375.061
180.2159 374.407
180.7136 373.66
181.4553 372.837
182.4276 371.777
183.5345 370.836
184.8276 369.697
186.2876 368.562
187.881 367.209
194.2013 361.544
199.1506 356.96
203.2608 353.019
206.8525 349.447
210.1481 345.882
213.2307 342.463
216.1489 339.278
218.9221 335.981
221.7343 332.683
224.5513 329.641
227.3912 326.427
230.2078 323.427
232.9426 320.507
235.5835 317.729
238.0515 315.322
240.35842 312.889
242.48292 310.745
244.48315 308.853
246.40838 306.975
248.23598 305.316
249.847522 303.718
251.39596 302.201
252.89377 300.741
254.33098 299.428
255.69141 298.111
256.92958 296.818
258.0769 295.702
259.12781 294.724
260.0715 293.834
260.9072 293.096
261.6095 292.383
262.2014 291.828
262.6823 291.359
263.0959 290.951
263.4072 290.619
263.6206 290.442
263.7165 290.608
263.7138 291.013
263.5966 291.451
263.35 292.056
263.0493 292.82
262.6269 293.75
262.1157 294.809
261.5492 296.108
260.8725 297.58
260.069 299.337
259.3485 301.202
258.46302 303.338
257.48826 305.576
256.39731 308.122
255.30153 311.021
254.14943 314.308
252.97069 317.828
251.7268 321.711
250.434224 325.56
249.122435 329.678
247.95661 334.079
246.68584 338.437
245.44126 342.822
244.1985 347.228
242.88075 351.894
241.54 356.764
240.15179 361.321
238.7388 366.029
237.3027 370.47
235.886 374.687
234.6729 378.997
233.4637 383.062
232.2456 387.256
231.0337 391.472
229.8391 395.435
228.6884 398.845
227.5433 402.248
226.4173 405.406
225.3853 408.285
224.351 411.152
223.4662 413.402
222.6423 415.632
221.9027 417.53
221.2958 418.896
220.8823 420.549
220.4574 421.999
220.0227 422.868
219.6501 423.755
219.3308 424.446
219.0221 424.74
218.8395 424.7
218.6869 424.838
218.5314 424.44
218.4792 423.734
218.3091 423.243
218.2089 422.895
218.1149 422.066
218.0571 421.222
218.1026 419.869
218.2058 418.069
218.2231 416.326
218.177 414.789
218.0855 412.957
218.0378 410.949
217.9724 408.632
217.8719 406.12
217.7702 403.233
217.7549 399.851
217.7272 396.53
217.7105 393.185
217.6802 389.682
217.5995 385.832
217.5 382.134
217.5178 378.086
217.6632 374.098
217.8984 370.046
218.2642 365.969
218.7531 362.092
219.2378 358.168
219.7166 354.411
220.1327 350.665
220.5967 346.948
221.1272 343.009
221.6197 339.057
222.2502 335.265
222.9841 331.421
223.7826 327.709
224.6489 324.048
225.531 320.607
226.4108 317.434
227.2016 314.481
227.9834 311.637
228.6779 309.037
229.1741 306.672
229.6784 304.481
230.1822 302.404
230.7612 300.344
231.3528 298.457
231.9612 296.738
232.574 295.133
233.1084 293.667
233.6045 292.184
234.0696 290.925
234.5196 289.829
234.9562 288.929
235.3449 288.175
235.698 287.511
236.0147 286.927
236.3001 286.447
236.5563 286.076
236.7849 285.78
236.9535 285.526
237.0985 285.415
237.1956 285.335
237.2684 285.329
237.2907 285.387
237.2864 285.502
237.2558 285.624
237.2087 285.784
237.1269 285.967
237.0288 286.096
236.9386 286.27
236.8367 286.458
236.7289 286.65
236.65 286.909
236.5689 287.189
236.4775 287.477
236.3858 287.907
236.2523 288.489
236.127 288.985
236.0083 289.437
235.8734 289.978
235.7442 290.541
235.6015 291.115
235.4625 291.688
235.3052 292.236
235.1498 292.826
234.9798 293.487
234.7938 294.133
234.5688 294.777
234.3227 295.391
234.091 295.945