212.9791 351.983
212.9939 351.975
212.9912 352.051
212.9956 351.97
213.0075 351.827
213.018 351.742
213.039 351.491
213.0692 351.364
213.1073 351.404
213.1287 351.505
213.2047 351.342
213.2358 351.453
213.2653 351.537
213.2881 351.715
213.3873 351.562
213.4564 351.582
213.4939 351.677
213.5436 351.678
213.6245 351.635
213.6953 351.661
213.7514 351.722
213.8159 351.688
213.843 351.701
213.9173 351.632
213.9484 351.65
213.9535 351.735
214.0127 351.458
214.0594 351.159
214.0976 350.909
214.1338 350.569
214.1319 350.455
214.1619 350.12
214.1979 349.741
214.2276 349.354
214.2394 348.908
214.2949 348.365
214.3248 347.755
214.3416 347.052
214.4101 346.216
214.5176 345.248
214.6125 344.1
214.7245 342.587
214.8078 340.778
214.8084 338.82
214.7489 336.657
214.6169 334.489
214.472 332.272
214.3804 330.11
214.3824 327.992
214.519 325.763
214.6847 323.918
214.9151 322.133
215.1868 320.381
215.525 318.358
215.8559 316.222
216.1871 313.888
216.4836 311.279
216.7276 308.335
216.8982 305.308
216.9854 302.498
217.0539 299.792
217.1625 297.331
217.3853 294.988
217.7652 292.842
218.2563 290.887
218.8368 289.009
219.4372 287.298
220.0107 285.74
220.4919 284.538
220.9799 283.137
221.4346 281.94
221.8557 280.942
222.1937 280.39
222.5312 279.876
222.9053 279.417
223.3038 279.1
223.7878 278.932
224.3427 278.974
224.9793 279.194
225.6679 279.682
226.4158 280.242
227.1595 281.05
227.8659 282.261
228.5588 283.755
229.2459 285.482
229.9179 287.471
230.6685 289.31
231.3445 291.335
232 293.452
232.6245 295.67
233.2285 298.07
233.8521 300.472
234.4342 302.906
234.9793 305.249
235.5308 307.5
236.0835 309.578
236.5854 311.656
237.0457 313.476
237.4575 315.346
237.8453 317.023
238.1738 318.356
238.4946 319.319
238.7506 320.071
239.0132 320.526
239.2115 320.757
239.3841 320.885
239.5089 320.961
239.6133 320.893
239.6686 320.619
239.742 320.33
239.8341 319.879
239.9063 319.33
240.03028 318.661
240.17497 317.885
240.31499 316.954
240.42981 315.861
240.53813 314.643
240.65848 313.18
240.75318 311.666
240.82876 310.104
240.88549 308.232
240.9159 306.202
240.94707 304.046
240.86209 302.242
240.84332 300.446
241.06146 298.48
241.18468 297.015
241.40752 295.705
241.73636 294.33
242.09566 293.057
242.50897 291.899
242.94946 290.787
243.40349 289.776
243.88126 288.779
244.31571 287.758
244.71236 286.677
245.03124 285.719
245.32624 284.818
245.61174 283.965
245.88467 283.21
246.1862 282.527
246.50646 282.098
246.82366 281.86
247.15247 281.642
247.46695 281.503
247.77621 281.366
248.0495 281.371
248.29829 281.501
248.5325 281.712
248.80136 282.205
249.098804 282.949
249.43791 284.016
249.890891 285.244
250.405963 286.544
250.892797 288.113
251.34719 289.849
251.78651 291.714
252.20396 293.626
252.63303 295.842
253.06627 298.304
253.48924 301.109
254.02351 304.002
254.47543 307.092
254.91724 310.303
255.38533 313.67
255.89124 317.149
256.38715 320.575
256.89788 324.151
257.40619 327.535
257.79934 330.888
258.20116 334.34
258.56599 337.487
259.15881 340.605
259.64992 343.874
260.0916 346.857
260.5032 349.705
260.9007 352.406
261.2697 354.9
261.6167 357.178
261.8783 359.188
261.716 360.892
261.9696 362.17
262.1671 363.371
262.2967 364.314
262.3803 365.19
262.4612 365.883
262.4837 366.381
262.5207 366.583
262.5775 366.803
262.5741 367.107
262.5916 367.192
262.6523 367.346
262.6852 367.671
262.6461 367.669
262.6143 367.522
262.5889 367.357
262.5792 367.176
262.5465 366.999
262.5066 366.551
262.4912 366.127
262.4308 365.633
262.4025 365.281
262.3717 365.235
262.3029 364.784
262.2549 364.47
262.1873 364.321
262.1151 364.046
262.0879 363.66
262.0242 363.276
261.9824 362.771
261.9147 362.431
261.8582 362.26
261.8397 361.881
261.8168 361.461
261.8034 361.15
261.8084 361.187
261.7525 361.05
261.6788 360.851
261.5939 360.78
261.4664 360.761
261.3613 360.544
261.2803 360.31
261.2057 360.182
261.0982 359.816
261.0885 359.709
261.062 359.693
261.0548 359.799
261.0779 359.766
261.1215 359.958
261.1371 360.032
261.0963 360.055
261.1438 360.352
261.1473 360.379
261.1365 360.458
261.1453 360.37