287.8789 390.388
288.0666 390.575
288.2286 390.778
288.3172 390.45
288.3754 390.252
288.4626 390.127
288.5537 389.947
288.6745 389.922
288.8144 390.126
288.9034 390.145
289.0298 390.117
289.2107 390.356
289.3282 390.603
289.3962 390.386
289.5762 390.582
289.703 390.858
289.8278 391.05
289.9783 391.395
290.0788 391.551
290.1786 391.544
290.2828 391.436
290.3549 391.321
290.4752 391.245
290.4733 391.088
290.5694 391.127
290.6628 391.394
290.7303 391.676
290.7695 391.892
290.8075 392.014
290.9405 392.346
290.9616 392.319
291.0052 392.173
291.0227 392.057
291.1754 392.433
291.1838 392.339
291.2223 392.121
291.2131 391.772
291.2843 391.856
291.3392 391.958
291.382 392.119
291.3724 392.059
291.359 391.624
291.4447 391.871
291.5003 392.231
291.5154 392.247
291.5076 392.136
291.6425 392.436
291.7063 392.396
291.6813 392.188
291.7373 392.218
291.7328 392.09
291.7328 391.85
291.7688 391.914
291.7939 392.01
291.7422 391.893
291.8317 392.269
291.8215 392.242
291.7897 392.241
291.7686 392.257
291.7813 392.335
291.7854 392.467
291.8044 392.564
291.7714 392.602
291.7634 392.562
291.7635 392.474
291.7882 392.397
291.8291 392.564
291.8995 393.166
291.9331 393.406
291.9539 393.553
291.9564 393.683
292.0478 393.984
292.0887 394.244
292.1419 394.451
292.1782 394.51
292.2145 394.535
292.2788 394.578
292.3395 394.779
292.4343 395.215
292.5183 395.51
292.604 395.658
292.678 395.645
292.8137 396.066
292.916 396.226
293.0169 396.374
293.1422 396.585
293.3292 397.106
293.412 396.968
293.5522 396.847
293.6706 396.754
293.7745 396.51
293.8948 396.081
294.0516 396.077
294.2522 396.39
294.4989 396.809
294.628 396.761
294.7844 396.637
294.902 396.462
294.9985 396.17
295.132 396.059
295.2705 396.045
295.4164 395.861
295.4727 395.337
295.5526 395.096
295.6309 394.556
295.7623 394.059
295.8761 393.602
295.9782 393.139
296.1093 392.936
296.2332 392.405
296.2851 391.624
296.4311 391.163
296.6621 391.007
296.8259 390.491
296.9843 389.711
297.1199 388.899
297.3023 388.241
297.5346 387.85
297.6973 387.013
297.7817 385.769
297.8945 384.734
297.9308 383.497
297.9883 382.34
297.9905 380.852
297.9811 379.282
297.9409 377.608
297.8609 375.866
297.7643 374.259
297.6901 372.822
297.6358 371.277
297.528 369.585
297.3491 367.693
297.1651 365.743
296.9867 363.965
296.7719 362.077
296.467 359.862
296.1522 357.804
295.8135 355.76
295.4697 353.658
295.1394 351.594
294.8339 349.465
294.5748 347.349
294.2842 345.269
293.9309 342.937
293.5606 340.55
293.272 338.442
292.9736 336.27
292.6725 334.178
292.3158 331.977
291.9349 329.729
291.5638 327.567
291.2295 325.51
290.9302 323.586
290.5488 321.527
290.1825 319.337
289.7964 317.216
289.356 315.059
288.918 312.962
288.5088 310.963
288.0793 308.955
287.6001 306.865
287.1638 304.955
286.6687 302.841
286.112 300.72
285.6117 298.62
285.1208 296.641
284.5739 294.556
284.0899 292.633
283.6035 290.809
283.1722 289.116
282.8082 287.46
282.3803 285.724
281.877 283.855
281.4032 282.112
280.9189 280.437
280.5416 279.049
280.1436 277.612
279.7534 276.222
279.3644 274.688
279.0799 273.407
278.7682 272.156
278.4402 270.916
278.3039 270.093
278.0976 269.191
277.8639 268.304
277.6222 267.482
277.4025 266.823
277.1437 266.166
277.0733 265.918
276.946 265.641
276.7613 265.255
276.6447 265.104
276.4135 264.795
276.3309 264.836
276.1389 264.779
276.0332 265.079
275.9116 265.347
275.8369 265.815
275.7318 266.399
275.6416 267.13
275.5513 267.852
275.5298 268.81
275.5001 269.986
275.53 271.305
275.5323 272.589
275.6033 274.022
275.7642 275.67
275.8473 277.194
276.0842 279.024
276.2423 280.706
276.5591 282.636
276.8809 284.549
277.2285 286.436
277.5542 288.287
278.0682 290.571
278.6225 292.728
279.2389 294.828
280.0387 297.108
280.8713 299.404
281.8446 301.919
282.7421 304.24
283.6753 306.722
284.7308 309.45
285.6979 311.955
286.6513 314.352
287.5212 316.595
288.4216 319.014
289.22 321.209
290.0406 323.48
290.867 325.597
291.7489 327.769
292.6918 330.084
293.704 332.593
294.6251 334.689
295.6225 336.744
296.7579 339.215
297.9224 341.451
299.1748 343.828
300.4386 346.047
301.7098 348.294
302.9549 350.422
304.2399 352.653
305.4777 354.645
306.7588 356.62
308.106 358.582
309.5025 360.652
310.8686 362.481
312.2584 364.447
313.5863 366.024
314.8984 367.325
316.2213 368.559
317.6687 370.129
319.0866 371.291
320.6394 372.756
322.1552 373.904
323.7466 375.096
325.301 376.111
326.903 377.246
328.5579 378.486
330.174 379.486
331.7217 379.965
333.5819 381.05
335.3414 381.593
337.2788 382.523
339.1558 382.97
340.9967 383.292
342.8328 383.788
344.5725 384.114
346.2173 384.075
347.777 383.819
349.2829 383.313
350.916 383.296
352.287 382.666
353.508 382.195
354.671 381.66
355.624 380.732
356.453 379.942
357.091 378.758
357.728 377.532
358.137 376.2
358.469 374.888
358.777 373.681
358.926 372.38
358.87 370.828
358.611 369.01
358.296 367.388
357.891 365.844
357.428 364.523
356.893 363.259
356.278 362.218
355.399 360.678
354.444 359.21
353.48 357.945
352.357 356.563
351.234 355.494
349.9489 354.385
348.6278 353.413
347.2308 352.378
345.7822 351.491
344.2957 350.786
342.6913 349.873
341.1243 349.386
339.5676 349.052
338.0687 348.88
336.4256 348.484
334.7271 347.938
333.125 347.613
331.604 347.566
329.9167 347.003
328.3487 346.755
326.8398 346.634
325.3433 346.501
323.8509 346.363
322.4505 346.527
321.1273 346.776
319.8554 347.004
318.5859 347.049
317.4285 347.307
316.2868 347.5
315.1233 347.459
314.1169 347.647
313.1933 347.833
312.3736 347.97
311.6725 348.235
310.9689 348.138
310.4167 348.259
310.0114 348.424
309.6806 348.669
309.4316 348.65
309.2455 348.689
309.1617 348.734
309.1687 348.752
309.2952 349.01
309.4219 348.962
309.6288 349.046
309.8429 348.984
310.118 349.02
310.527 349.085
310.912 348.846
311.4261 348.956
312.0538 349.178
312.7858 349.522
313.5967 349.619
314.5074 350.047
315.4694 350.377
316.3944 350.369
317.4602 350.577
318.5527 350.662
319.7086 350.689
321.011 351.041
322.2926 351.116
323.6087 351.144
324.9868 351.254
326.415 351.288
327.8547 351.129
329.4432 351.298
330.9954 351.18
332.6305 351.167
334.2561 351.139
335.915 351.005
337.6625 351.076
339.3438 350.845
341.02 350.415
342.6066 349.631
344.1814 348.816
345.9245 348.382
347.6711 347.886
349.3269 347.136
351.033 346.529
352.642 345.802
354.048 344.661
355.381 343.416
356.657 342.241
357.896 340.935
359.157 339.751
360.219 338.156
361.306 337.004
362.117 335.344
363.016 333.913
363.711 332.5
364.232 330.809
364.74 329.195
365.129 327.487
365.257 325.603
365.349 323.803
365.386 321.984
365.194 319.783
364.975 317.744
364.653 315.777
364.207 313.603
363.825 311.615
363.376 309.621
362.751 307.495
361.999 305.195
361.221 302.91
360.414 300.818
359.511 298.706
358.415 296.508
357.364 294.531
356.26 292.665
355.159 290.906
353.93 289.085
352.549 287.251
351.219 285.713
349.863 284.33
348.3698 282.895
346.8408 281.646
345.1378 280.255
343.4393 279.217
341.6866 278.336
339.9021 277.576
338.1139 277.091
336.3379 276.759
334.5378 276.586
332.6292 276.329
330.6219 276.035
328.6468 275.943
326.6475 275.98
324.6542 276.124
322.6863 276.412
320.767 276.817
318.797 277.155
316.8319 277.499
314.8105 277.675
312.7933 277.816
310.8498 278.18
308.9529 278.875
307.1104 279.614
305.2853 280.259
303.488 280.893
301.71 281.427
299.9706 282.08
298.2438 282.675
296.6366 283.628
295.003 284.109
293.4214 284.672
291.8817 285.294
290.4114 286.093
289.0249 287.002
287.6936 287.828
286.4437 288.772
285.2667 289.674
284.1802 290.52
283.1728 291.492
282.2481 292.385
281.3454 293.066
280.5171 293.826
279.7915 294.618
279.1187 295.342
278.5267 296.072
277.9881 296.722
277.5204 297.378
277.138 297.894
276.8481 298.52
276.6059 298.979
276.4225 299.414
276.3046 299.92
276.1744 300.24
276.1026 300.555
276.0304 300.773
275.9692 300.866
275.9312 301.1
275.9125 301.222
275.8899 301.305
275.8978 301.372
275.8675 301.211
275.8811 301.173
275.9287 301.208
275.9952 301.19
276.0897 301.194
276.1843 301.257
276.2538 301.089
276.3193 300.986
276.3805 300.925
276.391 300.83
276.3773 300.748
276.3146 300.556
276.203 300.471
276.0757 300.534
275.8734 300.462
275.6153 300.18
275.3217 299.997
275.0101 299.981
274.6715 299.868
274.3545 299.829
274.0642 299.808
273.8471 299.946
273.5915 299.96
273.3083 299.898
272.98 300.02
272.593 300.086
272.1661 300.211
271.7661 300.562
271.2925 300.673
270.8205 300.883
270.3308 301.186
269.8181 301.395
269.3545 301.769
268.9613 302.15
268.6542 302.41
268.4313 302.706
268.242 302.98
268.1308 303.275
268.09 303.606
268.0764 303.697
268.1022 303.761