385.102 315.604
385.128 315.544
385.065 315.436
385.003 315.386
384.936 315.531
384.966 315.599
385.091 315.79
385.18 315.929
385.109 315.827
385.069 315.881
384.882 315.631
384.837 315.595
384.839 316.011
384.846 316.001
384.829 315.949
384.674 315.692
384.705 315.706
384.571 315.418
384.548 315.39
384.536 315.471
384.676 315.715
384.58 315.9
384.545 315.661
384.579 315.545
384.48 315.541
384.561 315.448
384.682 315.5
384.689 315.286
384.654 315.057
384.531 314.71
384.57 314.635
384.539 314.394
384.533 314.295
384.474 314.026
384.575 314.136
384.641 314.198
384.616 314.013
384.601 313.938
384.673 313.924
384.68 313.865
384.811 313.837
384.964 313.884
384.905 313.937
384.916 313.885
384.85 313.748
385.077 313.67
385.209 313.662
385.32 313.912
385.484 314.137
385.588 313.967
385.774 314.329
385.826 314.353
385.943 314.13
386.208 314.327
386.268 314.481
386.289 314.283
386.155 314.138
386.255 314.265
386.404 314.526
386.468 314.578
386.468 314.484
386.644 314.436
386.694 314.298
386.654 314.381
386.703 314.486
386.744 314.589
386.68 314.528
386.717 314.198
386.897 314.237
387.15 314.75
387.216 314.984
387.319 314.899
387.46 314.996
387.479 314.985
387.43 314.979
387.597 315.358
387.719 315.748
387.69 315.871
387.735 316.335
387.69 316.732
387.745 317.436
387.737 318.038
387.666 318.664
387.534 319.26
387.182 319.828
386.819 320.599
386.451 321.432
386.135 322.674
385.568 323.732
385.035 325.097
384.47 326.581
383.83 327.975
382.985 329.119
381.979 329.989
381.153 331.274
380.246 332.53
379.258 333.844
378.204 335.168
377.175 336.758
376.054 338.224
374.883 339.662
373.786 341.332
372.589 342.945
371.198 344.034
369.9 345.331
368.532 346.623
367.107 347.717
365.681 348.653
364.259 349.711
362.818 350.764
361.289 351.786
359.709 352.555
358.261 353.572
356.715 354.359
355.11 355.035
353.374 355.421
351.756 356.111
350.203 356.926
348.5699 357.46
346.9139 357.901
345.2443 358.199
343.6598 358.591
342.0933 358.857
340.5719 359.051
339.0633 359.164
337.6488 359.355
336.2701 359.514
334.9203 359.6
333.4686 359.232
332.0927 359.04
330.6437 358.507
329.333 358.339
328.005 358.054
326.669 357.589
325.3917 357.322
324.1006 356.97
322.7437 356.487
321.414 356.129
320.0492 355.641
318.7262 355.168
317.3896 354.744
316.0282 354.414
314.5717 353.675
313.1366 352.921
311.6775 352.235
310.2091 351.541
308.7616 350.824
307.3246 350.013
305.9206 349.321
304.5409 348.486
303.1523 347.465
301.8378 346.496
300.5469 345.501
299.3288 344.726
298.0828 343.764
296.8437 342.656
295.711 341.658
294.6642 340.643
293.6745 339.544
292.7486 338.407
291.9179 337.395
291.094 336.287
290.3113 335.097
289.5857 333.857
288.9491 332.865
288.3678 331.893
287.7655 330.529
287.2853 329.425
286.8993 328.441
286.542 327.39
286.2927 326.507
286.1103 325.567
286.0888 324.806
286.1183 324.027
286.1985 323.16
286.3354 322.308
286.5968 321.67
286.9218 320.874
287.3463 320.102
287.8524 319.267
288.4606 318.499
289.1622 317.734
289.9356 316.885
290.8116 316.192
291.7388 315.383
292.8062 314.639
293.9761 314.079
295.2222 313.535
296.5933 313.291
298.013 313.069
299.4603 312.737
300.9728 312.41
302.5551 312.219
304.2255 312.204
305.909 312.104
307.6062 312.042
309.3011 312.025
311.0808 312.209
312.8898 312.323
314.7932 312.707
316.6984 313.121
318.6241 313.359
320.6141 313.585
322.7472 314.248
324.8349 314.809
326.9093 315.414
329.0053 316.017
331.0653 316.632
333.0571 317.232
335.0672 317.977
337.0199 318.639
338.9374 319.262
340.8652 319.941
342.8221 320.728
344.7595 321.577
346.6684 322.483
348.4778 323.383
350.344 324.436
352.021 325.324
353.718 326.411
355.391 327.436
357.038 328.515
358.588 329.558
360.06 330.62
361.407 331.463
362.681 332.317
363.923 333.234
365.13 334.264
366.392 335.517
367.374 336.356
368.263 337.139
369.196 338.051
370.056 339.029
370.869 340.051
371.499 340.935
372.236 342.202
372.818 343.374
373.276 344.421
373.717 345.622
373.986 346.522
374.161 347.319
374.329 348.396
374.259 349.284
374.117 350.157
373.928 351.194
373.609 351.945
373.285 352.913
373.032 354.102
372.548 354.955
372.06 355.966
371.461 356.799
370.766 357.411
370.058 358.11
369.337 358.813
368.62 359.512
367.676 359.827
366.844 360.356
365.849 360.53
364.928 360.917
363.934 361.22
362.831 361.186
361.758 361.317
360.495 361.039
359.398 361.013
358.179 360.73
356.951 360.485
355.767 360.181
354.656 360.105
353.393 359.564
352.231 359.244
350.937 358.514
349.7749 358.064
348.5729 357.413
347.3966 356.843
346.2019 356.25
345.0755 355.671
344.0654 355.308
342.9277 354.435
341.8736 353.603
340.7658 352.478
339.8295 351.649
338.9288 350.899
337.9535 349.748
337.0647 348.763
336.1605 347.675
335.252 346.441
334.4986 345.353
333.8061 344.335
333.0199 342.866
332.2683 341.454
331.6189 340.278
330.8845 338.789
330.2662 337.542
329.5325 336.147
328.7665 334.441
328.0002 332.954
327.2217 331.469
326.4876 330.028
325.683 328.328
324.908 326.676
324.1182 324.789
323.3122 323.007
322.5825 321.287
321.8389 319.46
321.1211 317.719
320.4621 315.944
319.815 313.94
319.2975 312.125
318.898 310.549
318.4083 308.524
318.0027 306.626
317.6744 304.747
317.4321 302.812
317.3055 301.158
317.2378 299.38
317.2011 297.625
317.2488 295.772
317.3676 293.986
317.5328 292.236
317.811 290.6
318.0865 288.859
318.4283 287.321
318.8271 285.877
319.276 284.301
319.8028 282.866
320.3793 281.381
320.9963 279.913
321.6582 278.689
322.3845 277.44
323.1364 276.227
323.9457 275.029
324.8355 273.914
325.7558 272.754
326.73 271.678
327.7593 270.625
328.8126 269.547
329.8455 268.328
330.9659 267.228
332.1153 266.138
333.4107 265.276
334.6855 264.213
336.0488 263.241
337.42 262.214
338.8619 261.193
340.3796 260.457
341.9626 259.653
343.6562 258.858
345.3662 258.082
347.1119 257.217
348.9561 256.438
350.751 255.567
352.626 254.873
354.549 254.213
356.543 253.648
358.576 253.174
360.643 252.81
362.735 252.546
364.876 252.421
366.987 252.32
369.158 252.383
371.375 252.585
373.638 253.002
375.911 253.557
378.112 254.088
380.262 254.791
382.362 255.612
384.432 256.522
386.481 257.45
388.526 258.533
390.501 259.707
392.396 260.843
394.285 262.185
396.016 263.674
397.939 265.312
399.593 266.885
401.107 268.51
402.399 270.049
403.558 271.595
404.652 273.247
405.456 274.725
406.263 276.394
406.889 278.076
407.449 279.855
407.811 281.561
407.897 282.879
407.945 284.4
408.056 285.81
407.888 287.161
407.317 288.215
406.79 289.542
406.048 290.697
405.323 291.806
404.449 292.66
403.641 293.591
403.016 294.661
402.236 295.307
401.56 295.668
400.921 295.762
400.63 296.059
400.504 296.3
400.427 296.34
400.33 296.213
400.104 295.805
399.925 295.347
399.874 294.977
399.799 294.471
399.594 293.816
399.432 293.211
399.395 292.828
399.463 292.585
399.639 291.927
399.875 291.305
400.57 291.263
401.249 291.287
401.955 291.177
402.353 290.767
402.583 290.361
402.762 290.183
402.851 289.947
403.111 289.943
403.309 289.912
403.404 289.767
403.396 289.642
403.46 289.351
403.508 288.922
403.698 288.772
403.783 288.445
403.824 288.1
403.837 287.735
404.05 287.692
404.25 287.667
404.434 287.241
404.247 286.814
404.168 286.484
404.153 286.157
404.356 286.072
404.621 285.987
404.731 285.691
405.02 285.494
405.274 285.224
405.308 284.696
405.735 284.814
406.169 285.045
406.465 285.08
406.699 285.081
406.979 285.274
407.223 285.201
407.257 284.849
407.518 284.788
407.809 284.764
407.811 284.503
408.285 284.744
408.722 284.869