258.22363 324.948
258.41532 326.082
258.58768 327.473
258.79068 328.965
258.87885 330.363
258.9373 331.85
258.90351 333.403
258.90481 335.442
258.64151 337.376
258.18799 339.34
257.43545 341.427
256.44285 343.652
254.98538 345.756
253.0733 347.452
250.883017 348.559
248.59361 349.45
246.27904 350.079
244.04296 350.222
241.77892 349.954
239.4961 349.253
237.2962 348.108
235.25 346.221
233.4381 343.462
231.8823 340.013
230.5397 335.993
229.4968 331.561
228.9254 326.546
228.8036 321.328
228.9995 316.268
229.5471 311.286
230.365 306.5
231.2208 301.685
232.2497 296.805
233.3724 291.973
234.4163 287.111
235.347 282.228
236.1316 277.471
236.6427 273.181
236.9182 269.492
236.9767 266.307
236.9477 263.182
236.667 260.386
236.2603 257.736
235.7005 255.334
234.9945 253.301
234.2879 251.41
233.5087 249.937
232.6883 248.957
231.8942 248.595
231.1612 248.794
230.5302 249.376
229.9315 250.548
229.2457 252.306
228.614 254.304
227.8987 256.673
227.1028 259.243
226.1941 262.087
225.1677 265.24
224.1003 268.603
222.9525 272.416
221.8428 276.347
220.7356 280.284
219.6605 284.071
218.6343 287.543
217.4899 290.792
216.1842 294.01
214.8378 297.014
213.3338 299.932
211.7836 302.503
210.1203 305.141
208.4303 307.62
206.7553 309.682
205.0895 311.687
203.5203 313.337
202.0944 314.647
200.8183 315.578
199.7316 316.11
198.7509 316.589
197.9369 316.897
197.3894 316.979
197.1706 316.907
197.3619 316.638
198.0523 316.321
199.3094 316.074
201.2409 315.682
203.86 315.52
207.2449 315.565
211.3038 315.707
215.9438 316.018
220.9143 316.459
226.1199 316.87
231.35 317.238
236.5251 317.478
241.5291 317.839
246.31172 318.163
250.657839 318.778
254.39969 319.255
257.52515 319.95
260.016 320.685
261.8128 321.304
262.9818 321.702
263.5893 322.216
263.7636 322.546
263.7216 322.879
263.5529 322.916
263.3133 322.993
262.9732 323.154
262.5465 323.381
262.0328 323.327
261.391 323.407
260.681 323.5
259.9234 323.645
259.10992 323.702
258.35952 323.634
257.7798 323.581
257.27075 323.42
256.90394 323.302