240.45735 394.401
242.36907 394.881
244.16234 395.84
245.84608 397.303
247.29775 398.842
248.4047 400.615
249.022894 402.478
249.090331 404.575
248.47969 406.664
247.20535 408.684
245.39663 410.966
243.13363 413.323
240.44515 415.235
237.2933 416.696
233.6694 417.714
229.8179 418.399
225.8899 417.751
222.0717 416.8
218.4436 415.484
214.8722 413.666
211.5001 411.412
208.3694 409.011
205.5409 405.606
203.0795 401.738
200.8373 397.66
198.8429 393.344
197.1486 388.222
195.6794 382.487
194.6772 376.75
194.0828 371.105
193.891 365.525
194.0855 359.787
194.5913 354.063
195.2768 348.346
196.1846 342.308
196.9859 336.059
197.8415 329.439
198.7571 322.896
199.6362 316.602
200.4254 310.222
201.031 304.282
201.3658 298.496
201.6738 292.776
202.0816 287.024
202.538 281.269
202.9251 275.683
203.222 270.263
203.2468 265.551
203.2828 261.061
203.1629 257.192
203.0908 253.608
202.8841 250.637
202.7089 248.086
202.5456 246.15
202.3401 244.942
202.1041 244.415
201.8717 244.356
201.4174 245.112
200.7856 246.569
200.0176 248.657
199.1279 251.385
198.279 254.444
197.3953 258.006
196.4941 262.043
195.5677 266.446
194.6207 271.163
193.5888 276.194
192.4451 281.62
191.418 286.785
190.3371 292.083
189.2386 297.519
188.0831 302.696
186.6941 307.727
184.9772 312.556
182.9216 317.137
180.6038 321.479
177.9396 325.469
175.0385 328.971
172.0169 332.065
168.9824 334.772
166.0128 336.893
163.116 338.74
160.3872 340.171
157.9416 341.218
155.7469 342.104
154.0231 342.469
152.6948 342.751
151.8772 343.061
151.87 343.163
152.6983 343.474
154.5861 343.733
157.4689 344.307
161.245 345.214
165.8017 346.518
171.1602 347.551
177.0243 348.871
183.2433 350.428
189.7944 352.021
196.4347 353.787
203.1271 355.338
209.7688 356.854
216.1782 358.044
222.2384 358.888
227.8 359.775
232.7131 360.711
236.7604 362.005
239.9932 363.042
242.55341 363.813
244.63525 363.771
246.27218 363.937
247.55671 363.755
248.3779 363.725
248.91391 363.645
249.059541 363.443
248.89478 363.452
248.69955 363.189
248.31057 363.056
247.81085 362.893
247.23085 362.695
246.63243 362.571