256.15061 399.66
257.04348 400.52
257.86708 401.52
258.42943 402.826
258.76311 404.873
258.92697 407.009
258.8043 409.152
258.43853 411.38
257.6663 413.243
256.62306 415.28
255.31686 416.607
253.65362 417.616
251.86456 417.712
249.81945 418.294
247.70598 417.996
245.67762 417.138
243.81781 416.149
242.12994 415.064
240.59641 412.78
239.2237 409.973
237.9175 406.137
236.8933 401.694
236.0681 396.604
235.5357 390.988
235.113 384.653
235.0836 378.143
235.4037 371.186
235.9332 364.048
236.6384 356.417
237.4086 348.762
238.0172 341.609
238.7473 334.533
239.319 327.883
239.7431 321.528
240.07897 315.726
240.20464 310.631
240.28215 306.027
240.33927 301.819
240.26362 298.062
240.18687 294.618
239.9069 291.843
239.5317 289.47
239.3747 287.213
239.1612 285.586
238.7633 284.606
238.3784 284.073
237.9622 284.006
237.5012 284.44
237.0509 285.18
236.2771 286.831
235.4189 288.9
234.5201 291.248
233.4425 294.21
232.0896 297.487
230.6129 301.046
228.874 305.075
226.9862 309.217
225.0336 313.582
222.9695 317.875
220.8693 322.028
218.6025 326.286
216.2473 330.813
213.842 335.237
211.3816 339.445
208.9756 343.004
206.5324 346.258
204.1715 349.076
201.9178 351.658
199.8038 354.067
197.8763 356.122
196.106 358.008
194.5393 359.518
193.1564 360.806
191.9131 362.206
190.9519 363.389
190.3032 364.232
190.0089 364.736
190.0989 365.068
190.6071 365.73
191.7563 366.024
193.6487 366.315
196.1926 366.807
199.5198 367.78
203.3617 368.887
207.6484 370.203
212.3344 371.383
217.325 372.587
222.3338 373.671
227.3972 374.732
232.2939 376.025
237.1334 376.846
241.52331 377.722
245.58327 378.654
249.163092 379.476
252.19675 380.496
254.68306 381.25
256.85629 382.114
258.60913 382.929
259.98349 383.537
260.9215 384.204
261.3424 384.29
261.2742 384.903
260.9536 385.207
260.37 385.219