259.48547 390.516
259.25083 391.144
258.93724 391.888
258.50994 392.605
257.91943 393.121
257.09417 393.565
256.089 393.814
254.75791 394.226
253.13746 394.391
251.16541 394.247
249.311458 394.207
247.54569 394.205
245.898 394.175
244.27812 393.534
242.75575 393.008
241.32917 392.205
240.01116 391.391
238.7696 390.493
237.5213 389.344
236.2748 387.435
235.012 385.186
233.9454 382.91
233.1117 380.387
232.5113 378.008
232.092 375.281
231.7968 372.137
231.6326 369.057
231.5041 365.983
231.4655 362.678
231.4248 359.282
231.4553 355.686
231.5189 352.143
231.6401 348.738
231.8871 345.286
232.1304 341.877
232.097 338.689
232.1259 335.396
232.1489 332.098
232.1748 328.82
232.1993 325.672
232.2966 322.239
232.4281 318.707
232.5691 315.295
232.6963 312.185
232.8383 309.074
232.7713 306.258
232.6874 303.452
232.5885 300.717
232.4654 298.139
232.3739 295.732
232.2951 293.327
232.1957 291.282
232.1124 289.316
232.0346 287.45
231.9784 285.892
231.9262 284.447
231.8289 283.175
231.6936 282.218
231.5502 281.292
231.3789 280.62
231.1252 280.335
230.8713 280.133
230.5638 280.376
230.2036 280.936
229.7875 281.751
229.3787 282.861
228.9031 284.342
228.4432 286.013
228.001 287.865
227.5753 289.866
227.1686 292.113
226.8797 294.213
226.5243 296.424
226.0711 298.88
225.6017 301.415
225.0402 304.201
224.4634 307.027
223.8135 309.827
223.103 312.644
222.346 315.505
221.5427 318.272
220.702 321.064
219.8336 323.791
219.0964 326.303
218.3174 328.894
217.508 331.434
216.7281 333.845
215.9468 336.239
215.2237 338.511
214.4786 340.766
213.7436 343.126
213.0204 345.414
212.3507 347.459
211.7472 349.346
211.1601 351.109
210.5865 352.96
210.0982 354.42
209.6138 355.646
209.0525 356.615
208.3683 357.669
207.5788 358.675
206.7726 359.183
205.8831 359.469
205.0347 359.447
204.1852 359.481
203.4233 359.302
202.753 359.131
202.2443 358.684
201.9135 358.134
201.8394 357.51
201.9856 356.994
202.4449 356.633
203.2934 356.162
204.537 355.693
206.197 355.492
208.3209 355.203
210.7755 355.143
213.517 355.19
216.4374 355.345
219.5508 355.578
222.8275 355.631
226.1322 355.981
229.3951 356.423
232.54 357.146
235.6465 357.775
238.6463 358.231
241.55226 358.963
244.33717 359.75
246.79381 360.606
248.89331 361.143
250.746586 361.785
252.26334 362.015
253.48637 361.985
254.46705 362.303
255.1133 362.372
255.47884 362.339
255.74088 362.603
255.79678 362.968
255.73839 363.289
255.51298 363.624
255.19834 363.726
254.79606 363.913
254.37275 363.723
253.87818 363.675
253.36635 363.355
252.80279 363.324