261.0382 398.333
260.6218 399.029
259.93724 399.869
259.13727 400.807
257.95334 401.629
256.3869 401.812
254.55077 401.933
252.50266 401.988
250.380452 401.894
248.31723 401.736
246.32663 400.934
244.26234 400.048
242.17661 398.554
240.09952 395.877
237.9795 393.122
236.007 389.759
234.2252 386.394
232.6874 383.192
231.2215 379.973
230.1349 376.613
229.3632 373.53
228.9427 370.388
228.8675 367.315
229.1344 364.78
229.7369 362.409
230.6441 360.306
231.8054 358.614
233.3285 357.271
235.1796 356.212
237.2239 355.59
239.4015 354.962
241.71914 354.316
244.04946 354.168
246.21707 354.581
248.19303 355.533
250.00377216 357.149
251.60871 359.468
252.98859 362.248
254.21475 365.287
255.32489 368.23
256.29268 371.275
257.21913 374.487
257.92924 377.642
258.44544 380.423
259.05 383.169
259.15566 385.99
259.43072 388.132
259.50579 390.267
259.46022 391.877
259.32305 393.202
259.14218 394.287
258.98685 395.217
258.87162 396.126
258.6812 396.646
258.48784 396.602
258.37872 396.16
258.35949 395.315
258.41367 394.059
258.66628 392.854
259.074 391.424
259.28404 389.747
259.67393 387.776
260.3054 385.591
261.109 383.091
262.1116 380.418
263.1631 377.275
264.2146 373.769
265.3515 369.571
266.4489 365.252
267.3611 360.839
267.9731 356.121
268.3686 351.2
268.2268 345.847
268.0037 340.274
267.5914 334.393
266.937 328.635
266.1528 322.622
265.1793 316.825
263.8159 311.499
262.4721 306.127
260.7352 301.487
259.20052 296.904
257.31503 293.115
255.45921 289.817
253.51633 286.922
251.43476 284.441
249.257462 282.333
247.03475 280.629
244.75697 279.401
242.51032 278.509
240.26925 277.941
238.0854 278.04
236.1797 278.641
234.7361 279.832
233.9002 281.495
233.6279 283.839
233.9318 286.643
234.6864 289.75
235.8394 293.129
237.3353 296.44
239.1475 299.722
241.37261 302.874
243.73251 306.186
246.23975 309.493
248.75783 313.129
251.1556 316.5
253.34341 319.604
255.24858 322.639
256.87031 325.433
258.1635 328.075