327.439 424.837
326.035 425.899
324.3942 426.375
322.4035 426.915
320.1201 427.538
317.5433 428.305
314.7311 428.272
311.985 427.799
309.0807 427.339
306.1465 426.373
303.4518 425.851
300.7182 424.377
298.0773 423.007
295.4543 421.366
292.9785 419.562
290.562 417.286
288.3118 414.832
286.2686 411.999
284.445 409.073
282.8 405.701
281.4252 402.378
280.2824 398.844
279.3922 395.706
278.7884 392.532
278.4176 389.215
278.2266 386.185
278.3736 383.489
278.8578 381.058
279.7921 378.648
280.9736 376.615
282.4797 374.881
284.4123 373.424
286.7746 372.72
289.5456 372.876
292.4939 372.902
295.7039 373.737
298.9204 374.832
302.0472 376.133
304.9902 377.985
307.7141 380.348
310.1029 382.919
312.3147 385.891
314.2924 388.789
315.7585 392.088
316.9602 395.459
317.7651 398.476
318.2968 401.037
318.8151 403.861
318.9367 405.925
319.0168 407.945
319.0837 410.044
319.0995 412.451
318.9074 414.174
318.7497 415.576
318.4413 416.914
318.0353 418.381
317.5727 419.422
317.2992 420.131
316.8709 420.765
316.5004 421.217
315.8454 421.566
315.2755 421.333
314.8515 421.083
314.567 420.888
314.4687 420.908
314.2695 419.937
314.0558 418.467
314.2396 417.486
314.4534 416.04
314.818 414.222
315.388 412.053
316.1123 409.617
316.9924 406.675
318.052 403.701
319.115 400.485
319.8461 396.933
320.5439 393.347
321.2761 389.404
321.8685 384.682
322.3015 379.627
322.6713 374.527
322.8206 368.773
323.0261 363.023
322.8322 357.082
322.7073 350.88
322.683 345.022
322.6054 339.379
322.5052 334.089
322.0937 329.218
321.5878 324.358
321.0193 319.398
320.425 314.419
319.7143 309.407
318.9993 304.753
318.0396 300.662
317.1553 296.789
316.2424 293.133
315.2846 289.828
314.116 286.639
312.7617 283.703
311.2309 280.95
309.2342 278.842
307.0405 276.873
304.7155 274.935
302.2705 273.163
299.644 271.841
296.8709 270.883
293.9589 270.497
290.9845 270.857
288.0452 272.016
285.1891 273.652
282.6393 275.474
280.3147 277.94
278.3034 280.697
276.5662 283.767
275.1395 286.971
274.1643 289.799
273.4576 292.68
272.9653 295.517
272.7024 298.18
272.6295 300.738
272.733 303.008
273.0022 304.895