274.4356 350.52
273.776 351.396
272.8944 352.207
271.6298 353.102
269.9822 353.849
267.9542 354.208
265.7055 354.337
263.3175 354.183
260.9458 354.258
258.56952 353.9
255.99539 353.22
253.5242 352.07
251.1266 350.427
248.83464 348.053
246.63916 345.055
244.57158 341.69
242.73161 337.977
241.13966 334.555
239.9016 331.313
239.0537 328.386
238.5778 325.616
238.4948 322.895
238.7335 320.342
239.2954 317.858
240.18832 315.599
241.33132 313.822
242.74026 312.421
244.39732 311.349
246.28629 310.737
248.2958 310.496
250.369386 310.816
252.43407 311.699
254.43249 312.804
256.3803 314.451
258.20657 316.467
259.94339 318.847
261.585 321.508
263.1073 324.181
264.4845 326.9
265.9058 329.467
267.1924 332.132
268.3022 334.538
269.2615 336.886
270.0502 338.868
270.705 340.798
271.288 342.664
271.7795 344.209
272.1307 345.636
272.4056 346.978
272.5055 348.056
272.4671 348.987
272.2475 349.463
272.0041 349.656
271.8578 349.746
271.6992 349.575
271.5947 349.369
271.5527 348.813
271.6067 348.256
271.7259 347.347
271.9425 346.284
272.2689 344.89
272.6474 343.123
273.2153 341.254
273.8108 339.001
274.8078 336.341
275.6973 333.165
276.5808 329.656
277.4006 325.625
278.1884 321.423
278.9492 317.161
279.55 312.992
280.1541 308.626
280.7143 304.249
281.1606 299.621
281.4953 294.886
281.7362 290.052
281.7203 285.434
281.6734 280.871
281.5459 276.366
281.2729 271.973
280.8039 267.817
280.2067 263.958
279.3807 260.689
278.4399 257.689
277.3506 254.816
276.0051 252.16
274.3743 249.607
272.4052 247.295
270.1913 245.286
267.8005 243.652
265.2469 242.465
262.5036 241.782
259.58954 241.787
256.59313 242.476
253.66754 243.61
251.03863 244.774
248.76293 246.488
246.91043 248.557
245.53251 250.82
244.58795 253.04
244.00035 255.215
243.69761 257.357
243.59369 259.404
243.60906 261.124
243.68804 262.849