349.8685 427.953
348.7214 428.479
347.179 428.89
345.1246 428.763
342.7814 428.813
340.4298 429.161
337.7158 428.891
334.9974 428.551
332.2509 428.24
329.2875 427.449
326.2987 426.659
323.3684 425.287
320.6049 423.738
318.1336 421.994
316.0751 420.245
314.0535 417.528
312.4585 414.976
311.0521 411.766
309.9586 408.359
309.0721 404.297
308.4469 400.008
308.0334 395.665
307.8159 390.995
308.0299 387.486
308.4309 384.429
309.3426 382.227
310.594 380.922
312.3062 379.839
314.2644 379.781
316.4875 380
318.9529 380.822
321.4121 381.5
324.0737 382.761
326.4708 384.475
328.8134 386.535
331.4363 389.009
333.7679 391.547
335.8443 393.915
337.6347 396.129
339.2134 398.434
340.5956 400.972
341.7796 403.577
342.609 405.842
343.1012 407.695
343.7041 409.753
344.1983 411.704
344.6924 413.74
345.2549 415.937
345.6848 417.919
346.1025 419.711
346.3917 421.135
346.5628 422.025
346.8617 423.043
347.0229 423.84
347.2153 424.901
347.1812 425.418
347.1871 425.988
347.1808 426.412
347.292 426.787
347.3003 426.554
347.268 426.025
347.2902 425.398
347.1985 424.478
347.0875 423.107
347.2242 421.919
347.3928 420.465
347.7038 418.555
348.0692 416.413
348.5761 413.904
349.1031 410.567
349.5264 406.526
349.9886 402.501
350.767 398.426
351.591 393.941
352.458 389.147
353.154 383.911
353.838 378.487
354.461 373.369
354.834 367.723
354.874 362
354.679 356.315
354.344 350.773
353.998 345.604
353.043 340.532
351.553 334.943
349.7822 329.519
347.7942 324.397
345.7382 319.991
343.5465 316.101
341.1158 312.712
338.5173 309.832
335.7566 307.162
332.8432 305.322
329.8101 303.569
326.782 302.126
323.8986 300.793
321.1081 300.556
318.2374 301.233
315.5084 302.363
312.8665 303.447
310.3373 304.837
307.9371 306.588
305.8206 308.67
304.011 310.899
302.5729 313.251
301.4741 315.597
300.8087 317.892
300.5832 320.102
300.6793 322.026
301.1342 324.018
301.8001 325.833