270.6264 398.482
270.7238 399.247
270.8381 400.03
270.9187 400.746
270.9465 401.287
270.9804 401.733
271.075 402.006
271.2029 402.319
271.376 402.614
271.5849 403.12
271.8501 403.304
272.1593 403.148
272.4959 402.956
272.7927 402.228
273.1156 400.619
273.518 398.744
273.9535 396.28
274.406 393.516
274.9907 390.302
275.4296 386.492
275.8146 381.684
276.1728 376.534
276.4756 371.157
276.798 365.581
277.0775 359.594
277.3301 353.199
277.4681 346.884
277.7298 340.856
278.1116 334.996
278.4509 329.345
278.7514 324.034
278.9247 318.674
279.0136 313.423
278.8976 308.546
278.8976 303.88
279.0044 299.683
279.1147 295.628
279.1828 291.813
279.1746 288.317
279.15 285.222
279.1052 282.392
278.9105 280.002
278.7344 277.938
278.5872 276.343
278.471 275.224
278.3514 274.618
278.2245 274.542
278.1126 274.939
277.9308 275.838
277.8884 277.125
277.7951 278.846
277.8515 281.069
278.0588 283.662
278.4003 286.486
278.8899 289.57
279.5321 292.791
280.3513 296.291
281.493 299.953
282.6209 303.632
283.7785 307.343
284.9734 310.962
286.2881 314.454
287.5603 317.734
288.8355 320.77
290.0914 323.489
291.3961 325.96
292.7746 328.164
294.2282 330.024
295.8112 331.787
297.401 333.379
298.8623 334.385
300.3474 335.249
301.93 335.915
303.607 335.936
305.4554 335.639
307.2176 334.831
308.8542 333.766
310.2986 332.122
311.7594 330.397
313.2001 328.437
314.6082 326.335
316.0027 323.762
317.305 320.997
318.5295 317.973
319.6106 314.605
320.5135 310.887
321.425 306.818
322.1464 302.265
322.7815 297.828
323.3627 293.265
323.8263 288.918
324.2001 285.15
324.6831 281.828
325.1143 278.55
325.3072 275.896
325.7614 273.214
326.0079 271.035
326.36 269.032
326.706 267.305
327.1541 266.046
327.7184 265.051
328.3411 264.46
328.9784 264.229
329.7141 264.681
330.5263 265.598
331.3507 266.905
332.1737 268.577
332.9964 270.432