222.0506 390.305
222.2647 392.334
222.4781 394.41
222.6489 396.158
222.8849 397.925
223.1079 399.305
223.279 400.575
223.4762 401.05
223.6183 401.073
223.7936 399.823
224.0254 398.693
224.2778 397.449
224.6014 395.457
224.9224 392.753
225.2849 389.024
225.6824 384.785
226.2677 380.027
226.8279 373.922
227.5668 366.835
228.4712 359.154
229.5502 351.041
230.6647 343.12
231.6479 335.121
232.6757 327.209
233.625 319.395
234.5753 311.575
235.4767 304.158
236.4786 296.747
237.5506 289.48
238.498 282.5
239.3419 275.79
240.11089 269.413
240.66567 263.677
241.12617 258.649
241.3403 254.633
241.52653 251.105
241.73544 248.042
241.87753 245.593
242.01318 243.62
242.15233 242.091
242.23041 241.183
242.21753 240.952
242.15071 241.295
242.07475 242.198
242.05966 243.708
242.17395 245.842
242.59525 248.294
243.17752 251.25
243.84593 254.656
244.60299 258.438
245.48588 262.457
246.43011 266.734
247.61455 271.063
248.90869 275.443
250.385202 279.89
252.06277 284.123
253.92454 288.296
255.98456 292.281
258.18738 295.822
260.4741 299.124
262.7411 301.793
265.078 303.771
267.6844 305.074
270.2644 305.836
272.5574 305.686
274.7567 304.993
276.8415 303.487
278.8263 301.455
280.6963 298.737
282.5387 295.455
284.1936 291.781
285.7035 287.71
286.8755 283.432
288.1192 279
289.0727 274.831
289.9944 270.889
290.8831 267.257
291.7106 263.836
292.4136 260.572
292.9321 257.446
293.4419 254.571
293.8144 252.261
294.1514 250.24
294.4304 248.821
294.7321 247.841
295.0352 247.356
295.2131 247.301
295.4515 247.672
295.7148 248.35
295.9629 249.201
296.2676 250.34
296.7011 251.703
297.1587 253.04
297.6224 254.336