265.4395 422.163
265.4337 421.084
265.4891 419.33
265.5961 416.597
265.8386 413.268
266.1783 409.036
266.4675 403.743
266.8196 397.412
266.9621 390.061
267.0236 381.747
267.071 372.459
267.1606 362.32
267.0101 351.365
266.9991 339.559
266.9898 327.495
266.7901 315.385
266.545 303.504
266.1243 292.369
265.9081 282.371
265.8737 273.751
265.8044 266.61
265.7874 260.404
265.7178 254.854
265.5932 249.988
265.3098 245.875
264.8535 242.514
264.3892 239.752
263.8887 237.678
263.4563 236.243
263.1339 235.616
262.9389 235.857
262.871 236.941
263.0541 238.586
263.4106 241.054
263.8985 244.509
264.6284 248.68
265.632 253.452
266.792 258.796
268.0185 264.56
269.4681 270.484
271.0667 276.351
272.8969 281.859
274.9574 286.726
277.3338 291.042
279.8403 294.596
282.3394 297.231
284.7112 299.127
286.8325 300.081
288.6905 299.941
290.3748 298.703
291.976 296.248
293.6056 292.98
295.1696 289.063
296.5756 284.853
298.0327 280.06
299.3391 274.891
300.4268 269.437
301.1087 264.033
301.6056 258.679
301.8195 253.507
301.8478 248.759
301.7829 244.595
301.6634 241.291
301.6763 238.65
301.4517 236.873
301.3585 235.525
301.3593 234.582
301.3392 234.061
301.3598 233.908
301.4199 234.029
301.6766 234.325
301.8697 234.92
301.9999 235.736
302.1196 236.723
302.3033 237.925
302.451 239.473
302.6338 241.217
302.9525 242.987
303.2196 244.714