281.2992 291.208
281.4382 291.448
281.5633 291.571
281.6601 291.627
281.7266 291.641
281.7733 291.576
281.8039 291.437
281.8259 291.155
281.8156 290.688
281.7763 290.092
281.7088 289.353
281.6286 288.458
281.5108 287.347
281.3162 285.937
281.0448 284.327
280.7261 282.617
280.3351 280.789
279.9005 278.808
279.4646 276.866
278.9894 274.766
278.5153 272.466
278.0811 270.078
277.6343 267.519
277.1831 264.697
276.745 261.727
276.324 258.716
275.9415 255.645
275.6036 252.583
275.3101 249.841
275.0425 247.475
274.8091 245.546
274.6011 244.014
274.4129 242.923
274.2345 242.172
274.0832 241.767
273.9528 241.652
273.8537 241.836
273.7963 242.338
273.7881 243.096
273.8306 244.109
273.9086 245.463
274.0418 247.056
274.2488 248.909
274.5391 250.873
274.92 252.983
275.3658 255.136
275.8227 257.349
276.236 259.512
276.6229 261.794
276.9483 264.109
277.2598 266.394
277.57 268.666
277.8636 270.88
278.1662 273.093
278.4474 275.235
278.7253 277.386
279.0093 279.635
279.3171 282.007
279.6324 284.497
279.9549 287.036
280.3335 289.595
280.7412 291.996
281.2158 294.324
281.7174 296.448
282.2152 298.479
282.6791 300.333
283.1902 302.433
283.6448 304.376
284.071 306.317
284.4795 308.237
284.9161 310.188
285.3954 312.053
285.9046 313.881
286.4693 315.809
286.8652 317.109
287.2381 318.298
287.6613 319.753
288.0174 321.012
288.2225 321.74
288.4383 322.308
288.5291 322.588
288.3827 321.866
288.1556 320.81
287.886 319.542
287.5715 317.914
287.2389 316.243
286.887 314.906
286.4793 313.803
286.0294 313.214
285.5308 313.054
285.0312 313.311
284.5796 313.711
284.1356 313.998
283.8505 314.606
283.6254 315.233
283.3534 315.672
283.0387 316.122
282.6871 316.468
282.289 316.684
281.8732 316.923
281.4504 317.09
281.0486 317.159
280.7236 317.24
280.4823 317.531
280.2962 317.601
280.1591 317.519
280.0953 317.536
280.0988 317.644
280.1412 317.714
280.3041 318.116
280.4725 318.454
280.6045 318.464
280.8735 318.891
281.0649 318.889
281.2972 319.071
281.5281 319.342
281.6371 319.065
281.758 318.948
281.9306 319.252
281.9878 319.073
282.047 319.067
282.0822 319.117
282.1725 319.528
282.1597 319.529
282.1621 319.605
282.2146 319.813
282.2381 319.857
282.3122 320.155