268.7531 254.136
268.7392 254.14
268.727 254.065
268.7617 253.817
268.8293 253.369
268.9616 252.823
269.1678 252.235
269.4586 251.627
269.8638 250.954
270.4194 250.225
271.0513 249.579
271.7622 249.048
272.5211 248.627
273.3706 248.352
274.2194 248.228
275.1479 248.332
276.1417 248.642
277.2026 249.22
278.3371 250.039
279.5963 251.106
280.9335 252.322
282.2962 253.828
283.5888 255.516
284.8067 257.435
285.9544 259.542
287.0266 261.796
287.9988 264.058
288.9008 266.31
289.787 268.623
290.7117 270.975
291.7207 273.279
292.7915 275.399
293.8761 277.319
294.9589 279.165
296.0501 281.045
297.0894 282.711
298.1553 284.565
299.1832 286.17
300.2286 287.95
301.2154 289.538
302.1557 290.976
303.0487 292.266
303.8448 293.385
304.5621 294.334
305.1955 295.141
305.7245 295.72
306.1062 296.02
306.3808 296.134
306.5269 295.957
306.5879 295.624
306.5691 295.068
306.5096 294.435
306.3954 293.64
306.2233 292.571
306.0093 291.117
305.708 289.247
305.3369 287.03
304.9267 284.581
304.465 281.789
303.9655 278.614
303.4674 275.227
302.9812 271.714
302.529 268.116
302.2106 264.956
301.9736 262.162
301.8044 259.779
301.7146 257.694
301.7218 255.911
301.8329 254.42
302.0709 253.251
302.4438 252.366
302.9757 251.674
303.7281 251.11
304.7318 250.718
305.9018 250.41
307.1629 250.171
308.4301 250.093
309.6879 250.18
310.8906 250.526
312.0202 251.141
313.0293 252.064
313.9325 253.304
314.8066 254.906
315.6474 256.935
316.412 259.397
317.0551 262.312
317.5373 265.534
317.8638 268.956
318.1044 272.36
318.2772 275.549
318.3913 278.569
318.4635 281.428
318.4973 284.231
318.4933 286.999
318.498 289.809
318.523 292.462
318.5918 294.898
318.7158 297.165
318.8097 299.094
318.9021 300.89
318.9689 302.581
319.019 304.313
319.0487 306.049
318.9994 307.585
318.9834 309.155
318.9937 310.669
319.1133 312.211
319.2393 313.529
319.3394 314.56
319.4227 315.383
319.5068 316.012
319.6007 316.326
319.7578 316.25
320.006 315.961
320.339 315.295
320.7441 314.615
321.1425 313.752
321.5252 312.928
321.8044 312.325
321.8601 311.728
321.8177 311.471
321.6983 311.433
321.5813 311.449
321.4916 311.445
321.4669 311.552
321.5356 311.794
321.6614 312.238
321.8445 312.829
322.0365 313.264
322.2941 313.902
322.6077 314.713
322.8436 315.263
323.1766 316.083
323.6573 317.381
324.0505 318.024
324.4262 318.491
324.7942 318.909
325.1315 319.134
325.4249 319.295
325.8008 319.656
326.1012 319.754
326.3459 319.822
326.5625 319.855
326.8201 320.074
326.9913 320.01
327.1445 319.886
327.3095 319.891
327.4057 319.854
327.5524 319.977
327.6205 320.029
327.6176 320.137
327.5603 320.242
327.4154 320.283
327.2423 320.303
327.1223 320.595
326.9635 320.761
326.7097 320.83
326.5568 321.195
326.3206 321.472
326.0603 321.616
325.7779 321.784
325.4323 321.775
325.0443 321.792
324.6633 321.851
324.3305 322.099
324.0119 322.374
323.6886 322.708
323.2652 322.683
322.8945 322.702
322.5273 322.679