0.300061 1.36151
0.276849 1.3829
0.250386 1.39255
0.221649 1.39086
0.190277 1.38632
0.155773 1.38798
0.118249 1.37505
0.0787333 1.37959
0.0322716 1.37109
-0.0170124 1.35162
-0.0675758 1.33685
-0.119851 1.32769
-0.175839 1.31385
-0.229954 1.29061
-0.285444 1.28369
-0.342595 1.27534
-0.401276 1.26376
-0.461409 1.23571
-0.523958 1.22825
-0.583186 1.20344
-0.644876 1.18543
-0.706696 1.1652
-0.768739 1.12346
-0.829483 1.08057
-0.889058 1.04237
-0.949061 1.00232
-1.006 0.962887
-1.06177 0.910184
-1.11953 0.861943
-1.17687 0.818165
-1.23719 0.762153
-1.29469 0.693639
-1.35077 0.628702
-1.40808 0.581307
-1.45665 0.501598
-1.50397 0.430314
-1.55343 0.368032
-1.60231 0.309866
-1.64786 0.237889
-1.69012 0.155872
-1.73083 0.0932053
-1.76618 0.0226521
-1.79779 -0.0503248
-1.82307 -0.126918
-1.84651 -0.198163
-1.86269 -0.273795
-1.87052 -0.354889
-1.87694 -0.429058
-1.88017 -0.494841
-1.88009 -0.555584
-1.87082 -0.638602
-1.85769 -0.71531
-1.84213 -0.769975
-1.82162 -0.827718
-1.79889 -0.884499
-1.77247 -0.936549
-1.74199 -0.978865
-1.70932 -1.01791
-1.67455 -1.05403
-1.63976 -1.08204
-1.60237 -1.11001
-1.564 -1.14886
-1.52485 -1.1786
-1.48009 -1.21299
-1.43102 -1.23877
-1.37827 -1.26069
-1.31818 -1.28354
-1.25845 -1.28304
-1.19708 -1.29343
-1.13723 -1.29874
-1.07775 -1.29989
-1.01495 -1.29574
-0.952576 -1.2827
-0.886454 -1.27458
-0.818935 -1.26254
-0.7491 -1.25019
-0.679535 -1.22765
-0.610382 -1.20853
-0.542445 -1.18625
-0.477957 -1.16187
-0.418835 -1.12297
-0.367575 -1.07539
-0.321437 -1.02361
-0.275677 -0.982404
-0.233812 -0.945974
-0.194458 -0.906581
-0.156573 -0.859148
-0.121211 -0.816216
-0.0869385 -0.757434
-0.0538762 -0.704962
-0.0231286 -0.638025
0.0085945 -0.565625
0.0439703 -0.490609
0.0811873 -0.435829
0.116796 -0.37647
0.147283 -0.303993
0.174115 -0.231747
0.199394 -0.169696
0.22559 -0.10676
0.250544 -0.051248
0.26937 0.0106496
0.287774 0.0694696
0.298587 0.132098
0.314001 0.186917
0.316944 0.232427
0.322379 0.278282
0.32185 0.345143
0.317177 0.407963
0.318525 0.472592
0.326556 0.523642
0.333087 0.584308
0.33343 0.64082
0.329964 0.694062
0.317591 0.74565
0.296454 0.802931
0.268825 0.863174
0.242595 0.921917
0.220835 0.962272
0.208361 1.02325
0.201507 1.07126
0.192501 1.12011
0.18235 1.17155
0.173877 1.22475
0.163552 1.27834
0.154247 1.32439
0.1467 1.36678
0.140101 1.39629
0.135312 1.44441
0.132851 1.47511
0.13299 1.49481
0.128678 1.50927
0.126746 1.51666
0.125894 1.52462
0.125388 1.52424
0.125358 1.52535
0.120503 1.53839
0.116283 1.53174
0.113484 1.52012
0.113954 1.48942
0.114819 1.46172
0.116447 1.4411
0.117375 1.42306
0.120308 1.39709
0.122126 1.36805
0.127394 1.34397
0.131846 1.30315
0.136573 1.2486
0.144781 1.19621
0.152674 1.137
0.162539 1.0696
0.17503 1.00724
0.185474 0.944576
0.194148 0.8751
0.202882 0.801815
0.215704 0.706334
0.232087 0.636127
0.251304 0.565804
0.273081 0.502714
0.291364 0.436931
0.313545 0.372456
0.324885 0.30725
0.343167 0.230196
0.356672 0.169606
0.361855 0.119634
0.369948 0.0757016
0.384438 0.0136117
0.402935 -0.0444004
0.425558 -0.094911
0.450565 -0.154193
0.471066 -0.209743
0.48915 -0.274833
0.511147 -0.338424
0.535476 -0.385626
0.559634 -0.431982
0.587789 -0.471297
0.614333 -0.516345
0.643029 -0.559701
0.673439 -0.603402
0.706203 -0.651681
0.741267 -0.694921
0.781043 -0.742123
0.821584 -0.787364
0.862035 -0.826103
0.899709 -0.862533
0.9367 -0.918083
0.973757 -0.957553
1.00733 -0.998177
1.03225 -1.00506
1.06536 -1.04499
1.09974 -1.08393
1.13132 -1.10685
1.16093 -1.13513
1.19027 -1.15559
1.22158 -1.17337
1.25601 -1.18664
1.28857 -1.20391
1.32355 -1.21064
1.35654 -1.22765
1.40144 -1.24704
1.43068 -1.24434
1.45537 -1.24269
1.47991 -1.24631
1.50816 -1.24046
1.53488 -1.23103
1.56291 -1.21418
1.58948 -1.20526
1.61547 -1.20253
1.63687 -1.19622
1.6606 -1.18583
1.68549 -1.1766
1.70125 -1.15698
1.71282 -1.13236
1.72739 -1.11409
1.73681 -1.0997
1.74724 -1.07669
1.75024 -1.05192
1.74781 -1.03719
1.73929 -1.01272
1.72532 -0.998485
1.71304 -0.965439
1.69764 -0.937587
1.69318 -0.900272
1.68415 -0.865457
1.67638 -0.825295
