1.29591 1.04796
1.29658 1.04519
1.29545 1.04382
1.295 1.05234
1.29453 1.05674
1.28982 1.05545
1.28247 1.06015
1.27415 1.06991
1.26113 1.07696
1.24766 1.08546
1.23218 1.09586
1.21454 1.10463
1.196 1.11496
1.17446 1.12314
1.15354 1.13402
1.12862 1.13812
1.09821 1.14565
1.06845 1.15697
1.03521 1.16523
0.999494 1.16895
0.958466 1.18168
0.913993 1.18402
0.866785 1.18745
0.817735 1.18523
0.76701 1.18145
0.714144 1.17721
0.659662 1.17259
0.605797 1.16677
0.551053 1.16457
0.496642 1.161
0.441446 1.15532
0.385461 1.1509
0.325372 1.15076
0.265759 1.14281
0.204696 1.12856
0.143117 1.11281
0.0821905 1.09851
0.0198746 1.08383
-0.0406774 1.06576
-0.105393 1.0517
-0.169472 1.03225
-0.236557 1.01899
-0.309616 1.01095
-0.380116 0.99375
-0.451031 0.976388
-0.521364 0.9514
-0.591982 0.926915
-0.660528 0.899476
-0.731318 0.874876
-0.796853 0.842581
-0.862453 0.813699
-0.923308 0.779869
-0.983141 0.745581
-1.03636 0.711271
-1.08975 0.67751
-1.13794 0.64526
-1.1816 0.615599
-1.22078 0.583625
-1.25558 0.549176
-1.28464 0.510056
-1.31223 0.473661
-1.33462 0.439007
-1.3522 0.405795
-1.35985 0.371691
-1.36524 0.335891
-1.36126 0.301558
-1.3572 0.269995
-1.34962 0.241228
-1.3358 0.20781
-1.32509 0.178241
-1.30906 0.156596
-1.29033 0.134333
-1.26934 0.111749
-1.24576 0.0890053
-1.22149 0.0697657
-1.19489 0.0507322
-1.16602 0.0316987
-1.13717 0.0161237
-1.10787 0.00361796
-1.07407 -0.012438
-1.03574 -0.0257454
-0.996159 -0.0391215
-0.953168 -0.0525435
-0.908675 -0.0625527
-0.863338 -0.0698592
-0.817526 -0.0780818
-0.773894 -0.0890759
-0.73218 -0.0953059
-0.68939 -0.103093
-0.647765 -0.109759
-0.605837 -0.116172
-0.563256 -0.118508
-0.521584 -0.116744
-0.477536 -0.114294
-0.435435 -0.112393
-0.395212 -0.107033
-0.357055 -0.102406
-0.318227 -0.0954433
-0.277362 -0.0836018
-0.230767 -0.0759059
-0.186024 -0.0663319
-0.142563 -0.0517876
-0.100261 -0.0376786
-0.0597053 -0.0236611
-0.0187217 -0.0131709
0.0199281 -0.000298684
0.0607751 0.0160321
0.107983 0.0297518
0.159252 0.0519919
0.214685 0.0662613
0.27029 0.0827067
0.312438 0.0969073
0.348338 0.110077
0.375407 0.126042
0.404964 0.133669
0.427057 0.14787
0.447142 0.163651
0.46788 0.181722
0.493274 0.197938
0.512908 0.222309
0.539128 0.239349
0.560472 0.257581
0.576631 0.271782
0.590225 0.291388
0.603017 0.310811
0.616861 0.327737
0.628329 0.351856
0.643205 0.373615
0.656597 0.397825
0.666141 0.421851
0.672145 0.444733
0.672887 0.464751
0.673659 0.487953
0.674865 0.504696
0.676944 0.524669
0.678428 0.544275
0.685294 0.561774
0.688631 0.587129
0.690211 0.617844
0.686339 0.646108
0.684688 0.671486
0.68644 0.689122
0.689813 0.706117
0.69419 0.721852
0.704399 0.739878
0.712386 0.760377
0.717007 0.776296
0.723735 0.784839
0.729621 0.799223
0.736759 0.817157
0.741635 0.831908
0.745727 0.844162
0.748102 0.857125
0.746695 0.868303
0.748084 0.878976
0.748536 0.888436
0.748435 0.89494
0.750282 0.900621
0.751856 0.913745
0.752651 0.926777
0.751808 0.934336
0.750026 0.9391
0.74521 0.944414
0.741641 0.949292
0.739093 0.955362
0.734657 0.965784
0.726865 0.975884
0.718295 0.987726
0.712564 1.00204
0.711056 1.00726
0.711994 1.01363
0.713669 1.02071
0.716793 1.01736
0.720237 1.01778
0.723367 1.02151
0.725689 1.02007
0.727103 1.02435
0.727115 1.03328
0.724395 1.04183
0.725784 1.04799
0.725475 1.04817
0.723967 1.04533
0.726616 1.05147
0.72851 1.04567
0.730814 1.03883
0.734194 1.03262
0.73847 1.0246
0.743286 1.01253
0.749159 0.999407
0.752212 0.987703
0.759742 0.97096
0.76552 0.951904
0.769328 0.932526
0.775603 0.909966
0.777892 0.888481
0.784862 0.866745
0.790533 0.839878
0.798184 0.803667
0.804849 0.762439
0.812196 0.720707
0.823709 0.678082
0.835257 0.628975
0.842674 0.58154
0.846269 0.536029
0.848021 0.486579
0.850415 0.434632
0.859074 0.374348
0.860965 0.318049
0.865084 0.262116
0.870655 0.204649
0.873378 0.148259
0.873564 0.0944566
0.873146 0.0452351
0.872812 0.000434255
0.876421 -0.0453744
0.879796 -0.0956037
0.881661 -0.148696
0.879268 -0.200757
0.870685 -0.250231
0.859297 -0.305407
0.850953 -0.363814
0.846083 -0.422128
0.8409 -0.474533
0.838702 -0.526114
0.839385 -0.578129
0.83729 -0.625267
0.834675 -0.670067
0.838673 -0.720892
0.837477 -0.76512
0.837283 -0.811387
0.836193 -0.862601
0.834587 -0.912052
0.827469 -0.951631
0.823361 -0.997874
0.819363 -1.04403
0.808051 -1.08038
0.791997 -1.11251
0.776917 -1.14749
0.762332 -1.18606
0.749795 -1.22609
0.732495 -1.25745
0.716371 -1.29155
0.702183 -1.32433
0.690935 -1.35926
0.685127 -1.4014
0.673861 -1.43175
0.660149 -1.46054
0.650409 -1.50482
0.62802 -1.52997
0.608208 -1.56936
0.58725 -1.61034
0.562913 -1.64902
0.532548 -1.68407
0.502129 -1.72021
0.422567 -1.67074
0.403177 -1.732
0.376791 -1.78446
0.342702 -1.82955
0.299159 -1.86441
0.254909 -1.87255
0.198039 -1.91322
0.152066 -1.85122
0.0825587 -1.88326
0.00721309 -1.94078
-0.0695043 -1.97868
-0.141524 -1.96565
-0.140271 -2.00649
-0.24844 -1.99055
-0.344376 -1.97784
-0.419977 -1.97548
-0.5054 -1.96851
-0.582836 -1.95823
-0.654233 -1.95207
-0.721133 -1.94458
-0.800612 -1.91902
-0.883476 -1.8872
-0.967724 -1.85901
-1.04359 -1.83565
-1.11918 -1.83528
-1.18371 -1.8258
-1.24343 -1.8159
-1.29831 -1.79339
-1.34571 -1.76047
-1.39232 -1.73212
-1.4373 -1.70205
-1.48772 -1.67048
-1.54564 -1.63716
-1.60761 -1.60067
-1.67798 -1.5613
-1.75144 -1.51968
-1.82068 -1.47623
-1.88025 -1.43674
-1.92809 -1.40239
-1.96544 -1.36627
-1.98892 -1.32935
-2.0019 -1.29197
-2.00463 -1.25236
-2.00513 -1.21166
-2.00093 -1.16464
-1.99624 -1.1225
-1.9886 -1.08287
-1.98375 -1.04446
-1.98107 -1.00724
-1.98184 -0.974947
-1.98653 -0.943362
-1.99362 -0.912693
-2.00369 -0.881681
-2.01679 -0.84863
-2.02748 -0.814869
-2.03374 -0.779985
-2.03618 -0.744209
-2.02938 -0.711914
-2.01909 -0.679687
-2.00421 -0.647163
-1.98743 -0.615624
-1.96654 -0.587039
-1.94734 -0.553897
-1.9277 -0.516837
-1.9037 -0.481748
-1.87943 -0.451491
-1.84943 -0.423617
