-0.806192 2.28551
-0.800384 2.28314
-0.79759 2.27355
-0.79704 2.26007
-0.798486 2.24819
-0.800756 2.24459
-0.802468 2.2325
-0.803187 2.22869
-0.80637 2.21062
-0.806297 2.17814
-0.810974 2.14502
-0.819391 2.11996
-0.82839 2.09057
-0.834052 2.04197
-0.837421 1.99677
-0.838156 1.94783
-0.838729 1.89953
-0.838317 1.83842
-0.842986 1.78227
-0.845038 1.72189
-0.847106 1.64305
-0.850078 1.56473
-0.854077 1.4906
-0.860919 1.42385
-0.863059 1.35376
-0.86352 1.27899
-0.861476 1.19232
-0.862486 1.11009
-0.861468 1.02201
-0.862106 0.934569
-0.865442 0.856202
-0.86856 0.768421
-0.873245 0.69298
-0.872995 0.606343
-0.874562 0.518307
-0.877235 0.425098
-0.886719 0.339183
-0.900733 0.254624
-0.916453 0.166037
-0.932705 0.0788495
-0.947156 -0.00108664
-0.959087 -0.0729656
-0.962398 -0.155446
-0.964644 -0.237672
-0.966841 -0.308745
-0.969636 -0.373966
-0.972487 -0.441478
-0.976494 -0.497157
-0.977827 -0.556357
-0.980937 -0.613096
-0.977996 -0.685145
-0.980032 -0.745023
-0.986728 -0.800278
-0.995646 -0.857485
-1.00544 -0.907779
-1.01711 -0.963798
-1.03119 -1.01795
-1.04788 -1.06477
-1.06502 -1.11638
-1.0828 -1.164
-1.10313 -1.21294
-1.12701 -1.26005
-1.15193 -1.30937
-1.17718 -1.35004
-1.19667 -1.39643
-1.21622 -1.42891
-1.23062 -1.45715
-1.23991 -1.47844
-1.2439 -1.49545
-1.24282 -1.51093
-1.23969 -1.51445
-1.23216 -1.51067
-1.21974 -1.4988
-1.20269 -1.47904
-1.17801 -1.458
-1.1497 -1.42573
-1.11664 -1.39427
-1.08367 -1.35419
-1.05062 -1.31153
-1.02103 -1.26692
-0.994055 -1.21951
-0.970654 -1.16434
-0.946534 -1.11108
-0.925362 -1.05756
-0.905015 -1.00345
-0.88915 -0.945605
-0.874958 -0.886067
-0.862631 -0.824917
-0.851298 -0.761392
-0.8399 -0.703761
-0.829319 -0.642526
-0.820151 -0.577899
-0.814133 -0.51412
-0.80717 -0.463571
-0.80263 -0.413744
-0.800312 -0.362177
-0.796846 -0.308024
-0.789326 -0.260105
-0.776176 -0.214094
-0.759972 -0.165496
-0.740246 -0.109393
-0.716239 -0.0667318
-0.688961 -0.0209753
-0.65934 0.0231698
-0.625842 0.0651522
-0.587651 0.111545
-0.542133 0.150008
-0.494176 0.188597
-0.444547 0.229774
-0.391121 0.270951
-0.335207 0.304833
-0.281563 0.344695
-0.22876 0.38214
-0.176497 0.416362
-0.126238 0.449694
-0.0760351 0.485315
-0.0228033 0.503932
0.0263494 0.528782
0.0724567 0.551257
0.121165 0.567711
0.170019 0.587006
0.221595 0.606852
0.271135 0.618853
0.319876 0.625977
0.367179 0.63272
0.410863 0.642686
0.454288 0.646587
0.498312 0.642346
0.543111 0.645739
0.588362 0.644975
0.629485 0.646672
0.670754 0.631914
0.7101 0.614824
0.745521 0.607234
0.779197 0.597141
0.812307 0.583741
0.841952 0.581832
0.873302 0.573054
0.903528 0.554311
0.930799 0.538238
0.9557 0.533913
0.978909 0.523905
1.00148 0.51165
1.02029 0.500285
1.03761 0.484934
1.05334 0.472466
1.06342 0.46373
1.06887 0.452493
1.07164 0.433283
1.07377 0.411274
1.07058 0.395032
1.06523 0.378833
1.06015 0.363524
1.05715 0.344823
1.05487 0.324934
1.05524 0.298515
1.05666 0.272011
1.05914 0.251698
1.0629 0.231428
1.06879 0.205178
1.07738 0.179777
1.08686 0.156538
1.09591 0.13296
1.10702 0.109467
1.11796 0.0905537
1.13002 0.0628623
1.14514 0.0493346
1.16291 0.0209223
1.18058 -0.00380065
1.1988 -0.0298382
1.21731 -0.0582929
1.23581 -0.0900129
1.25952 -0.115923
1.28427 -0.147474
1.30711 -0.184155
1.32498 -0.225035
1.33684 -0.252175
1.34751 -0.284446
1.3551 -0.318414
1.35897 -0.3601
1.36002 -0.395382
1.36242 -0.430155
1.36341 -0.477141
1.36233 -0.528708
1.35557 -0.565347
1.35395 -0.60822
1.35034 -0.643883
1.34284 -0.676536
1.3357 -0.714702
1.32776 -0.746592
1.32149 -0.782765
1.31913 -0.815333
1.32102 -0.848198
1.32494 -0.873684
1.33188 -0.901375
1.33989 -0.931145
1.34639 -0.959896
1.35179 -0.981312
1.35544 -1.00268
1.3567 -1.01702
1.35934 -1.03504
1.35842 -1.0573
1.3551 -1.07304
1.34837 -1.08779
1.3398 -1.10658
1.32871 -1.12549
1.32034 -1.14542
1.31138 -1.15849
1.30152 -1.16476
1.29479 -1.17477
1.29169 -1.19173
1.28799 -1.20361
1.28292 -1.21802
