-0.972624 2.44232
-0.973568 2.43665
-0.975413 2.4407
-0.971408 2.41859
-0.971047 2.40703
-0.967842 2.39093
-0.966037 2.37819
-0.963947 2.36277
-0.963406 2.34986
-0.961283 2.32829
-0.95607 2.3007
-0.949022 2.26225
-0.944212 2.23274
-0.940564 2.20214
-0.939616 2.17346
-0.93419 2.13084
-0.933303 2.09018
-0.932434 2.04578
-0.931201 1.99332
-0.934069 1.94892
-0.938331 1.90004
-0.942611 1.84693
-0.943778 1.77956
-0.948232 1.71929
-0.950957 1.64998
-0.954198 1.58147
-0.9561 1.50472
-0.960314 1.43034
-0.963346 1.34962
-0.969577 1.27342
-0.974206 1.20186
-0.975595 1.12824
-0.973474 1.05492
-0.97091 0.979517
-0.966803 0.90318
-0.963823 0.828718
-0.959618 0.75358
-0.95528 0.670438
-0.952612 0.589891
-0.950686 0.510173
-0.950067 0.432549
-0.947378 0.352089
-0.946123 0.275076
-0.947582 0.199305
-0.948882 0.122532
-0.951838 0.0472846
-0.954985 -0.0284639
-0.957118 -0.106546
-0.960806 -0.181837
-0.964467 -0.254772
-0.969118 -0.323693
-0.974696 -0.387686
-0.98089 -0.447513
-0.985772 -0.506772
-0.991082 -0.561932
-0.996922 -0.612445
-1.00099 -0.662174
-1.00492 -0.708696
-1.00857 -0.752666
-1.01341 -0.791925
-1.02041 -0.824489
-1.02659 -0.853759
-1.03293 -0.875875
-1.03745 -0.894916
-1.0392 -0.910249
-1.03837 -0.92231
-1.03339 -0.936269
-1.02884 -0.945298
-1.02542 -0.947
-1.02091 -0.946345
-1.01574 -0.944579
-1.01025 -0.939235
-1.00297 -0.932474
-0.995509 -0.921241
-0.987075 -0.909049
-0.978539 -0.895723
-0.969941 -0.880695
-0.960833 -0.864991
-0.952962 -0.845056
-0.943377 -0.8239
-0.933106 -0.800083
-0.92175 -0.773037
-0.90896 -0.74416
-0.893268 -0.717093
-0.875879 -0.690506
-0.857624 -0.663199
-0.838621 -0.634714
-0.818652 -0.605553
-0.797408 -0.574887
-0.774559 -0.543654
-0.750024 -0.512116
-0.724918 -0.479596
-0.698187 -0.447164
-0.670632 -0.415669
-0.645293 -0.382015
-0.615633 -0.354817
-0.587234 -0.325744
-0.556817 -0.299745
-0.527063 -0.271849
-0.496735 -0.243888
-0.465428 -0.214771
-0.433253 -0.18609
-0.399696 -0.159088
-0.367623 -0.132087
-0.336177 -0.107091
-0.303965 -0.0839503
-0.272313 -0.0590643
-0.239849 -0.0360758
-0.206956 -0.0110372
-0.172521 0.0133036
-0.137414 0.0363793
-0.1019 0.0587789
-0.0640738 0.0769908
-0.0263116 0.0959661
0.0109372 0.115967
0.0487055 0.133044
0.0872363 0.150057
0.125685 0.167549
0.165288 0.18214
0.203843 0.200199
0.243456 0.214202
0.283995 0.226612
0.322799 0.23695
0.360118 0.247092
0.396582 0.254006
0.432674 0.260724
0.46837 0.265741
0.504501 0.268772
0.54003 0.271368
0.576055 0.272742
0.611739 0.273374
0.647405 0.271869
0.682299 0.273374
0.717522 0.269492
0.752638 0.26188
0.786387 0.253374
0.81965 0.244628
0.850789 0.234159
0.882387 0.222337
0.914496 0.20779
0.946905 0.189229
0.979396 0.170188
1.01092 0.143797
1.04138 0.116948
1.06995 0.0884196
1.09746 0.0613525
1.12371 0.035027
1.14834 0.00809081
1.17056 -0.0199141
1.19061 -0.0467413
1.209 -0.0769055
1.22536 -0.109447
1.23935 -0.141989
1.24827 -0.171935
1.2585 -0.201314
1.26885 -0.232263
1.27919 -0.26439
1.29076 -0.294053
1.30196 -0.323475
1.31176 -0.354403
1.32079 -0.385047
1.32899 -0.413597
1.33627 -0.444307
1.34358 -0.477917
1.3494 -0.507579
1.35497 -0.539183
1.36027 -0.568039
1.36484 -0.596371
1.36877 -0.62394
1.37216 -0.651181
1.37507 -0.678575
1.37348 -0.705577
1.37197 -0.733298
1.3703 -0.75825
1.36784 -0.785971
1.36549 -0.814412
1.36308 -0.841676
1.36139 -0.869855
1.36032 -0.897009
1.35905 -0.923967
1.35728 -0.950162
1.35474 -0.975135
1.35057 -0.999934
1.34511 -1.0227
1.33992 -1.04683
1.33496 -1.06914
1.33119 -1.08877
1.3283 -1.10633
1.32687 -1.12264
1.32351 -1.13516
1.32239 -1.14611
1.32178 -1.1568
1.32168 -1.16583
1.32191 -1.1706
1.3218 -1.17143
1.32119 -1.1665
1.32034 -1.15621
1.32295 -1.1438
1.32553 -1.12698
1.32601 -1.1074
1.32476 -1.08609
1.32338 -1.06432
1.32205 -1.04146
1.32178 -1.01873
1.32203 -0.993325
