121.314 425.761
121.168 426.552
121.06 427.148
121.106 427.448
121.105 427.753
121.152 427.814
120.946 428.621
121.173 428.427
121.321 428.248
121.596 427.898
121.318 428.837
121.21 429.29
121.183 429.615
121.074 430.088
121.086 430.179
121.03 430.499
120.949 430.665
121.088 430.257
121.176 429.799
121.243 429.093
121.321 428.337
121.372 427.51
121.303 426.886
121.031 426.734
120.909 425.955
120.983 424.632
120.777 423.907
120.841 422.308
120.723 421.244
120.585 420.11
120.658 418.325
120.742 416.593
120.89 414.697
120.926 413.045
121.011 410.97
121.251 408.394
121.373 405.851
121.346 403.536
121.089 401.675
121.138 398.931
121.434 395.459
121.538 392.27
121.771 388.736
121.818 385.375
121.629 382.478
121.491 379.192
121.364 375.739
121.259 372.213
120.996 368.841
120.682 365.515
120.558 361.878
120.395 358.279
120.311 354.583
120.227 350.879
120.109 347.406
120.096 343.723
119.968 340.239
119.98 336.588
119.754 333.417
119.748 330.007
119.698 326.731
119.573 323.702
119.462 320.642
119.423 317.546
119.348 314.62
119.349 311.696
119.27 309.032
119.255 306.385
119.287 303.796
119.293 301.457
119.194 299.331
119.216 297.077
119.099 295.123
118.954 293.35
118.773 291.77
118.776 290.138
118.784 288.632
118.801 287.224
118.738 286.045
118.63 285.138
118.457 284.399
118.427 283.605
118.384 283.01
118.429 282.429
118.439 282.094
118.5 281.956
118.482 282.149
118.663 282.353
118.989 282.623
119.255 283.276
119.586 284.035
119.814 285.132
120.236 286.052
120.654 287.189
121.105 288.508
121.542 290.07
122.03 291.684
122.605 293.367
123.313 294.923
123.879 296.856
124.514 298.773
125.196 300.771
125.867 302.879
126.683 304.824
127.479 306.91
128.285 308.986
129.141 311.03
130.039 312.953
130.851 315.013
131.831 316.745
132.569 318.887
133.374 320.841
134.172 322.734
135.08 324.457
135.883 326.339
136.728 328.097
137.516 329.886
138.296 331.583
139.184 332.893
139.967 334.334
140.783 335.717
141.691 336.905
142.466 338.354
143.464 339.335
144.31 340.713
145.217 341.944
146.229 342.845
147.211 343.743
148.084 344.65
149.17 345.098
150.3539 345.257
151.4142 345.436
152.4611 345.552
153.4094 345.769
154.5148 345.524
155.5092 345.355
156.4973 345.04
157.3992 344.586
158.3015 343.951
159.1324 343.123
159.9176 342.057
160.7033 340.73
161.3581 339.576
162.0257 338.253
162.5805 336.91
163.0016 335.516
163.3846 333.906
163.6497 332.256
163.839 330.582
163.9197 328.817
163.9788 326.942
163.9401 325.246
163.771 323.907
163.6462 322.474
163.5105 320.983
163.2815 319.665
163.037 318.291
162.8488 316.668
162.6071 315.122
162.2676 313.86
161.9934 312.595
161.7655 311.375
161.5578 310.235
161.4427 309.071
161.3741 307.92
161.3614 306.751
161.4092 305.537
161.4994 304.395
161.6564 303.207
161.82 302.151
162.0284 301.145
162.2884 300.174
162.6025 299.233
162.9641 298.353
163.4004 297.454
163.8734 296.681
164.431 295.938
165.122 295.121
166.0096 294.23
166.9691 293.522
168.068 292.918
169.2441 292.426
170.6041 291.869
171.9546 291.561
173.2469 291.546
174.7345 291.373
176.2651 291.301
177.8251 291.293
179.3047 291.531
180.9785 291.632
182.5993 291.952
184.0786 292.541
185.6606 293.166
187.2159 293.824
188.7325 294.525
190.2263 295.307
191.7641 296.017
193.3181 296.76
194.8625 297.606
196.3779 298.555
197.8424 299.648
199.2491 300.81
200.7408 301.754
202.2175 302.723
203.5765 304.03
204.939 305.202
206.2199 306.524
207.4685 307.856
208.7009 309.26
209.953 310.5
211.0855 311.972
212.1954 313.425
213.3165 314.721
214.3523 316.312
215.3655 317.672
216.2609 319.136
217.0459 320.786
217.7242 322.411
218.2998 323.986
218.7725 325.705
219.2167 327.262
219.5055 328.89
219.9185 330.208
220.1231 331.48
220.1448 332.886
220.0408 334.221
220.0323 335.256
219.8023 336.509
219.4015 337.57
218.8679 338.6
218.2417 339.543
217.5255 340.563
216.7092 341.421
215.8072 342.277
214.7947 343.111
213.7876 343.509
212.7332 343.838
211.6186 344.043
210.4384 344.285
209.1942 344.374
207.8672 344.416
206.5657 344.239
205.3871 343.831
204.2443 343.298
203.1566 342.699
202.1642 341.885
201.2663 341.025
200.4683 339.967
199.7361 338.713
199.096 337.552
198.4452 336.574
198.023 335.167
197.6979 333.657
197.4174 332.259
197.2955 330.699
197.2441 329.116
197.1493 327.673
197.0641 326.418
197.1296 324.778
197.2964 323.058
197.4971 321.466
197.6943 319.94
197.98 318.311
198.3842 316.329
198.8111 314.448
199.2274 312.804
199.7226 311.043
200.3956 309.144
201.1439 307.331
201.9523 305.518
202.8003 303.909
203.6191 302.296
204.5132 300.608
205.4618 298.977
206.4815 297.418
207.3267 296.368
208.2466 295.457
209.2532 294.477
210.4827 293.326
211.7611 292.244
212.9922 291.512
214.2562 290.794
215.3876 290.394
216.5907 290.095
217.8747 289.865
219.2473 289.595
220.6172 289.768
222.0901 289.936
223.6669 290.32
225.3492 290.731
227.0464 291.197
228.8662 291.748
230.7707 292.364
232.8247 292.928
234.7563 293.673
236.6603 294.724
238.3698 296.126
240.16671 297.427
241.86826 298.928
243.80778 300.154
245.60257 301.695
247.32456 303.383
249.016427 304.992
250.772643 307.168
252.4982 309.186
254.05637 311.284
255.42038 313.7
256.76877 316.384
258.17183 319.228
259.53511 321.818
260.8356 324.569
262.2858 327.153
263.5854 329.578
264.9242 332.211
266.1723 334.858
267.3462 337.677
268.411 340.41
269.3341 343.284
270.2347 346.013
271.1738 349.012
272.1056 351.836
272.992 354.398
273.7112 357.19
274.3675 359.941
274.9189 362.454
275.3501 364.784
275.6685 367.202
276.0245 369.519
276.3474 372.485
276.5854 375.365
276.6828 378.248
276.6735 380.584
276.6153 383.175
276.4283 385.406
276.5759 387.37
276.4576 389.532
276.0987 391.69
275.5389 393.703
274.869 396.064
274.077 398.589
273.1716 400.935
272.2468 402.687
271.3882 404.651
270.4667 406.26
269.5352 408.538
268.5385 410.003
267.4104 410.724
266.2648 411.525
265.0935 412.651
263.8185 413.193
262.4682 413.458
261.1796 413.733
259.82598 413.438
258.51324 413.532
257.23536 413.867
256.01 413.304
254.77513 412.243
253.6865 410.821
252.71273 409.209
251.73005 408.266
250.810797 406.813
249.898174 405.277
249.124898 403.405
248.37647 401.302
247.71505 399.345
247.13488 397.1
246.54675 394.181
246.08826 391.213
245.77289 388.253
245.30303 385.409
244.89909 382.348
244.67655 379.578
244.50031 376.404
244.33279 373.377
244.27334 370.29
244.29563 367.111
244.28804 364.124
244.21999 360.766
244.26405 357.685
244.4247 354.636
244.67415 351.748
244.95606 348.849
245.22264 345.88
245.20683 343.241
245.4818 340.479
245.74552 337.89
245.88587 335.453
246.15623 333.043
246.39131 330.602
246.64775 327.984
246.91539 325.591
247.33412 323.312
247.72319 321.029
248.09851 318.69
248.42076 316.65
248.86164 314.5
249.36758 312.32
249.809238 310.229
250.275799 308.25
250.900394 306.337
251.36065 304.695
251.95503 303.034
252.76763 301.146
253.6755 299.52
254.50667 298.15
255.50945 296.779
256.54004 295.68
257.64883 294.711
258.95108 293.997
260.356 293.429
261.86 292.844
263.3804 292.363
264.9752 292.123
266.6044 291.939
268.2803 292.014
269.9265 292.465
271.5866 293.141
273.2486 293.795
274.9236 294.769
276.5311 295.82
278.2851 297.146
279.9258 298.583
281.4798 300.164
283.0187 301.917
284.5901 303.829
286.0489 305.812
287.3733 307.988
288.5941 310.054
289.7941 312.345
290.9937 314.604
292.2276 316.99
293.3535 319.275
294.4431 321.75
295.7578 324.266
296.9187 326.838
297.8646 329.758
299.1399 332.463
300.3283 335.265
301.4091 338.282
302.407 341.049
303.2618 343.931
304.1912 346.887
305.1122 349.884
305.9633 352.983
306.6598 356.205
307.2586 359.549
307.9731 363.083
308.6796 366.097
309.306 369.079
310.07 371.813
310.3634 374.864
310.599 378.097
310.9669 380.902
311.2212 383.768
311.4523 386.552
311.5983 389.64
311.7552 392.357
311.7622 394.798
311.6042 396.878
311.4044 399.465
311.054 401.841
310.597 404.122
310.1699 406.492
309.673 408.946
309.1163 411.354
308.3452 413.327
307.5183 415.211
306.4221 416.297
305.2747 417.239
304.1871 418.66
303.254 420.387
302.2972 421.381
301.3739 422.129
300.3782 422.966
299.3944 423.422
298.4197 423.521
297.3563 423.347
296.4409 423.129
295.6432 422.302
294.6229 421.164
293.7213 420.462
292.6231 419.188
291.6785 418.179
290.7142 416.543
289.7298 415.06
288.8794 413.233
288.0391 411.699
287.4028 409.77
286.8556 407.198
286.3205 404.988
285.9962 402.761
285.6551 400.083
285.2631 397.341
284.5787 394.582
284.2505 391.553
283.8421 389.154
283.4254 386.191
283.1285 383.113
282.9627 380.11
282.946 377.267
283.0083 374.607
283.1016 371.424
282.9303 368.035
282.6836 364.422
282.6536 361.179
282.6909 357.99
282.5792 354.55
282.3721 351.275
282.3732 348.062
282.3664 344.79
282.2391 341.638
281.9889 338.511
281.9883 335.657
282.0626 333.233
282.2127 330.33
282.3356 327.863
282.6264 325.579
282.8246 322.961
283.0681 320.479
283.4476 318.119
283.9068 316.113
284.241 314.304
284.5993 312.486
284.997 310.463
285.5025 308.86
285.9375 307.274
286.3931 305.841
287.0373 304.709
287.4348 303.454
287.8928 302.173
288.5538 301.262
289.2267 300.462
289.9503 299.95
290.763 299.545
291.5232 298.961
292.1192 298.547
292.9424 298.303
293.7243 298.035
294.5565 297.747
295.5022 297.739
296.4999 297.829
297.5796 298.064
298.698 298.429
299.7196 298.76
300.7583 299.262
301.852 300.048
302.8914 301.025
303.853 302.053
305.0392 303.101
305.9522 304.425
306.8733 305.882
307.8383 307.409
308.9207 308.761
309.9675 310.333
311.0067 312.036
311.8727 313.724
312.6552 315.379
313.3349 317.037
313.9624 318.999
314.6736 321.39
315.1645 323.649
315.5448 325.584
316.1738 327.614
316.7265 329.606
317.3439 331.758
317.7421 333.363
318.1979 335.196
318.8624 337.254
319.3745 338.966
320.0648 341.12
320.6588 343.109
321.3994 345.402
322.0627 347.144
322.6428 348.592
323.2325 349.947
323.853 351.255
324.4395 352.332
325.1375 353.832
325.997 355.406
326.7921 356.586
327.6772 357.805
328.5391 358.845
329.5336 359.064
330.2746 359.809
331.0732 360.423
331.8564 360.445
332.7153 361.009
333.66 361.298
334.5808 361.409
335.637 361.637
336.7441 361.779
337.4376 361.011
338.2371 360.535
339.0323 360.385
339.6353 359.772
340.0419 359.295
340.4256 358.733
341.0033 358.331
340.9775 357.458
341.4105 357.131
341.2705 356.377
340.9933 355.738
340.7175 355.162
340.4594 354.747
339.9721 354.289
339.6514 354.293
339.2313 354.746
338.6611 354.79
337.9666 354.948
337.1907 355.24
336.3001 355.338
335.2496 355.272
334.183 355.225
332.8283 355.141
331.4049 355.101
329.8661 355.371
328.4213 355.55
326.9517 356.017
325.5425 356.253
324.2223 356.512
322.8417 356.17
321.4276 355.501
320.127 354.844
318.9719 354.394
317.788 353.755
316.7097 353.019
315.6189 352.072
314.6129 351.207
313.6886 350.005
312.9555 348.998
311.617 344.34
310.4438 340.526
309.704 337.42
309.1303 334.494
308.9762 331.428
308.6891 328.61
308.6161 325.65
308.581 323.085
308.7308 320.609
308.7617 317.882
309.0891 315.451
309.5326 313.15
309.8231 310.877
310.402 308.554
311.0287 306.548
311.7742 304.328
312.3669 302.266
313.0714 300.556
313.8332 299.078
314.7938 297.913
315.891 296.898
317.0397 296.169
318.1451 295.62
319.2343 295.296
320.3373 295.167
321.8451 295.092
322.9845 295.578
324.2748 296.407
325.5364 297.179
326.7295 298.058
327.9667 298.894
329.1243 299.959
330.4758 301.157
331.8115 302.679
332.9016 304.257
333.8899 305.914
335.0434 308.027
335.7153 310.372
336.505 312.321
337.0642 314.413
337.4248 316.81
338.192 318.855
338.7601 321.082
339.08 323.447
339.4818 325.608
339.8658 327.986
339.9564 330.02
340.0373 332.543
340.1438 334.932
340.3155 337.451
340.233 339.739
339.8954 341.623
339.4638 343.342
339.1261 345.047
338.6487 346.925
337.864 348.903
337.0498 350.664
336.3057 352.052
335.471 353.879
334.2002 355.517
332.9662 356.888
331.7568 357.952
330.6531 358.768
329.5292 359.338
328.616 360.18
327.3984 360.527
326.1421 360.957
325.0396 361.472
324.0871 361.668
323.2987 361.987
322.3917 361.491
321.6933 361.228
321.1784 361.616
320.7846 361.656
320.4327 361.408
320.3165 360.95
320.3575 360.417
320.4111 359.848
320.7735 359.261
321.5832 358.852
322.3233 357.853
322.9838 356.637
323.7556 355.734
324.5252 354.275
325.6255 353.853
326.9884 353.012
328.3314 351.874
329.7688 350.227
331.2311 349.125
332.7503 348.112
334.3128 346.977
336.0391 345.794
337.5988 344.623
338.9934 343.636
340.316 342.275
341.8571 341.523
343.4298 340.743
345.0085 339.674
346.5801 338.937
348.0268 338.338
349.3971 338.019
350.745 337.891
352.166 337.504
353.461 337.153
354.672 337.081
355.612 336.762
356.584 336.941
357.541 336.822
358.314 337.002
359.021 337.503
359.434 337.504
360.218 337.706
360.426 338.353
361.035 339.16
361.221 339.713
361.498 340.07
361.102 340.192
361.034 340.7
360.686 340.58
360.62 341.039
360.411 341.22
360.493 341.77
360.214 341.831
359.908 341.674
359.824 342.211
359.589 342.089
359.87 342.28
359.509 343.025
360.021 343.29
360.044 343.557
360.27 343.471
360.286 342.717
360.006 342.512
359.988 342.24
360.363 341.983
360.194 341.828
360.205 341.811
360.529 341.204
360.651 341.361
360.695 340.987
360.516 340.455
360.635 340.262
361.087 339.624
361.108 339.428
361.19 339.597
361.199 339.017
361.228 338.588
361.429 338.564
361.335 338.282
361.473 338.412
361.733 338.516
362.183 338.276
362.209 338.251
362.468 338.581
362.297 337.689
362.294 337.292