218.2409 394.579
218.3128 394.523
218.3474 394.297
218.3542 393.979
218.3363 393.699
218.3082 393.614
218.287 393.329
218.2781 393.239
218.2387 392.813
218.2396 392.047
218.1817 391.266
218.0775 390.675
217.9661 389.982
217.896 388.836
217.8543 387.77
217.8452 386.616
217.8381 385.477
217.8432 384.036
217.7854 382.712
217.76 381.288
217.7344 379.429
217.6976 377.582
217.6481 375.834
217.5634 374.26
217.5369 372.607
217.5312 370.844
217.5565 368.8
217.544 366.861
217.5566 364.784
217.5487 362.722
217.5074 360.874
217.4688 358.804
217.4108 357.025
217.4139 354.982
217.3945 352.906
217.3614 350.708
217.244 348.682
217.0705 346.688
216.8759 344.599
216.6747 342.543
216.4958 340.658
216.3481 338.963
216.3071 337.018
216.2793 335.079
216.2521 333.403
216.2175 331.865
216.1822 330.273
216.1326 328.96
216.1161 327.564
216.0776 326.226
216.114 324.527
216.0888 323.115
216.0059 321.812
215.8955 320.463
215.7742 319.277
215.6298 317.956
215.4555 316.679
215.2488 315.575
215.0367 314.358
214.8165 313.235
214.5649 312.081
214.2692 310.97
213.9607 309.807
213.6482 308.848
213.4069 307.754
213.1648 306.988
212.9866 306.322
212.8716 305.82
212.8222 305.419
212.8355 305.054
212.8743 304.971
212.9675 305.06
213.1212 305.34
213.3323 305.806
213.6379 306.302
213.9884 307.063
214.3976 307.805
214.8058 308.75
215.2149 309.756
215.5813 310.808
215.9152 311.926
216.2049 313.227
216.5035 314.483
216.7656 315.745
217.0175 317.021
217.2139 318.385
217.3896 319.789
217.5422 321.231
217.6825 322.729
217.8236 324.088
217.9546 325.532
218.0681 327.056
218.1426 328.56
218.2288 329.752
218.285 330.927
218.3137 332.143
218.3566 333.42
218.4497 334.55
218.6125 335.635
218.8131 336.781
219.0573 338.104
219.3545 339.11
219.6922 340.189
220.0589 341.23
220.4736 342.22
220.9464 343.314
221.5099 344.221
222.1036 345.131
222.718 346.102
223.3794 347.073
224.0716 347.872
224.7357 348.812
225.3894 349.695
226.0364 350.502
226.6586 351.288
227.2801 352.128
227.9391 352.567
228.5476 353.153
229.1184 353.683
229.7214 354.071
230.3262 354.526
230.9647 354.994
231.578 355.277
232.1814 355.445
232.767 355.604
233.3078 355.839
233.8454 355.931
234.3904 355.831
234.945 355.911
235.5052 355.893
236.0143 355.933
236.5252 355.585
237.0123 355.182
237.4508 355.003
237.8677 354.765
238.2776 354.449
238.6446 354.404
239.0327 354.197
239.4069 353.755
239.7445 353.376
240.05278 353.274
240.3401 353.038
240.61955 352.749
240.85243 352.481
241.0668 352.119
241.26153 351.825
241.38638 351.619
241.45384 351.354
241.48806 350.901
241.51449 350.382
241.47499 349.999
241.40874 349.617
241.34584 349.256
241.30869 348.815
241.28053 348.346
241.28504 347.723
241.30268 347.098
241.33334 346.619
241.37984 346.141
241.45278 345.522
241.55913 344.923
241.67651 344.375
241.78849 343.819
241.92613 343.265
242.06151 342.819
242.21088 342.166
242.39795 341.847
242.61795 341.177
242.83677 340.594
243.06234 339.98
243.29145 339.309
243.52051 338.561
243.81404 337.95
244.12046 337.206
244.40315 336.341
244.62436 335.377
244.77118 334.737
244.90336 333.976
244.99724 333.175
245.04518 332.192
245.05813 331.36
245.08794 330.54
245.10017 329.432
245.08683 328.216
245.00311 327.352
244.98307 326.341
244.93836 325.5
244.84555 324.73
244.75712 323.83
244.65883 323.078
244.58122 322.225
244.55201 321.457
244.5754 320.682
244.62389 320.081
244.70975 319.428
244.80892 318.726
244.88948 318.048
244.95628 317.543
245.00146 317.039
245.01708 316.701
245.04971 316.276
245.03839 315.751
244.99728 315.38
244.91389 315.032
244.80789 314.589
244.67057 314.143
244.56689 313.673
244.45599 313.365
244.334 313.217
244.25062 312.981
244.21232 312.581
244.16647 312.301
244.10365 311.961
194.2881 398.484
194.3144 398.132
194.352 397.833
194.3656 397.573
194.3239 397.089
194.238 396.526
194.109 395.454
193.9393 394.261
193.9115 392.24
193.7797 390.038
193.7424 387.487
193.8372 384.175
194.0418 380.55
194.1575 376.997
194.2934 373.231
194.4947 369.158
194.6317 364.887
194.6587 360.619
194.6286 355.868
194.5248 350.986
194.3683 346.227
194.2283 341.202
194.0869 336.103
193.8299 331.241
193.4993 326.76
193.1189 322.299
192.6643 318.175
192.245 314.248
191.9042 310.616
191.6224 307.384
191.4676 304.289
191.3492 301.536
191.2717 299.006
191.1517 296.906
191.0031 295.369
190.8404 293.959
190.6926 292.731
190.5855 291.435
190.4578 290.38
190.2826 289.91
190.1527 289.375
189.9768 289.011
189.8738 288.67
189.6817 288.732
189.5471 288.909
189.4423 289.286
189.4166 289.687
189.3855 290.216
189.3826 290.971
189.4432 292.184
189.5609 293.236
189.783 294.318
190.0211 295.72
190.2881 297.353
190.5943 299.068
190.9665 300.66
191.3643 302.288
191.8009 303.784
192.2627 305.307
192.7348 306.918
193.1924 308.66
193.6843 310.396
194.2382 312.009
194.8896 313.512
195.5344 315.044
196.2592 316.441
197.0377 317.928
197.8559 319.39
198.761 320.461
199.6856 321.543
200.7072 322.476
201.7014 323.578
202.7329 324.473
203.7691 325.371
204.82 326.21
205.9239 326.746
206.9834 327.331
208.0501 327.85
209.1599 328.094
210.2517 328.394
211.372 328.61
212.4869 328.707
213.6079 328.63
214.6807 328.541
215.7139 328.341
216.7113 327.995
217.6957 327.314
218.6455 326.516
219.5544 325.597
220.3165 324.872
221.0601 323.84
221.6525 322.852
222.175 321.677
222.6673 320.271
223.0489 318.906
223.363 317.479
223.5974 316.062
223.7633 314.591
223.8879 312.929
223.9961 311.275
224.0763 309.81
224.1596 308.242
224.1984 306.812
224.2397 305.283
224.2525 303.845
224.263 302.503
224.3026 301.181
224.3699 299.872
224.4533 298.828
224.5579 297.704
224.6289 296.769
224.7154 295.837
224.8065 295.037
224.8822 294.333
224.9598 293.658
225.0606 292.937
225.1521 292.517
225.2406 292.194
225.3368 291.929
225.4067 291.844
225.4815 291.848
225.5751 291.785
225.6713 291.74
225.753 291.739
225.8559 291.809
225.9363 291.989
226.0082 292.141
226.0714 292.42
226.1345 292.687
226.183 292.977
226.2383 293.172
226.254 293.423
172.8488 438.805
172.8435 438.794
172.9467 438.477
173.2122 437.703
173.3442 437.304
173.5309 436.678
173.6535 436.419
173.841 435.934
174.0105 435.148
174.2755 434.058
174.6662 432.473
175.1516 430.501
175.7514 428.229
176.4666 425.944
177.253 423.609
178.1482 420.788
179.1127 417.918
180.1607 414.618
181.3598 411
182.6484 407.314
184.1416 403.241
185.8612 398.883
187.6298 394.721
189.4724 390.277
191.3147 386.02
193.1319 381.851
194.8326 377.961
196.5532 373.881
198.2637 369.74
199.942 365.625
201.5356 361.558
202.9076 358.176
204.2007 354.553
205.4072 351.007
206.4404 347.878
207.3769 344.834
208.2474 341.775
209.0353 338.823
209.7171 336.112
210.3252 333.456
210.8543 330.89
211.3383 328.544
211.7896 326.326
212.2094 324.241
212.6124 322.241
212.9743 320.448
213.2965 318.736
213.5527 317.306
213.7878 315.927
213.943 314.752
214.086 313.674
214.2066 312.854
214.2935 312.35
214.3778 311.985
214.4043 311.799
214.3858 311.835
214.3138 312.095
214.191 312.593
214.0582 313.24
213.9202 314.122
213.7688 315.247
213.5998 316.621
213.4357 317.985
213.3215 319.379
213.1312 321.167
212.9555 323.12
212.8103 324.951
212.6629 327.002
212.5158 329.191
212.4198 331.294
212.4149 333.464
212.4681 335.739
212.573 337.984
212.6924 340.076
212.8097 342.211
213.0024 344.104
213.2237 346.136
213.5482 348.053
213.8995 349.986
214.3608 351.607
214.8567 353.197
215.4003 354.753
215.9821 356.305
216.575 357.66
217.2157 359.034
217.9596 360.106
218.7458 361.096
219.5491 362.026
220.41 362.736
221.3463 363.532
222.3074 364.091
223.3047 364.311
224.3369 364.483
225.3639 364.667
226.4264 364.592
227.4785 364.415
228.4283 364.229
229.3788 363.749
230.306 362.933
231.2717 362.16
232.2259 361.245
233.1668 360.189
234.0525 359.291
234.924 358.085
235.8166 356.661
236.6867 355.185
237.5143 353.512
238.3173 352.042
239.0871 350.317
239.8673 348.593
240.66446 346.913
241.40526 345.406
242.16204 343.628
242.96216 342.021
243.75471 340.273
244.49736 338.398
245.19382 336.568
245.86324 334.812
246.35403 333.015
246.81247 331.245
247.23693 329.463
247.60103 327.712
247.9522 325.977
248.25994 324.358
248.58858 322.94
248.91327 321.642
249.235382 320.457
249.569885 319.568
249.9072366 318.749
250.240985 317.982
250.579961 317.176
250.923999 316.62
251.21449 316.139
251.46903 315.897
251.69312 315.639
251.85565 315.537
251.95043 315.63
251.99079 315.782
251.97788 316.069
251.89623 316.454
251.70908 316.813
251.4488 317.128
251.17199 317.862
250.914124 318.492
250.692215 318.99
250.529292 319.608
250.394722 320.455
250.258679 321.409
229.2079 361.349
229.1819 361.514
229.1823 361.488
229.1867 361.331
229.2019 361.186
229.178 360.757
229.136 360.364
229.1091 359.69
229.089 358.95
229.019 358.03
228.8898 357.233
228.7441 356.036
228.6431 354.62
228.5035 353.174
228.3435 351.562
228.189 349.785
228.0335 347.736
227.8653 345.396
227.66 343.041
227.384 340.797
227.0515 338.379
226.7616 335.881
226.4945 333.172
226.2144 330.369
225.8587 327.734
225.4865 324.992
225.1969 321.991
224.9288 318.92
224.6611 315.916
224.3844 313.031
224.1475 309.966
223.9499 306.927
223.7772 303.935
223.6538 301.004
223.5795 298.072
223.4684 295.13
223.4201 292.089
223.4147 289.02
223.4356 286.058
223.4717 283.107
223.4649 280.269
223.4798 277.349
223.5129 274.505
223.4721 271.827
223.4547 269.209
223.4641 266.561
223.5036 263.968
223.5664 261.379
223.6297 258.849
223.717 256.449
223.8269 254.181
223.8874 252.116
223.9559 250.141
224.0449 248.218
224.1419 246.343
224.2183 244.62
224.2881 243.031
224.3747 241.518
224.4849 240.111
224.6001 238.844
224.7081 237.795
224.8096 236.893
224.8936 236.112
224.972 235.487
225.0531 235.011
225.1625 234.65
225.2901 234.412
225.4398 234.308
225.5854 234.386
225.747 234.527
225.9123 234.79
226.1023 235.127
226.2825 235.614
226.4498 236.233
226.6257 236.987
226.8363 237.82
227.0759 238.739
227.4001 239.709
227.7585 240.718
228.1588 241.833
228.5806 243.114
229.0516 244.493
229.603 245.925
230.1894 247.379
230.8796 248.822
231.5699 250.365
232.2803 251.891
233.0019 253.451
233.7333 254.964
234.4548 256.509
235.1712 258.069
235.9076 259.657
236.7157 261.129
237.5491 262.599
238.4206 264.046
239.3154 265.455
240.23047 266.795
241.17314 268.117
242.12876 269.326
243.15234 270.431
244.14182 271.611
245.13741 272.753
246.13688 273.754
247.18412 274.695
248.26662 275.494
249.378648 276.224
250.467429 276.905
251.55142 277.562
252.61012 278.081
253.67062 278.479
254.7488 278.819
255.82796 278.946
256.92911 278.931
258.02648 278.804
259.09357 278.472
260.1418 278.088
261.0477 277.678
261.9824 277.076
262.9117 276.365
263.8512 275.46
264.82 274.461
265.7775 273.453
266.6913 272.343
267.5534 271.246
268.3299 270.082
269.0034 268.734
269.618 267.35
270.223 265.888
270.8105 264.274
271.3375 262.747
271.7224 261.255
272.0514 259.814
272.2254 258.414
272.415 257.06
272.5707 255.751
272.6884 254.4
272.8275 253.028
272.9533 251.64
273.0285 250.355
273.0653 249.159
273.1187 247.975
273.1551 246.833
273.1603 245.8
273.1452 244.822
273.153 243.87
273.0674 242.932
273.0533 242.073
273.0446 241.271
273.0388 240.479
273.0596 239.808
273.1089 239.226
273.209 238.712
273.3459 238.316
273.5078 238.02
273.6869 237.754
273.9023 237.564
274.0988 237.493
274.2886 237.481
274.4573 237.661
274.61 237.921
274.7681 238.3
274.9345 238.749
275.0885 239.302
275.2773 239.853
275.4766 240.432
275.6404 241.025
275.7707 241.585
170.9205 421.076
170.8894 420.816
170.8287 421.002
170.9605 419.988
170.9724 419.458
171.0779 418.72
171.1373 418.136
171.2061 417.429
171.2239 416.837
171.2938 415.848
171.4654 414.583
171.6974 412.82
171.8557 411.467
171.9758 410.064
172.007 408.749
172.1856 406.795
172.2148 404.931
172.2434 402.895
172.284 400.49
172.1896 398.454
172.0493 396.213
171.9084 393.778
171.87 390.689
171.7234 387.926
171.6337 384.748
171.527 381.607
171.4644 378.088
171.3257 374.678
171.2259 370.977
171.0208 367.483
170.8684 364.202
170.8227 360.827
170.8925 357.465
170.9769 354.008
171.1121 350.508
171.2102 347.094
171.3486 343.649
171.4914 339.837
171.5792 336.144
171.6426 332.489
171.663 328.93
171.7515 325.241
171.7928 321.71
171.7448 318.236
171.702 314.716
171.6047 311.266
171.5011 307.793
171.4309 304.213
171.3095 300.761
171.189 297.417
171.0359 294.257
170.8523 291.323
170.6484 288.58
170.4877 285.863
170.3129 283.334
170.1207 281.018
169.9867 278.738
169.8574 276.605
169.7372 274.589
169.5778 272.789
169.3475 271.296
169.1441 269.954
168.9355 268.94
168.7868 268.067
168.729 267.364
168.7563 266.811
168.9204 266.171
169.0701 265.757
169.1825 265.679
169.3311 265.709
169.5013 265.79
169.6819 266.035
169.9216 266.345
170.1672 266.86
170.4448 267.419
170.7258 268.03
171.0088 268.719
171.3086 269.439
171.5677 270.353
171.8832 271.323
172.2213 272.415
172.5951 273.655
173.0161 274.979
173.5326 276.22
174.105 277.439
174.7059 278.691
175.3314 279.997
175.9887 281.334
176.688 282.74
177.4401 284.172
178.2477 285.618
179.0741 287.109
179.954 288.596
180.861 290.04
181.6951 291.583
182.6714 292.83
183.6062 294.163
184.6074 295.355
185.5868 296.634
186.5851 297.916
187.6156 299.251
188.6747 300.566
189.7793 301.804
190.835 303.042
191.8701 304.188
192.9304 305.249
193.9723 306.39
195.0409 307.444
196.1236 308.592
197.2571 309.708
198.4127 310.766
199.5817 311.793
200.8268 312.628
202.0698 313.498
203.2959 314.415
204.5391 315.198
205.8074 315.978
207.073 316.78
208.3766 317.449
209.6457 318.277
210.9496 318.919
212.284 319.488
213.5613 319.962
214.7897 320.427
215.99 320.744
217.178 321.052
218.353 321.282
219.5423 321.421
220.7118 321.54
221.8976 321.603
223.0722 321.632
224.2462 321.563
225.3948 321.632
226.5542 321.454
227.7101 321.105
228.821 320.715
229.9159 320.314
230.9409 319.834
231.981 319.292
233.0379 318.625
234.1047 317.774
235.1742 316.901
236.2117 315.691
237.2145 314.46
238.1549 313.152
239.0606 311.911
239.9245 310.704
240.7353 309.469
241.46663 308.185
242.12677 306.955
242.73191 305.572
243.27033 304.08
243.73083 302.588
244.02443 301.215
244.36137 299.868
244.70209 298.449
245.04241 296.976
245.42309 295.616
245.79184 294.267
246.11442 292.849
246.41163 291.444
246.6815 290.135
246.92137 288.727
247.16188 287.186
247.35358 285.826
247.53682 284.377
247.71108 283.054
247.86159 281.755
247.99101 280.491
248.10274 279.242
248.19848 277.986
248.14598 276.748
248.0964 275.477
248.0415 274.333
247.96054 273.062
247.8829 271.758
247.80366 270.508
247.74817 269.216
247.71301 267.971
247.67108 266.735
247.6129 265.534
247.5293 264.389
247.39202 263.252
247.21212 262.208
247.04148 261.102
246.87815 260.079
246.75387 259.179
246.65881 258.374
246.61171 257.626
246.50117 257.052
246.46444 256.55
246.44427 256.06
246.44113 255.646
246.44864 255.427
246.44496 255.389
246.42494 255.615
246.39692 256.087
246.48281 256.656
246.56777 257.427
246.58338 258.325
246.54226 259.302
246.49686 260.3
246.45318 261.348
246.4444 262.39
246.45247 263.555
