279.8144 385.221
279.5436 385.409
279.3434 385.564
279.16 385.797
278.9896 385.951
278.6528 386.179
278.3621 386.443
278.1492 386.569
277.7655 386.87
277.5308 387.166
277.2977 387.352
276.9088 387.649
276.6302 387.997
276.4576 388.099
275.9901 388.557
275.4422 388.897
275.0508 388.984
274.5711 389.228
274.1523 389.543
273.6265 389.835
273.0818 390.217
272.6647 390.514
272.1411 390.88
271.6762 391.149
271.0229 391.449
270.4932 391.635
269.8582 391.944
269.1334 392.503
268.4223 392.91
267.8189 393.224
267.156 393.436
266.4655 393.919
265.9502 394.278
265.3318 394.35
264.8348 394.661
264.5091 394.616
264.0834 394.737
263.3437 394.986
262.7358 395.16
262.2556 395.249
261.7977 395.444
261.4015 395.651
260.9486 395.833
260.6158 396.011
260.2318 396.219
259.87893 396.482
259.56709 396.674
259.26281 396.753
258.96522 396.947
258.53557 397.332
258.28521 397.522
257.94588 397.705
257.68344 397.847
257.40751 397.881
256.98922 398.011
256.65766 398.275
256.26865 398.462
256.17031 398.671
255.59502 399.002
255.20393 399.26
254.82081 399.651
254.36887 400.134
253.94186 400.348
253.55966 400.918
253.09226 401.678
252.65522 402.175
252.34614 402.817
251.98692 403.436
251.58838 404.095
251.27855 404.831
250.94739 405.551
250.706025 406.333
250.421172 407.076
250.142852 407.778
249.866529 408.678
249.546457 409.744
249.083166 410.552
248.69471 411.453
248.16577 412.348
247.66296 412.947
247.01359 413.48
246.06357 414.427
245.13547 414.824
244.01139 415.28
242.90723 415.636
241.64313 416.075
240.22941 416.35
238.6766 416.719
236.9688 416.826
235.1682 416.966
233.2921 417.003
231.2563 416.801
229.1109 416.642
227.0237 416.076
224.8075 415.567
222.5483 414.782
218.6076 412.707
215.1463 411.137
212.3129 409.445
209.4376 407.643
206.8373 405.873
204.5242 404.078
202.5162 401.955
200.5406 399.973
198.7484 397.856
197.1246 395.756
195.2962 393.837
193.9597 391.781
192.7508 389.41
191.7979 386.932
190.8868 384.619
189.6472 382.825
188.896 380.679
187.9118 378.772
187.0315 376.738
186.7113 374.606
186.1737 372.637
185.8058 370.434
185.3103 368.425
185.1552 366.188
184.895 364.172
184.8813 362.027
184.9614 360.093
185.2095 358.16
185.6886 356.366
186.2903 354.559
187.0173 352.945
187.697 351.263
188.775 349.72
189.9699 348.346
191.4029 347.042
193.0212 345.918
194.8104 344.877
196.911 344.137
199.1144 343.745
201.4183 343.822
203.8379 344.14
206.5301 344.731
209.2742 345.619
211.963 346.679
214.8029 348.028
217.4987 349.555
220.4072 351.229
223.0437 353.121
225.6147 355.328
228.4188 357.538
230.5918 360.12
233.1278 362.733
235.1656 365.536
237.1047 368.307
238.8001 371.227
240.40492 374.065
241.80461 377.039
243.22306 379.907
244.32448 382.776
245.54698 385.433
246.66349 387.99
247.72558 390.511
248.6645 392.664
249.246198 395.006
249.9820412 396.808
250.661447 398.515
251.01314 400.264
251.53611 401.654
251.84438 403.043
252.23364 403.93
252.46104 404.591
252.54568 405.299
252.47246 405.772
252.29693 405.546
252.05166 405.244
251.567 404.897
251.02129 404.238
250.251003 403.36
249.539259 402.241
248.97175 400.619
248.01822 399.19
247.06139 397.708
246.11317 396.185
245.13412 394.335
244.36387 392.285
243.76266 390.253
242.75544 388.252
241.86214 386.304
241.46021 383.788
240.71781 381.761
239.9477 379.557
239.4175 377.234
238.9022 374.726
238.2653 372.339
237.4719 369.987
236.823 367.593
236.2653 365.365
235.8216 363.055
235.4393 361.098
235.2215 358.957
235.1196 357.017
234.9981 355.168
234.9459 353.103
234.8889 351.234
234.7574 349.381
234.7041 347.568
234.8028 345.844
234.9396 344.345
235.6193 342.817
235.8509 341.479
236.2688 340.182
236.8321 339.016
237.5709 337.986
238.6843 337.141
239.4913 336.43
240.41465 335.892
241.50255 335.407
242.71266 335.162
244.03519 334.76
245.52778 334.638
247.05089 334.594
248.48777 334.371
250.0184825 334.428
251.63773 334.436
253.30675 334.715
256.17809 335.412
258.56507 335.96
260.6617 336.669
262.5053 337.342
264.2137 338.133
265.7675 338.975
267.1511 339.908
268.4133 340.876
269.5492 341.714
270.6158 342.703
271.5204 343.676
272.3162 344.722
273.0652 345.8
273.6523 346.861
274.2547 347.913
274.6586 349.044
275.1251 350.017
275.4739 350.93
275.668 351.817
275.8475 352.488
276.2014 353.159
276.1779 353.771
276.4054 354.354
276.2937 354.81
276.1883 355.387
276.0942 355.615
275.9852 355.801
276.0272 356
276.1889 356.062
275.955 356.183
275.7648 356.338
275.5608 356.246
275.4238 356.347
275.3058 356.249
275.1106 356.219
274.9931 356.107
274.8418 355.961
274.6099 355.811
274.5204 355.594
274.2881 355.418
274.1154 355.124
273.9718 354.849
273.8188 354.662
273.8423 354.334
273.5057 354.073
273.2739 353.775
273.0309 353.599
272.7998 353.43
272.5128 353.15
272.344 352.973
272.3278 352.606
272.1584 352.374
271.95 352.019