243.85512 440.568
243.6173 440.464
243.39131 440.331
242.73827 440.264
242.37807 439.675
241.88365 439.327
241.49477 438.732
241.01811 438.232
240.5986 438.14
240.11355 437.938
239.7746 437.534
239.1575 437.431
238.6165 437.074
238.0295 436.977
237.4623 436.699
236.6976 436.798
236.23 436.509
235.5207 436.456
235.2484 435.553
234.8444 435.336
234.2242 435.005
233.8326 434.622
233.2546 434.312
232.7894 433.913
232.4666 433.555
231.9514 433.163
231.5017 432.638
231.01 432.346
230.5228 432.133
229.9122 432.314
229.6148 431.86
229.0501 431.737
228.8207 431.019
228.329 430.764
227.8033 430.616
227.2149 430.599
226.7359 430.592
226.5212 430.146
225.9972 430.147
225.9033 429.719
225.7893 429.467
225.4994 429.06
225.2016 429.236
225.2133 428.725
224.9911 428.558
225.0237 428.313
224.7674 428.34
224.9066 427.721
224.4691 428.236
224.1428 428.392
223.7766 428.674
223.4745 428.916
223.1004 429.166
222.8199 429.285
222.4705 429.655
222.0973 429.748
221.5821 430.06
221.0303 430.351
220.3554 430.945
219.335 431.669
218.5287 431.762
217.372 431.939
216.0127 431.961
214.5033 431.938
213.0516 431.577
211.0377 431.338
208.9586 430.904
206.9327 429.806
204.8737 428.652
202.3391 427.612
199.9886 425.881
197.3492 424.78
195.2752 422.369
192.9504 420.401
190.8555 417.973
189.0043 415.238
186.7893 413.1
185.0761 410.341
183.3 407.895
191.3381 392.335
186.6285 394.436
183.6744 394.676
181.701 394.178
180.622 392.923
180.2147 391.412
180.2171 389.715
180.6061 388.07
181.2659 386.198
182.1522 384.978
183.2598 383.694
184.8315 382.326
186.3863 381.177
188.2586 380.156
190.3207 379.465
192.2556 378.987
194.2653 378.917
196.4424 378.982
198.6128 379.18
200.763 379.828
202.7691 380.669
204.8809 381.638
206.9754 382.749
208.8651 384.201
210.8539 385.531
212.708 387.212
214.3635 389.116
215.6234 391.368
216.9269 393.62
218.1303 395.767
219.2865 397.845
220.3248 400.066
221.2644 402.233
222.1268 404.246
223.1088 406.099
223.6509 407.997
224.0296 410.024
224.2432 412.304
224.6968 413.62
225.0073 414.819
225.4756 415.69
225.5862 416.326
225.9894 416.26
225.6603 416.885
225.677 416.27
225.1281 416.09
224.4296 415.454
224.1794 413.667
223.5853 411.953
222.0022 408.315
220.7019 404.975
219.4546 402.144
218.6437 399.188
217.8614 396.43
217.128 393.656
216.635 391.03
216.1425 388.494
215.7382 386.265
215.6252 384.172
215.7496 382.291
215.9861 380.868
216.2454 379.746
216.7467 378.815
217.4889 378.311
218.4891 378.007
219.6444 377.999
220.8777 378.134
222.3106 378.57
223.7857 379.287
225.3852 380.256
227.0154 381.348
228.7136 382.623
230.6739 383.996
232.1755 385.89
233.7247 387.774
235.4492 389.806
237.2435 391.904
239.107 393.989
240.8918 396.12
242.68862 398.448
244.31647 400.975
245.85532 403.544
247.42506 406.054
248.8932 408.421
250.379221 410.622
251.85537 412.914
253.30835 415.223
254.74304 417.089
256.26039 418.582
257.37508 420.311
258.44182 422.257
259.46461 423.382
260.2798 424.348
260.9518 425.546
261.5688 426.024
261.8145 426.657
261.8278 427.53
261.7656 427.605
261.5381 427.455
261.1475 427.178
260.5893 426.639
259.90976 426.105
259.1505 425.055
258.30833 424.146
257.36317 422.829
256.32554 421.646
255.15361 420.366
254.0398 418.788
252.87194 417.031
251.67792 415.405
250.810391 413.448
249.63244 411.601
248.76891 409.436
248.02526 407.616
247.43328 405.88
247.29915 403.523
247.34042 401.474
247.51507 399.615
247.84484 397.834
248.34419 396.292
249.147371 394.69
250.165069 393.218
251.2929 392.059
252.60735 391.16
254.08644 390.502
255.76293 389.93
257.61724 389.564
259.70657 389.495
261.8327 389.522
264.2173 389.795
266.7554 389.898
269.0854 390.672
271.5001 391.473
273.8035 392.693
276.022 393.533
278.001 394.626
279.7364 395.864
281.2857 397.062
282.6393 398.427
283.8209 400.049
284.7778 401.369
285.75 402.727
286.627 404.348
287.4131 405.831
288.1106 407.008
288.697 408.563
289.2469 409.409
289.486 410.731
289.5201 411.876
289.3889 412.929
289.1903 413.581
288.8448 414.171
288.4786 414.819
288.0687 415.463
287.6962 416.196
287.4046 416.666
287.1059 417.159
286.7629 417.528
286.592 417.428
286.2123 417.852
285.9063 417.624
285.5791 417.663
285.2775 417.448
285.0528 417.226
284.8771 417.017
284.7904 416.798
284.8289 415.923
284.8077 415.373
284.8106 414.932
284.7692 414.166
284.7354 413.317
284.717 412.347
284.5963 411.056
284.5324 409.88
284.3025 406.982
284.179 403.908
284.0376 401.052
283.8494 398.002
283.6179 395.001
283.35 391.89
282.973 388.505
282.528 385.085
281.9716 381.493
281.3991 377.49
280.9457 373.855
280.4005 370.075
279.7075 366.246
278.9264 362.239
278.1624 358.24
277.3574 354.28
276.59 350.44
275.7243 346.72
274.602 342.812
273.3282 339.196
271.9016 335.725
270.419 332.506
268.8298 329.479
267.1996 326.73
265.4067 324.021
263.4245 321.544
261.3027 319.179
259.1302 317.092
256.7914 315.134
254.30764 313.149
251.76181 311.546
249.257887 310.26
246.68985 309.35
244.32307 308.795
241.96162 308.573
239.6485 308.606
237.4504 308.93
235.5168 309.648
233.7349 310.605
232.0686 311.716
230.563 312.963
229.3217 314.387
228.2308 316.014
227.5066 317.692
226.9233 319.434
226.6723 321.268
226.3979 323.337
226.4872 325.375
226.8373 327.549
227.3838 329.773
228.1002 331.704
228.8767 333.666
229.8726 335.332
231.308 336.821
232.4738 338.275
233.8305 339.607
235.5702 340.789
237.4919 341.991
239.3235 343.192
241.34945 344.378
243.48713 345.72
245.82418 347.037
248.32083 348.225
250.909435 349.237
253.53656 350.329
256.04459 351.411
258.71772 352.155
261.2892 352.803
263.8796 353.429
266.5943 354.162
269.5086 354.783
272.187 355.639
274.9583 356.405
277.7361 357.1
280.4245 357.945
283.1132 358.664
285.8403 359.301
288.4721 360.152
291.2133 360.982
293.92 361.837
296.5577 362.648
299.228 363.671
301.9107 364.895
304.4978 366.119
306.9792 367.391
309.3312 368.584
311.6879 369.901
313.784 371.342
315.8178 373.057
317.6271 374.641
319.2277 376.336
320.6435 378.196
321.8737 380.252
322.8262 382.17
323.5677 384.111
324.1152 386.158
324.4461 388.093
324.6491 389.805
324.5924 391.441
324.3211 392.993
323.8712 394.407
323.2533 395.877
322.4177 397.097
321.4782 398.28
320.4262 399.532
319.2269 400.423
317.9693 401.455
316.6246 402.203
315.1757 402.899
313.5747 402.898
311.9138 402.878
310.2198 402.627
308.3592 401.719
306.5954 401.011
304.8616 400.477
303.1501 399.61
301.5491 398.716
300.0937 397.477
298.7055 396.001
297.4571 394.344
296.4054 392.517
295.4427 390.627
294.6243 388.673
294.1804 386.722
293.8471 384.733
294.1653 381.731
294.6678 379.305
295.2812 376.991
295.9643 375.01
296.7714 373.167
297.6313 371.47
298.6916 369.942
299.7944 368.416
300.9797 366.947
302.2954 365.835
303.8529 365.103
305.3698 364.346
307.0528 364.02
308.7753 363.696
310.5654 363.455
312.4262 363.446
314.3371 363.598
316.3431 364.201
318.3584 364.666
320.3694 365.387
322.3203 366.263
324.2232 367.571
326.0687 368.835
327.6947 370.281
329.2138 371.952
330.5287 373.494
331.6749 375.133
332.6716 376.755
333.6051 378.654
334.3303 380.215
334.9575 381.941
335.3983 383.682
335.638 385.282
335.7003 386.925
335.5309 388.29
335.1934 389.655
334.8114 391.439
334.2223 392.654
333.4768 393.847
332.7148 395.421
331.7682 396.661
330.8366 397.994
329.7751 399.1
328.7166 400.355
327.6244 401.59
326.4797 402.477
325.4172 403.669
324.3347 404.375
323.3407 405.41
322.3721 405.945
321.4179 406.318
320.6056 407.152
319.8044 407.619
319.1219 408.182
318.4749 408.372
317.948 408.555
317.484 408.63
317.0803 408.77
316.7472 409.038
316.4209 409
316.1789 408.921
315.9726 408.685
315.9412 408.182
315.8327 408.17
315.7527 407.906
315.7516 407.767
315.7775 407.862
315.7978 407.63
315.8541 407.26
315.9775 406.944
316.1929 406.394
316.382 405.964
316.5269 405.947
316.6195 405.736
316.7867 405.819
316.941 405.538
317.0862 405.347
317.2208 405.151
317.412 404.986
317.5278 405.008
317.7101 405.293
317.7801 405.162
317.9176 405.29
318.0189 405.23
318.0718 405.013
318.1294 404.836
318.1513 404.926
318.1521 404.819
318.1352 404.693
318.0602 404.649
318.1154 404.956
318.0873 404.479
318.1057 404.451
318.0594 404.617
318.0369 404.463
318.0607 404.784
317.9734 404.888
317.9163 405.032
317.885 404.945
317.9203 404.939
317.8985 405.02
317.9122 405.084
317.9119 405.458
317.9749 405.233
318.0765 404.946
318.1774 404.993
318.283 405.18
318.4046 405.032
318.528 404.741
318.5862 404.762
318.7005 404.756
318.8102 404.545
318.9042 404.73
318.9869 404.736
319.1142 404.441
319.1572 404.377
319.2647 404.379
319.3456 404.403
319.4674 404.28
319.5034 404.495
319.5918 404.539
319.615 404.547
319.7203 404.631
319.754 404.415
319.7635 404.336
319.8304 404.754
319.9358 404.598
319.9989 404.352
320.0439 404.399
320.1079 404.241
320.1577 404.109
320.1493 404.05
320.1922 404.185
320.2659 403.965
320.3269 404.156
320.4399 404.124
320.4499 404.136
320.5334 404.105
320.5677 404.021
320.5458 404.41
320.6559 404.725
320.6782 404.639
320.7318 404.321
320.7122 404.354
320.8056 404.318
320.7705 404.413
320.8026 404.171
320.7803 404.126
320.7433 404.22
320.6729 404.032
320.6677 404.345
320.6473 404.266
320.689 404.298
320.7156 404.03
320.7413 404.346
320.7926 404.364
320.8291 404.251