215.5962 393.523
215.6819 393.492
215.6533 393.595
216.0217 393.388
215.9678 393.507
215.9757 393.615
216.0452 393.588
216.0834 393.767
215.984 394.006
215.9491 394.131
215.8806 394.039
215.7893 394.2
215.7775 394.183
215.7088 394.239
215.7451 394.167
215.6721 394.171
215.6475 394.288
215.6086 394.221
215.4704 394.361
215.3267 394.576
215.2673 394.525
215.2622 394.688
215.2501 394.631
215.2662 394.727
215.227 394.659
215.2344 394.616
215.1677 394.881
215.1135 394.708
215.0045 394.858
214.9774 394.948
214.9417 394.915
214.828 394.926
214.7459 394.746
214.6784 394.788
214.7369 394.637
214.6648 394.696
214.6109 394.901
214.5366 394.803
214.4723 394.712
214.4813 394.712
214.2527 395.127
214.1412 395.353
213.9494 395.601
213.6787 396.127
213.4462 396.488
213.0268 396.96
212.5642 397.307
212.0427 397.849
211.4826 398.248
210.7245 398.713
209.9658 398.949
208.9296 399.136
207.8972 399.217
206.5398 399.634
205.1349 399.444
203.7204 399.323
202.2032 398.688
200.9522 397.828
199.1366 397.441
197.5006 396.589
195.7434 395.445
194.0068 394.232
192.2491 392.895
190.4387 391.567
188.5612 390.354
187.0609 388.806
185.6313 387.185
184.6722 385.314
183.7992 383.443
183.0318 381.539
182.3935 379.499
181.6302 377.715
180.7576 375.528
180.3009 373.511
180.1415 371.483
180.0536 369.732
180.2026 368.045
180.6976 366.289
181.2766 364.778
181.8513 363.184
182.4946 361.823
183.2346 360.496
184.2459 359.264
185.1813 358.313
186.4896 357.069
187.4716 356.151
188.6022 355.162
189.8995 354.585
190.5739 354.208
192.9543 353.906
202.3075 343.217
199.9897 347.233
198.9749 349.994
198.8051 351.824
199.1329 353.376
199.8457 354.511
200.4853 355.614
201.4329 356.655
203.5933 358.445
205.1241 360.201
206.7009 361.813
207.956 363.386
209.3656 364.872
210.7355 366.255
212.0541 367.577
213.1211 369.146
214.3256 370.581
215.5068 371.803
216.4677 373.218
217.3149 374.581
218.1482 376.144
218.9757 377.322
219.6537 378.532
220.4835 379.827
221.2219 380.778
221.9591 382.017
222.7204 382.965
223.4283 383.989
224.1183 384.853
224.6295 385.677
224.9809 386.491
225.4451 387.076
225.6872 387.815
225.8941 388.246
225.8855 388.688
225.8837 388.974
225.7591 388.912
225.4934 388.777
225.1785 388.509
224.653 387.772
224.1618 386.921
223.6104 386.037
223.047 384.848
222.3216 383.733
221.4816 382.41
220.7128 380.852
219.9954 379.037
219.303 377.063
218.3685 375.148
217.523 373.321
216.5819 371.516
215.6958 369.559
214.573 367.774
213.4611 366.027
212.7778 364.049
211.8594 362.389
211.2116 360.66
210.6119 358.836
210.1713 357.255
209.7352 355.806
209.9088 354.448
209.9623 353.342
210.1382 352.279
209.904 351.758
209.9289 351.35
210.1351 351.017
210.5807 351.082
211.0633 351.012
211.6683 351.234
212.2536 351.761
213.0713 352.349
213.8093 353.322
214.8313 354.201
215.7055 355.387
216.6651 356.793
217.735 358.111
218.7526 359.705
219.7611 361.447
220.8956 363.153
222.0477 365.189
223.3248 366.887
224.6619 369.011
225.9802 371.086
227.2308 373.099
228.6477 375.016
230.115 376.696
231.444 378.349
232.8325 379.894
234.1757 381.285
235.4601 382.6
236.7465 383.508
238.045 384.492
239.6297 385.092
240.80704 385.876
242.02709 386.549
243.15125 387.262
244.44616 387.544
245.7288 387.796
246.89308 388.101
247.96991 388.365
249.059463 388.289
250.211068 387.966
251.16796 387.674
251.86745 386.953
252.4648 386.191
252.93326 385.373
253.25856 384.14
253.43687 382.811
253.57584 381.319
253.50608 379.595
253.32474 377.997
253.22654 376.105
252.81276 374.029
252.30689 372.012
252.03007 369.927
251.47303 367.725
250.911762 365.465
250.284942 363.347
249.9352562 361.163
249.216957 359.132
248.5234 357.159
248.11268 355.213
247.4132 353.426
246.90424 351.982
246.31224 350.629
245.92698 349.248
245.57708 348.256
245.31087 347.361
245.36897 346.643
245.28654 346.356
245.32294 346.184
245.42091 346.182
245.73516 346.514
246.52825 348.122
247.56507 349.619
248.35358 351.217
249.218296 352.977
250.108627 354.936
250.978903 357.16
252.20423 359.148
252.98243 361.507
253.91998 363.815
254.87161 366.23
255.88779 368.198
256.89543 370.272
257.74726 372.654
258.66555 374.699
259.84752 376.366
260.8755 378.067
261.6317 380.095
262.5409 381.701
263.59 383.118
264.5805 384.509
265.6598 385.628
266.877 386.451
268.0199 387.49
269.1942 388.307
270.4662 388.814
271.6612 389.706
272.8733 390.289
274.0063 390.611
275.1309 390.873
276.1223 390.678
277.055 390.672
277.9007 390.313
278.588 389.572
279.2356 388.969
279.7393 388.153
280.0723 386.993
280.3556 385.799
280.4586 384.395
280.4518 382.912
280.3278 381.331
280.1313 379.604
279.8806 377.807
279.6299 375.908
279.3747 374.092
279.1038 372.041
278.8594 370.096
278.5636 368.34
278.3961 366.402
278.2535 364.642
278.0732 363.031
277.9056 361.488
277.88 359.812
277.5857 358.364
277.4151 356.858
277.3218 355.527
277.4017 354.13
277.2621 352.681
277.2838 351.577
277.315 350.316
277.5674 349.239
277.7915 348.254
278.0381 347.273
278.5638 346.403
278.9064 345.638
279.3373 345.006
279.8423 344.69
280.4826 344.405
281.2175 344.135
282.1687 344.19
283.2843 344.254
284.4443 344.483
285.8206 344.776
287.2418 345.26
288.595 345.898
289.9535 346.471
291.4442 347.351
293.1631 348.195
294.773 349.255
296.4377 350.391
298.2223 351.795
300.1745 353.088
301.963 354.544
303.7439 356.077
305.5474 357.65
307.3874 359.076
309.0537 360.355
310.6497 361.79
312.1414 363.169
313.5152 364.219
314.8204 365.247
315.9863 366.219
317.0728 367.205
317.9772 367.895
318.7603 368.668
319.4249 369.477
319.9237 370.199
320.2106 370.84
320.3252 371.131
320.3231 371.57
320.1877 371.989
319.8629 372.3
319.4061 372.565
318.7679 372.692
317.9875 372.847
317.0204 372.821
315.9318 372.899
314.7038 372.792
313.431 372.619
312.1074 372.437
310.8008 372.297
309.499 372.086
308.154 371.773
306.8717 371.343
305.4855 371.066
304.1534 370.601
302.7243 370.23
301.3182 369.915
299.9413 369.231
298.6263 368.508
297.2546 367.738
295.9971 366.843
294.6782 365.763
293.4487 364.742
292.2654 363.429
291.1297 362.212
289.6314 359.537
288.3092 357.394
287.3913 355.714
286.7125 353.832
286.1911 352.193
285.8558 350.401
285.8084 348.865
285.8171 347.087
286.0118 345.388
286.4588 343.678
287.0636 341.916
287.8733 340.345
288.792 338.975
289.9119 337.915
291.1292 337.052
292.4804 336.547
293.8794 336.23
295.2595 335.922
296.6334 335.858
298.1415 335.823
299.6502 336.013
301.1956 336.448
302.6489 336.831
304.2659 337.446
305.7835 338.262
307.2986 339.074
308.8012 340.146
310.1825 341.538
311.4237 342.813
312.7791 344.434
313.9326 346.028
315.1316 347.604
316.235 349.502
317.3107 351.269
318.4233 353.335
319.4495 355.306
320.5061 357.483
321.5531 359.443
322.5406 361.669
323.4945 363.959
324.448 366.317
325.3965 368.747
326.2386 370.919
327.022 373.194
327.7729 375.404
328.4625 378.005
328.9933 380.5
329.4662 382.859
329.9994 385.476
330.4488 387.956
330.8878 390.319
331.2609 392.716
331.5662 394.916
331.7922 397.024
331.8439 398.904
331.8649 400.753
331.8002 402.797
331.6561 404.186
331.3255 405.788
330.8184 406.958
330.3183 408.573
329.6758 409.729
329.0408 411.011
328.3954 412.372
327.683 413.404
326.9228 414.131
326.1474 414.703
325.4182 415.42
324.548 415.65
323.7832 415.997
322.9912 416.338
322.194 416.376
321.4412 416.418
320.6343 415.928
319.9645 415.647
319.2666 414.997
318.6242 414.431
318.0035 413.592
317.4218 412.713
316.9127 411.83
316.3626 410.79
315.9181 409.115
315.3976 408.105
314.936 406.789
314.4244 405.358
314.0484 404.031
313.608 402.54
313.2127 400.878
312.752 399.092
312.2678 397.276
311.7905 395.406
311.3706 393.557
310.8974 391.53
310.473 389.298
310.0046 387.291
309.5583 385.233
309.1534 383.206
308.6964 381.191
308.3408 379.487
307.9391 377.315
307.5679 375.196
307.2642 373.113
307.0125 370.958
306.8517 368.825
306.8238 366.847
306.7571 364.952
306.7844 362.97
306.9329 360.907
307.0386 359.113
307.2602 357.337
307.4198 355.519
307.7393 353.758
307.8989 351.909
308.172 350.329
308.5574 348.815
308.8474 347.302
309.179 345.852
309.5447 344.489
309.9302 343.223
310.2894 341.92
310.6721 340.591
311.0557 339.482
311.3662 338.359
311.6862 337.339
312.0467 336.349
312.6423 334.697
313.1395 333.416
313.6628 332.565
314.1841 331.816
314.6238 331.044
315.07 330.334
315.5581 329.765
316.0495 329.253
316.5768 328.805
317.1739 328.579
317.7371 328.257
318.375 328.112
319.0265 327.955
319.7172 327.851
320.4274 327.766
321.1961 327.837
321.994 327.946
322.7678 328.002
323.5534 328.105
324.3466 328.173
325.2207 328.524
326.1129 328.785
326.9978 329.041
327.864 329.225
328.7922 329.533
329.7543 329.934
330.6916 330.258
331.6361 330.687
332.6044 331.027
333.6156 331.607
334.5979 332.17
335.5779 332.719
336.4957 333.172
337.4524 333.775
338.3708 334.346
339.3071 334.957
340.2308 335.649
341.0249 336.021
341.8525 336.599
342.5987 336.973
343.4005 337.598
344.1503 338.234
344.8609 338.916
345.4609 339.396
346.0387 339.959
346.5934 340.593
347.0595 341.175
347.387 341.583
347.6794 342.094
347.8821 342.588
348.04 343.035
348.0565 343.326
348.0596 343.66
347.9579 343.852
347.8262 344.217
347.5782 344.238
347.3856 344.538
347.1577 344.791
346.8456 344.928
346.5924 345.199
346.3519 345.488
346.0742 345.484
345.8465 345.95
345.5749 346.147
345.3263 346.338
345.0646 346.515
344.8762 346.814
344.7058 347.103
344.4839 347.308
344.2849 347.528
344.0476 347.68
343.852 347.935
343.6668 348.179
343.461 348.409
343.2917 348.752
343.0604 348.927
342.8146 349.085
342.6423 349.335
342.3993 349.535
342.2235 349.764
341.9866 349.868
341.7655 350.126
341.4733 350.178
341.2848 350.473
341.0959 350.628
340.9034 350.627
340.7037 350.927
340.4944 351.101
340.3177 351.305
340.1619 351.546
339.9251 351.574
339.8094 351.664
339.576 351.703
339.3849 351.952
339.1769 351.948
338.8931 351.852
338.6599 351.837
338.4074 351.721
338.2749 351.903
338.0949 351.773
338.0202 351.989
337.832 351.841
337.6626 351.774
337.5141 351.555
337.3823 351.503
337.1795 351.259
336.9978 351.065
336.9196 351.16
336.7429 350.934
336.6179 350.817
336.4914 350.655
336.4245 350.611
336.3317 350.514
336.2686 350.411
336.1842 350.421
336.072 350.125
336.0199 350.029
335.974 350.012
335.9599 349.864
335.9488 349.935
335.9765 349.964
335.9288 349.935
335.8437 349.763
335.7528 349.684
335.6712 349.53
335.4573 349.28
335.4384 349.466
335.3018 349.35
335.2031 349.246
335.2023 349.457