226.8757 400.875
226.9668 400.819
227.0807 400.971
227.2296 400.935
227.2952 401.034
227.3683 401.124
227.3594 401.47
227.5243 401.425
227.6256 401.49
227.6986 401.664
227.802 401.908
227.8075 401.976
227.8678 402.212
227.7525 402.411
227.7021 402.471
227.7356 402.646
227.7146 402.794
227.548 402.91
227.4884 403.073
227.3816 403.23
227.3619 403.233
227.2247 403.263
227.1286 403.315
226.9695 403.41
226.8597 403.528
226.6523 403.615
226.5499 403.682
226.3401 403.966
226.2433 404.154
226.426 404.108
226.2618 404.358
226.1885 404.426
226.1335 404.935
226.2154 404.848
226.1759 405.078
226.1513 405.183
226.1246 405.375
226.2547 405.491
226.5044 405.368
226.4862 405.434
226.3835 405.461
226.352 405.454
226.3989 405.285
226.6733 404.878
226.5503 404.745
226.4559 404.609
226.381 404.324
226.4261 403.649
226.4868 402.957
226.4745 402.417
226.3309 401.579
226.451 400.681
226.3017 399.355
226.0079 398.018
225.8297 396.383
225.5667 394.478
225.1061 392.175
224.6236 389.786
224.0362 387.222
223.2715 384.567
222.5321 381.535
221.7002 378.268
220.8138 374.811
219.8407 371.413
218.7776 367.72
217.7216 363.853
216.6415 359.937
215.6895 356.044
214.7131 352.164
213.7903 348.323
212.8424 344.676
211.9331 341.303
211.1852 338.119
210.4359 335.162
209.7197 332.422
209.0617 330.032
208.4783 327.88
208.0679 326.012
207.7599 324.402
207.5298 323.107
207.4183 322.165
207.3885 321.545
207.4143 321.328
207.5318 321.222
207.6644 321.553
207.8409 321.978
208.0197 322.674
208.1948 323.592
208.3711 324.614
208.5229 325.828
208.6693 327.186
208.784 328.755
208.9189 330.406
208.9407 332.086
208.9709 333.919
209.0293 335.914
209.1097 337.946
209.2222 340.033
209.3858 342.093
209.5744 344.153
209.8764 346.246
210.2165 348.349
210.625 350.481
210.9959 352.58
211.5385 354.726
212.2376 356.684
213.0288 358.654
213.9823 360.473
215.0524 362.083
216.1949 363.709
217.4022 365.164
218.657 366.584
220.0037 367.71
221.3621 368.814
222.8634 369.704
224.4069 370.454
226.0033 370.953
227.6377 371.499
229.271 371.785
230.7827 372.016
232.3905 371.888
233.939 371.627
235.444 371.338
236.8945 370.665
238.3109 369.989
239.6587 369.144
240.95228 368.2
242.30492 367.009
243.34093 365.956
244.38405 364.595
245.17969 363.283
245.82194 361.73
246.32508 360.148
246.61844 358.501
246.33448 355.138
245.94147 352.403
245.32718 349.959
244.47653 347.752
243.454 345.714
242.34818 343.762
241.11708 342.078
239.7886 340.423
238.3841 338.797
236.8949 337.476
235.3611 336.138
233.7278 334.901
232.0874 333.83
230.4848 332.893
228.9954 332.103
227.7276 331.713
226.4883 331.435
225.4817 331.429
224.6085 331.739
223.9648 332.115
223.5605 332.644
223.3454 333.424
223.3353 334.367
223.5042 335.411
223.8806 336.476
224.4535 337.622
225.1995 338.955
226.1423 340.246
227.2051 341.684
228.3842 343.282
229.6751 344.859
231.0921 346.433
232.4942 348.119
234.0065 349.743
235.6236 351.367
237.3217 352.984
239.063 354.636
240.84903 356.259
242.60512 357.759
244.35175 359.222
246.11346 360.417
247.71839 361.604
249.287938 362.735
250.792612 363.783
252.21756 364.513
253.57584 365.216
254.8809 365.962
256.12564 366.434
257.32756 366.767
258.51289 367.018
259.63989 366.979
260.6556 366.829
261.5814 366.494
262.394 365.765
263.0624 364.817
263.6066 363.677
264.0498 362.352
264.3234 360.771
264.4936 358.932
264.5579 356.904
264.5101 354.781
264.3886 352.659
264.1679 350.304
263.8643 347.86
263.5333 345.456
263.0899 343.034
262.5415 340.578
261.9218 338.19
261.2068 335.839
260.4618 333.664
259.7459 331.725
259.04832 330.07
258.40852 328.731
257.83005 327.703
257.39941 327.121
257.06971 326.932
256.93194 327.144
256.9474 327.565
257.12681 328.427
257.46622 329.479
258.00733 330.99
258.66052 332.674
259.44288 334.496
260.3616 336.455
261.3959 338.55
262.5056 340.606
263.6219 342.69
264.8336 344.718
266.0972 346.679
267.4344 348.541
268.8032 350.246
270.2118 351.896
271.6737 353.161
273.1982 354.505
274.7868 355.69
276.4608 356.723
278.2066 357.751
279.9739 358.438
281.7948 359.17
283.5976 359.772
285.3421 360.159
287.0614 360.71
288.6437 361.005
290.0886 361.16
291.4738 361.393
292.7436 361.461
293.8679 361.407
294.8859 361.309
295.7937 361.223
296.5579 361.12
297.1319 360.924
297.4908 360.607
297.6744 360.358
297.6155 359.873
297.3454 359.359
296.8904 358.884
296.3081 358.367
295.6619 357.889
294.9548 357.168
294.2838 356.484
293.6307 355.954
293.0622 355.316
292.5226 354.718
292.0853 354.274
291.7398 353.872
291.6364 353.516
291.7475 353.411
292.0209 353.322
292.4961 353.425
293.0332 353.666
293.7027 354.019
294.4019 354.162
295.1062 354.42
295.7616 354.586
296.1781 354.4
296.4968 354.229
296.5069 353.753
296.308 353.061
296.0156 352.259
295.4734 351.292
294.8519 350.188
294.1251 348.935
293.3141 347.575
292.4566 346.015
291.6196 344.292
290.8042 342.584
289.9645 340.55
289.1212 338.357
288.4361 336.23
287.9131 334.077
287.6921 332.195
287.6126 330.344
287.8304 328.699
288.3386 327.274
289.1821 326.176
290.3052 325.442
291.6332 324.793
293.1274 324.421
294.7434 324.118
296.4453 324.1
298.2658 324.297
300.0606 324.482
301.8884 324.994
303.6638 325.538
305.3741 326.299
307.0088 327.183
308.4328 327.981
309.7089 328.919
310.8075 329.904
311.7576 331.109
312.5443 332.275
313.189 333.655
313.6545 334.978
314.0012 336.307
314.1975 337.569
314.2488 338.811
314.1743 340.019
313.9576 341.181
313.6506 342.439
313.2089 343.635
312.6643 344.797
312.0235 345.933
311.2735 346.972
310.4246 347.845
309.5403 348.622
308.6955 349.452
307.7746 350.121
306.7857 350.562
305.8094 350.975
304.8263 351.16
303.8564 351.242
302.8594 351.328
301.8782 351.312
300.9546 351.066
300.107 350.741
299.3325 350.365
298.6698 349.962
298.0753 349.496
297.5738 348.938
297.1859 348.434
296.9599 347.859
296.9191 347.37
296.9838 346.806
297.253 346.472
297.7353 346.069
298.4092 345.907
299.1863 345.63
300.0397 345.377
301.0974 345.283
302.2932 345.042
303.5756 344.906
305.0155 344.694
306.5049 344.494
308.1304 344.397
309.8804 344.515
311.6489 344.502
313.4574 344.704
315.2883 344.936
317.1782 345.196
318.9967 345.442
320.8437 345.834
322.6629 346.296
324.4466 346.757
326.1123 347.088
327.7311 347.598
329.2328 348.055
330.6463 348.429
331.904 348.773
333.0604 349.168
333.9821 349.281
334.7623 349.379
335.4106 349.409
335.9381 349.393
336.3181 349.256
336.5916 349.025
336.739 348.76
336.7625 348.3
336.75 347.941
336.6055 347.408
336.315 346.785
335.8817 346.033
335.2829 345.101
334.583 344.137
333.7635 343.035
332.9035 341.969
331.9471 340.715
330.9752 339.33
330.0575 338.025
329.1404 336.615
328.2166 335.075
326.7459 332.172
325.5919 329.712
324.6439 327.586
323.8637 325.527
323.229 323.633
322.7673 321.887
322.4725 320.288
322.3155 318.761
322.3398 317.418
322.4862 316.175
322.7916 315.073
323.2808 314.217
323.8945 313.404
324.687 312.842
325.5727 312.321
326.6463 312.107
327.8701 312.088
329.2512 312.357
330.7218 312.699
332.3097 313.325
333.9168 314.032
335.5667 314.978
337.198 316.034
338.7985 317.254
340.3561 318.611
341.8879 320.208
343.3178 321.798
344.6644 323.436
345.9059 324.95
347.1953 326.697
348.3585 328.337
349.4431 329.914
350.455 331.483
351.284 332.906
351.973 334.348
352.397 335.439
352.721 336.627
352.8 337.527
352.794 338.482
352.622 339.271
352.229 339.674
351.847 340.138
351.372 340.435
350.87 340.635
350.133 340.387
349.28 339.853
348.47 339.383
347.5308 338.515
346.5717 337.46
345.6181 336.167
344.6534 334.536
343.8748 333.08
343.105 331.353
342.4542 329.631
341.9107 327.812
341.5163 326.002
341.2134 324.161
341.114 322.466
341.0909 320.644
341.2621 318.976
341.6269 317.59
342.1428 316.399
342.7792 315.358
343.5842 314.594
344.662 314.376
345.8675 314.324
347.2127 314.547
348.7031 315.074
350.337 315.833
352.052 316.793
353.804 317.833
355.593 319.015
357.448 320.462
359.214 321.751
361.096 323.336
362.89 324.913
364.691 326.611
366.473 328.481
368.127 330.255
369.6 331.951
370.948 333.573
372.13 335.056
373.17 336.486
374.045 337.787
374.793 339.026
375.365 340.198
375.754 341.19
375.959 341.967
376.102 342.862
376.004 343.505
375.719 343.93
375.293 344.387
374.656 344.633
373.879 344.897
372.837 344.849
371.718 344.859
370.389 344.605
369.083 344.557
367.625 344.357
366.153 344.095
364.613 343.615
363.041 343.017
361.45 342.187
360.006 341.434
358.67 340.571
357.403 339.603
356.226 338.49
355.236 337.319
354.493 336.187
354.004 335.079
353.806 334.062
353.864 333.046
354.227 332.202
354.789 331.334
355.58 330.606
356.561 330.046
357.622 329.561
358.753 329.223
359.924 329.089
361.1 329.084
362.257 329.217
363.394 329.563
364.318 329.934
365.118 330.376
365.782 330.958
366.111 331.733
366.099 332.209
365.907 332.558
365.464 332.601
364.897 332.522
364.208 332.223
363.482 331.858
362.798 331.395
362.071 330.694
361.459 330.034
360.906 329.337
360.407 328.535
359.89 327.435
359.47 326.459
359.086 325.377
358.798 324.359
358.478 323.208
358.123 321.949
357.817 320.763
357.371 319.195
356.919 317.701
356.385 316.051
355.829 314.461
355.109 312.629
354.303 310.807
353.415 308.925
352.472 307.045
351.458 305.139
350.401 303.207
349.3154 301.372
348.1162 299.426
346.8974 297.513
345.6303 295.571
344.263 293.541
342.8515 291.495
341.3554 289.379
339.7877 287.194
338.1973 285.009
336.6033 282.926
334.911 280.749
333.2226 278.705
331.494 276.696
329.7008 274.636
327.9003 272.64
326.0835 270.68
324.2633 268.745
322.5183 267.009
320.7862 265.377
319.1099 263.985
317.4948 262.814
315.9199 261.777
314.4413 261.016
313.0477 260.488
311.7549 260.119
310.6076 260.081
309.6075 260.277
308.7145 260.695
307.954 261.428
307.2964 262.399
306.7448 263.572
306.256 264.879
305.8999 266.363
305.6135 267.851
305.388 269.318
305.325 270.827
305.4081 272.363
305.6169 273.886
306.0009 275.413
306.5583 277.001
307.2535 278.586
308.1405 280.141
309.2012 281.632
310.4533 283.114
311.9445 284.602
313.6162 286.056
315.4933 287.51
317.5431 289.012
319.6939 290.366
321.9863 291.766
324.3653 293.139
326.8455 294.535
329.3857 295.867
332.0378 297.268
334.749 298.754
337.5036 300.371
340.2583 301.993
342.993 303.682
345.6378 305.412
348.2001 307.193
350.681 308.99
353.047 310.775
355.37 312.66
357.635 314.662
359.829 316.714
361.888 318.727
363.842 320.776
365.664 322.901
367.33 325.051
368.767 327.124
370.009 329.317
371.068 331.55
372.027 333.975
372.783 336.312
373.385 338.666
373.75 340.82
374.038 343.031
374.196 345.116
374.245 347.155
374.141 348.992
373.892 350.663
373.636 352.38
373.23 353.814
372.764 355.058
372.389 356.406
371.779 357.152
371.16 357.703
370.554 358.187
369.917 358.372
369.362 358.635
368.734 358.425
368.106 357.977
367.543 357.399
367.034 356.62
366.583 355.665
366.158 354.473
365.526 351.639
365 349.007
364.637 346.648
364.212 344.159
363.769 341.572
363.318 339.007
362.73 336.251
362.087 333.539
361.393 330.776
360.705 328.045
359.927 325.116
359.143 322.129
358.377 319.078
357.61 315.925
356.916 312.823
356.282 309.827
355.62 306.789
354.996 303.852
354.334 300.899
353.741 298.163
353.176 295.557
352.638 293.156
352.217 291.004
351.849 288.973
351.577 287.236
351.418 285.659
351.306 284.295
351.25 283.069
351.211 281.987
351.245 281.095
351.279 280.459
351.333 280.017
351.402 279.729
351.419 279.466
351.531 279.527
351.699 279.793
351.933 280.268
352.214 280.92
352.523 281.572
352.92 282.404
353.43 283.407
354.019 284.518
354.724 285.787
355.541 287.254
356.337 288.713
357.187 290.314
358.153 292.139
359.112 293.954
360.116 295.886
361.176 297.875
362.247 299.806
363.341 301.781
364.498 303.703
365.647 305.632
366.792 307.379
367.974 309.097
369.126 310.635
370.279 312.072
371.513 313.632
372.681 314.948
373.777 316.06
374.928 317.214
376.06 318.299
377.118 319.204
378.178 320.08
379.061 320.604
380.106 321.264
381.201 321.875
382.159 322.119
383.215 322.41
384.259 322.606
385.244 322.619
386.255 322.701
387.06 322.504
387.822 322.379
388.437 322.065
388.909 321.655
389.417 321.31
389.635 320.571
389.914 319.855
390.11 319.043
390.251 318.137
390.223 317.035
390.268 316.065
390.159 314.871
389.972 313.649
389.828 312.471
389.622 311.207
389.394 309.955
389.168 308.647
388.943 307.403
388.715 306.118
388.571 304.857
388.465 303.593
388.471 302.463
388.456 301.319
388.549 300.297
388.68 299.26
388.86 298.257
389.088 297.307
389.416 296.483
389.763 295.704
390.163 294.919
390.556 294.143
391.029 293.512
391.608 293.019
392.327 292.688
393.082 292.427
393.835 292.135
394.659 292.04
395.523 292.039
396.503 292.201
397.453 292.349
398.523 292.698
399.584 293.076
400.611 293.536
401.649 294.008
402.701 294.432
403.773 294.966
404.863 295.614
405.906 296.217
407.01 296.943
408.097 297.683
409.179 298.454
410.204 299.266
412.18 301.038
413.633 302.391
414.786 303.577
415.892 304.833
416.822 306.026
417.836 307.452
418.763 308.852
419.367 309.971
420.101 311.334
420.784 312.652
421.354 314.025
421.974 315.501
422.59 316.946
423.067 318.291
423.571 319.715
424.116 321.291
424.522 322.693
424.946 324.225
425.196 325.473
425.463 326.757
425.65 327.968
425.962 329.329
425.993 330.457
426.199 331.6
426.356 332.628
426.552 333.693
426.574 334.575
426.585 335.44
426.488 336.093
426.445 336.802
426.386 337.512
426.289 338.076
426.088 338.405
425.946 338.918
425.695 339.111
425.366 339.07
425.047 339.016
424.629 338.722
424.189 338.273
423.589 337.47
423.066 336.63
422.451 335.579
421.758 334.186
420.931 332.445
420.095 330.612
419.377 328.885
418.626 327.091
417.604 324.841
416.678 322.614
415.796 320.346
414.86 318.104
413.968 315.814
413.073 313.577
412.086 311.226
411.106 308.784
410.1 306.203
409.207 303.681
408.414 301.289
407.571 298.866
406.879 296.698
406.25 294.545
405.556 292.349
404.892 290.357
404.232 288.395
403.681 286.658
403.095 284.912
402.529 283.297
402.033 281.833
401.716 280.483
401.48 279.293
401.287 278.164
401.213 277.105
401.285 276.315
401.377 275.581
401.571 274.98
401.783 274.439
402.195 274.172
402.698 273.925
403.181 273.79
403.877 273.901
404.489 273.884
405.387 274.234
406.086 274.523
406.902 274.862
407.679 275.25
408.384 275.604
409.196 276.21
409.938 276.796
410.795 277.523
411.586 278.212
412.327 278.949
413.078 279.701
413.752 280.472
414.503 281.37
415.113 282.133
415.754 283.073
416.178 283.892
416.522 284.727
416.725 285.668
416.906 286.739
416.905 287.8
416.78 288.863
416.443 289.899
416.139 291.172
415.571 292.276
414.771 293.338
413.931 294.496
413.05 295.76
412.016 297.027
410.928 298.265
409.711 299.436
408.559 300.786
407.376 302.059
406.099 303.234
404.79 304.392
403.625 305.726
402.258 306.728
401.002 307.804
399.745 308.813
398.522 309.814
397.25 310.607
396.176 311.609
395.157 312.491
394.071 313.234
393.136 313.959
391.727 314.828
390.649 315.505
389.769 315.985
388.92 316.167
388.302 316.436
387.738 316.561
387.13 316.486
386.702 316.6
386.126 316.352
385.754 316.321
385.277 315.978
384.946 315.703
384.815 315.534
384.694 315.195
384.747 314.889
384.93 314.568
385.309 314.285
385.804 313.977
386.383 313.624
387.082 313.285
387.975 313.025
388.796 312.447
389.95 312.229
391.017 311.645
392.304 311.218
393.597 310.652
395.034 310.181
396.531 309.624
398.127 309.115
399.784 308.644
401.435 308.159
403.155 307.61
404.891 307.135
406.576 306.546
408.234 305.907
409.923 305.395
411.66 304.978
413.368 304.507
415.067 304.225
416.741 304.021
418.274 303.638
419.767 303.391
421.093 303.04
422.413 302.736
423.626 302.486
424.848 302.314
425.889 302.093
426.9 301.956
427.873 301.924
428.633 301.744
429.325 301.607
429.877 301.489
430.315 301.386
430.619 301.313
430.654 301.176
430.55 300.968
430.509 300.938
430.426 301.005
430.154 301.02
429.88 301.113
429.656 301.342
429.205 301.466
428.811 301.751
428.296 301.88
427.878 302.262
427.36 302.492
426.934 302.843
426.655 303.396
426.129 303.635
425.755 304.098
425.299 304.554
424.872 305.011
424.4 305.496
424.061 306.145
423.433 306.568
422.798 307.026
422.169 307.52
421.509 307.954
420.864 308.422
420.114 308.811
419.538 309.34
418.808 309.685
418.184 310.238
417.543 310.683
416.792 310.95
416.207 311.4
415.495 311.673
415.007 312.211
414.42 312.56
413.93 312.924
413.317 313.098
412.736 313.254
412.24 313.42
411.738 313.553
411.268 313.615
410.841 313.756
410.197 313.489
409.789 313.519
409.391 313.507
409 313.441
408.62 313.311
408.215 313.108
407.882 312.955
407.437 312.61
407.174 312.48
406.864 312.263
406.667 312.162
406.381 311.927
406.103 311.753
405.875 311.58
405.673 311.46
405.458 311.295
405.128 310.956
404.808 310.581
404.633 310.44
404.293 310.013
404.103 309.73
403.869 309.441
403.612 309.104
403.405 308.824
403.319 308.723
402.973 308.205
402.843 308.017
402.601 307.65
402.382 307.318
402.065 306.845
401.697 306.317
401.398 305.908
401.227 305.614
401.003 305.341
400.757 304.987
400.552 304.749
400.37 304.497
400.106 304.122
399.952 303.934