237.9982 393.185
237.9923 393.36
237.9284 393.477
237.7951 393.634
237.7472 393.687
237.7148 393.773
237.6652 393.78
237.5941 393.825
237.5231 393.86
237.4266 393.884
237.3163 393.923
237.093 394.039
236.9675 393.999
236.8529 394.033
236.6381 394.222
236.4597 394.133
236.1945 394.056
236.0119 393.913
235.8212 393.748
235.5156 393.668
235.2737 393.618
235.0159 393.424
234.7633 393.277
234.507 393.159
234.2053 393.195
233.9544 393.092
233.6769 393.148
233.2266 393.066
232.5647 393.077
231.9747 393.325
231.4526 393.473
231.0753 393.658
230.5038 393.771
230.0653 393.893
229.5406 394.157
228.9941 394.224
228.3237 394.521
227.3646 394.954
226.3789 395.391
225.2959 395.613
224.1848 396.086
222.9811 396.258
221.6595 396.325
220.3504 396.231
218.6758 396.188
216.6899 396.125
214.5662 395.729
212.3147 395.228
210.0158 394.185
207.4495 392.985
204.5401 391.729
201.559 390.004
198.3138 388.034
195.26 385.918
191.9016 383.851
188.9369 381.431
186.3506 378.882
183.5833 376.5
181.2218 373.62
178.9881 370.666
177.0673 367.448
175.2375 364.456
173.7951 361.227
172.5521 358.218
171.7308 355.093
171.2554 352.319
171.2358 349.465
171.462 346.822
171.6253 344.436
172.3444 342.183
172.9172 340.252
174.1177 338.311
175.3894 336.72
176.8246 335.376
178.3628 334.329
180.0443 333.285
182.0472 332.791
183.7658 332.374
185.6534 332.017
187.8065 332.095
189.6962 332.442
191.717 332.943
193.8408 333.715
196.1507 334.54
198.4681 335.763
200.8272 337.196
203.187 338.67
205.5878 340.344
207.9148 342.005
210.511 343.782
212.5648 345.577
214.6883 347.453
216.8319 349.591
218.9261 351.861
221.015 354.124
223.0721 356.667
224.8294 359.043
226.4755 361.551
228.0344 364.116
229.8675 366.537
231.2223 368.811
232.3398 370.987
233.3688 372.89
234.2066 374.884
234.8455 376.598
235.4948 378.055
236.1402 379.147
236.5721 380.126
236.5122 381.064
236.2378 381.785
236.1797 382.086
235.6135 382.501
235.0203 382.52
234.715 382.345
234.2834 382.137
233.3093 381.95
232.5 381.412
231.6519 380.899
230.7822 380.06
230.2699 379.216
229.4783 378.24
228.5562 377.186
228.1684 375.933
227.3962 374.996
226.8646 373.794
226.7327 372.624
226.204 371.402
225.7671 370.363
225.483 369.242
225.6388 367.927
225.5814 366.775
225.1317 365.558
224.6132 364.113
224.1776 362.948
223.7554 361.415
223.583 359.849
223.0591 358.341
222.5409 356.772
222.0371 355.094
221.5956 353.51
221.2948 351.892
220.8579 350.32
220.6548 348.761
220.4257 347.203
220.3545 345.693
220.3864 344.366
220.5133 342.853
220.8261 341.591
221.3549 340.477
221.9036 339.343
222.6424 338.516
223.5982 337.88
224.661 337.636
227.0874 337.851
229.2428 338.274
231.0909 338.921
232.8592 339.599
234.6512 340.382
236.311 341.217
237.9911 342.283
239.6014 343.394
241.13992 344.744
242.49751 346.194
243.74554 347.878
244.85874 349.697
245.79625 351.719
246.61998 353.631
247.2037 355.538
247.58872 357.328
248.04917 359.027
248.01886 360.665
248.08477 362.077
247.70765 363.488
247.15988 364.739
246.57418 365.989
245.93387 366.896
245.15308 367.817
244.31133 368.791
243.41991 369.507
242.44746 370.286
241.44061 370.745
240.50753 371.199
239.62 371.367
238.7126 371.583
237.9891 371.751
237.4161 371.701
237.5053 371.546
237.3199 371.552
237.4803 371.622
238.1815 371.549
238.6262 371.742
239.4141 371.927
240.50348 372.202
241.83365 372.532
243.27288 373.037
244.94769 373.585
246.83697 374.293
248.88303 374.982
251.00863 375.74
253.15337 376.656
255.27175 377.537
257.47853 378.299
259.57385 379.05
261.6777 379.809
263.9321 380.001
265.6918 380.346
267.4451 380.581
269.0132 380.534
270.4475 380.35
271.7765 380.105
272.9175 379.673
273.8716 378.943
274.6537 378.217
275.2461 377.03
275.7109 375.72
275.9244 374.191
275.9166 372.261
275.7715 370.112
275.459 367.767
275.0399 365.361
274.4658 362.854
273.8727 360.174
273.1351 357.573
272.3516 354.909
271.5135 352.534
270.6145 350.029
269.6974 347.64
268.645 345.338
267.5696 343.082
266.5503 341.1
265.3924 338.961
264.3541 336.977
263.3246 335.156
262.2916 333.401
261.5039 332.004
260.8274 330.784
260.2436 329.797
259.86739 329.149
259.53713 328.638
259.40767 328.44
259.37317 328.417
259.50702 328.636
259.89444 329.151
260.3642 329.911
260.9807 330.888
261.7981 331.953
262.7705 333.272
263.7724 334.82
264.8014 336.34
265.96 338.103
267.0271 339.867
268.1311 341.766
269.2641 343.766
270.3632 345.607
271.4198 347.653
272.5159 349.624
273.8425 351.509
274.8838 353.391
276.0448 355.13
277.1672 356.787
278.3441 358.42
279.5262 359.816
280.7031 361.132
281.8871 362.293
283.1078 363.475
284.2113 364.345
285.3036 365.164
286.4679 365.811
287.5012 366.657
288.5542 366.87
289.5009 367.232
290.4968 367.237
291.2566 367.237
291.9438 366.965
292.562 366.402
293.002 365.727
293.2517 364.642
293.3858 363.545
293.0172 360.635
292.5683 358.055
292.0972 355.936
291.611 353.861
291.0813 351.702
290.5681 349.834
290.1067 348.153
289.5985 346.357
289.165 344.786
288.659 343.111
288.2245 341.51
287.8016 340.023
287.4609 338.769
287.1421 337.644
286.9107 336.65
286.6905 335.738
286.506 334.966
286.4262 334.368
286.4703 333.782
286.4783 333.39
286.6608 333.208
286.8539 333.023
287.1356 333.045
287.604 333.352
288.0979 333.796
288.682 334.516
289.3294 335.378
290.0904 336.523
290.9313 337.788
291.8389 339.367
292.8372 341.039
293.8775 342.753
295.0014 344.599
295.9869 346.625
297.177 348.649
298.1946 350.628
299.3004 352.78
300.4286 354.878
301.6382 357.268
302.8538 359.553
304.1389 361.778
305.3668 364.067
306.5851 366.372
307.8658 368.37
308.9619 370.512
309.9932 372.443
310.9544 373.959
311.8983 375.437
312.723 376.501
313.5462 377.316
314.0892 378.173
314.5698 378.807
314.9389 379.132
315.219 379.241
315.3968 379.39
315.4753 379.189
315.3543 378.556
315.2738 377.736
315.0539 376.707
314.5746 375.297
313.9056 373.933
313.2784 372.099
312.5614 370.164
311.7669 368.025
310.8961 365.639
310.108 363.125
309.323 360.693
308.4525 358.051
307.6418 355.631
306.7633 353.327
305.7798 350.823
304.7796 348.377
303.8184 345.993
302.8562 343.683
301.948 341.4
301.1666 339.333
300.4797 337.428
299.892 335.585
299.3475 333.869
298.9196 332.369
298.6438 331.19
298.3139 330.011
298.0775 329.138
297.9258 328.373
297.8469 327.931
297.8792 327.66
298.0427 327.82
298.2464 328.254
298.5026 328.839
298.8709 329.813
299.1347 330.867
299.4305 332.284
299.6889 333.88
299.8694 335.514
300.0484 337.399
300.0053 339.213
299.9101 341.157
299.7597 343.012
299.5187 345.044
299.1929 346.678
298.8032 348.66
298.3216 350.328
297.9305 351.851
297.2667 353.246
296.6027 354.56
295.9556 355.841
295.3566 356.935
294.792 357.731
294.3577 358.488
294.026 359.098
293.7839 359.548
293.9281 359.806
293.8916 360.204
294.0243 360.301
294.3352 360.533
294.7928 360.419
295.3534 360.348
296.116 360.187
297.0593 359.785
297.8981 359.426
298.9031 359.017
300.0626 358.53
301.3358 357.92
302.9138 357.342
304.4495 356.99
307.509 356.03
310.0838 355.15
312.3504 354.375
314.3515 353.637
316.175 353.029
317.8246 352.361
319.3871 352.053
320.7474 351.532
322.0452 351.31
323.2127 351.117
324.3009 350.908
325.1188 350.803
325.8639 350.92
326.4428 350.995
326.824 351.03
327.0775 351.157
327.1359 351.32
327.0284 351.551
326.8137 351.746
326.5939 352.244
326.2376 352.678
325.8058 353.121
325.343 353.511
324.8832 354.093
324.4616 354.691
324.0546 355.288
323.7117 355.714
323.2871 356.358
322.9196 356.998
322.5288 357.387
322.1792 357.849
321.8954 358.191
321.5984 358.511
321.3459 358.484
321.2057 358.471
320.9276 358.364
320.6351 357.942
320.4835 357.339
320.1747 356.604
319.8393 355.661
319.459 354.428
319.1162 353.101
318.7048 351.669
318.2767 350.09
317.9401 348.471
317.4299 346.788
316.9301 344.999
316.4341 343.199
315.9743 341.404
315.5735 339.724
315.2302 338.075
314.8905 336.448
314.5503 334.841
314.1953 333.406
313.8163 331.881
313.495 330.62
313.1393 329.486
312.8535 328.531
312.5964 327.811
312.4871 327.344
312.516 327.157
312.6612 327.302
312.914 327.622
313.2491 328.057
313.708 328.894
314.1769 329.822
314.7371 330.933
315.3505 332.13
315.9879 333.549
316.6784 335.137
317.3867 336.786
318.0961 338.615
318.8713 340.509
319.5873 342.444
320.3385 344.559
321.1338 346.602
321.8008 348.688
322.4689 350.815
323.1616 352.961
323.8504 355.049
324.6276 357.318
325.3333 359.33
326.1861 361.513
326.9072 363.592
327.6642 365.486
328.401 367.136
328.9677 368.526
329.6294 369.745
330.2195 370.932
330.621 371.838
331.0026 372.561
331.3203 372.974
331.6065 373.268
331.842 373.343
332.1096 373.385
332.2013 373.057
332.2567 372.447
332.2675 371.747
332.2016 370.775
332.101 369.729
332.0089 368.492
331.8061 367.126
331.5409 365.669
331.3585 364.351
331.1726 363.201
331.0214 362.066
330.8801 360.989
330.7736 360.025
330.6974 359.156
330.7126 358.347
330.7776 357.742
330.7836 357.126
330.7973 356.601
330.8256 356.235
330.8689 355.945
330.8933 355.821
330.9268 355.83
330.9987 355.891
330.9689 355.859
331.0174 356.116
331.0068 356.345
330.9255 356.311
330.7274 356.442
330.5634 356.553
330.3257 356.483
329.9316 356.324
329.6409 356.031
329.5559 355.818
329.3764 355.393
329.288 354.918
329.2683 354.376
329.2908 353.76
329.5117 353.07
329.6704 352.373
329.8134 351.521
330.0598 350.568
330.3791 349.505
330.7789 348.384
331.386 347.313
331.7967 345.99
332.2528 344.837
332.7358 343.615
333.151 342.268
333.464 340.747
333.7398 339.26
333.834 337.594
333.9213 336.055
333.8581 334.418
333.7811 332.995
333.5671 331.411
333.2873 329.836
332.8896 328.256
332.5025 326.754
332.0402 325.256
331.6128 323.969
331.1545 322.569
330.7598 321.346
330.4589 320.358
330.2145 319.474
329.9576 318.589
329.8541 317.978
329.846 317.546
329.9258 317.285
330.1121 317.299
330.3583 317.478
330.6596 317.935
331.0054 318.492
331.4165 319.365
331.8676 320.325
332.4 321.47
332.955 322.734
333.6008 324.088
334.2812 325.536
335.1018 327.2
335.8578 328.639
336.6111 330.167
337.4829 331.893
338.278 333.41
339.0469 334.852
339.8499 336.315
340.7087 337.69
341.6022 339.048
342.3679 340.263
343.2757 341.645
344.0302 342.579
344.8637 343.506
345.7461 344.409
346.6213 345.159
347.5393 345.997
348.3679 346.493
349.3011 347.034
350.105 347.435
350.846 347.576
351.563 347.76
352.284 348.018
352.906 347.933
353.516 348.002
353.926 347.608
354.433 347.44
354.858 347.11
355.175 346.557
355.479 345.986
355.641 345.245
355.725 344.469
355.744 343.606
355.724 342.678
355.636 341.694
355.441 340.505
355.223 339.293
355.012 338.149
354.788 336.899
354.538 335.715
354.329 334.589
354.032 333.303
353.751 332.064
353.371 330.729
353.081 329.563
352.769 328.361
352.475 327.187
352.176 326.074
351.925 325.018
351.702 324
351.553 323.082
351.485 322.302
351.418 321.445
351.29 320.533
351.243 319.806
351.27 319.263
351.223 318.583
351.261 318.097
351.298 317.648
351.298 317.116
351.451 316.906
351.592 316.739
351.806 316.692
352.03 316.733
352.28 316.793
352.583 317.083
352.865 317.323
353.168 317.667
353.521 318.105
353.873 318.617
354.257 319.192
354.684 319.975
355.034 320.619
355.445 321.446
355.729 322.073
356.074 322.915
356.402 323.813
356.702 324.633
357.321 326.332
357.883 327.884
358.345 329.162
358.775 330.342
359.172 331.417
359.588 332.515
359.952 333.497
360.213 334.243
360.575 335.2
360.892 336.013
361.282 336.991
361.689 337.892
362.022 338.677
362.414 339.562
362.833 340.498
363.202 341.263
363.584 342.041
363.966 342.762
364.356 343.488
364.751 344.151
365.012 344.735
365.205 345.207
365.365 345.632
365.407 345.894
365.392 346.2
365.272 346.249
365.077 346.214
364.893 346.201
364.702 346.122
364.439 345.751
364.272 345.462
364.002 344.791
363.865 344.172
363.826 343.658
363.767 342.864
363.91 342.246
364.106 341.617
364.237 340.707
364.513 339.903
364.988 339.301
365.541 338.714
366.119 338.081
366.859 337.634
367.669 337.283
368.476 336.941
369.375 336.831
370.183 336.535
371.123 336.561
371.966 336.458
372.896 336.613
373.783 336.765
374.673 337.031
375.58 337.353
376.376 337.596
377.173 337.956
377.992 338.498
378.545 338.816
379.197 339.583
379.59 340.171
379.896 341.018
380.119 342.01
380.053 342.925
379.82 343.879
379.576 345.157
379.06 346.235
378.396 347.301
377.674 348.424
376.716 349.348
375.874 350.603
374.788 351.557
373.743 352.625
372.663 353.576
371.503 354.313
370.47 355.199
369.399 355.932
368.345 356.517
367.31 356.984
366.217 357.123
365.16 357.129
364.106 357.046
363.139 357.062
362.149 356.634
361.206 356.209
360.261 355.53
359.514 354.912
358.673 354.082
357.997 353.187
357.247 352.149
356.684 351.178
356.075 350.068
355.548 348.781
355.12 347.564
354.697 346.241
354.492 345.105
354.204 343.702
353.976 342.137
353.906 340.903
353.851 339.545
353.815 338.193
353.825 336.873
353.831 335.492
353.827 334.024
353.947 332.742
354.1 331.446
354.407 330.27
354.72 329.04
355.07 327.869
355.534 326.819
355.975 325.615
356.526 324.644
357.075 323.618
357.686 322.656
358.279 321.689
358.817 320.644
359.317 319.582
359.938 318.836
360.522 318.13
361.022 317.376
361.488 316.662
361.952 316.092
362.449 315.781
362.888 315.476
363.327 315.286
363.79 315.222
364.286 315.331
365.347 316.173
366.146 316.795
367.01 317.799
367.732 318.676
368.581 319.96
369.314 321.135
370.045 322.445
370.847 323.96
371.553 325.364
372.323 326.985
372.999 328.441
373.73 330.072
374.319 331.521
375.012 333.223
375.59 334.74
376.156 336.197
376.695 337.615
377.283 339.045
377.846 340.455
378.3 341.59
378.779 342.825
379.228 343.943
379.59 344.853
379.896 345.581
380.238 346.396
380.416 346.755
380.673 347.227
380.841 347.472
381.133 347.877
381.24 347.857
381.429 347.985
381.481 347.763
381.634 347.693
381.688 347.322
381.699 346.825
381.632 346.128
381.485 345.251
381.22 344.132
381.006 343.066
380.686 341.73
380.349 340.31
380.063 338.968
379.648 337.301
379.243 335.631
378.839 333.9
378.31 331.936
377.799 330.051
377.228 328.071
376.712 326.189
376.117 324.171
375.528 322.088
375 320.097
374.628 318.302
374.277 316.568
374.035 314.963
373.782 313.321
373.686 311.993
373.643 310.785
373.534 309.463
373.57 308.441
373.725 307.714
373.908 307.073
374.088 306.517
374.438 306.384
374.841 306.384
375.451 306.922
375.951 307.343
376.587 308.246
377.307 309.349
377.998 310.586
378.731 311.96
379.46 313.417
380.215 315.056
380.974 316.784
381.802 318.658
382.581 320.449
383.327 322.188
384.092 323.99
384.889 325.786
385.687 327.533
386.394 329.089
387.172 330.625
387.829 331.919
388.438 333.008
389.28 334.423
389.931 335.383
390.623 336.316
391.307 337.094
391.884 337.608
392.499 338.113
393.084 338.458
393.67 338.602
394.25 338.694
394.75 338.471
395.269 338.193
395.688 337.594
396.066 336.799
396.424 336.013
396.573 334.783
396.747 333.565
396.749 332.1
396.729 330.609
396.805 329.266
396.677 327.594
396.441 325.67
396.222 323.93
395.991 322.069
395.806 320.41
395.549 318.656
395.269 316.896
395.038 315.417
394.725 313.755
394.434 312.233
394.066 310.634
393.829 309.37
393.64 308.156
393.635 307.368
393.609 306.635
393.663 306.015
393.917 305.824
394.064 305.567
394.449 305.735
394.649 305.746
395.167 306.306
395.788 307.089
396.941 308.747
397.976 310.36
398.982 312.069
399.87 313.616
400.785 315.329
401.718 317.149
402.672 319.091
403.723 321.238
404.579 323.158
405.549 325.185
406.377 327.111
407.304 329.196
408.13 331.127
409.013 333.091
410.003 335.26
410.846 337.108
411.738 339.029
412.696 340.972
413.522 342.66
414.467 344.451
415.298 346.041
416.209 347.708
417.076 349.338
417.794 350.687
418.55 352.084
419.304 353.507
420.028 354.84
420.626 355.962
421.245 357.116
421.615 357.878
422.122 358.818
422.589 359.691
422.693 359.982
422.93 360.51
422.813 360.504
422.726 360.525
422.549 360.377
422.311 360.166
421.888 359.632
421.436 358.998
420.836 358.003
420.35 357.128
419.672 355.864
418.95 354.365
418.364 352.945
417.621 351.111
416.976 349.304
416.279 347.332
415.454 345.091
414.829 343.102
414.052 340.802
413.329 338.516
412.558 336.183
411.739 333.691
410.878 331.083
410.009 328.428
409.317 325.982
408.578 323.365
407.971 320.912
407.569 318.684
407.001 316.289
406.536 313.97
406.098 311.641
405.818 309.558
405.713 307.719
405.681 306.088
405.804 304.631
405.931 303.189
406.261 302.05
406.724 301.011
407.322 300.284
407.797 299.409
408.579 298.916
409.382 298.455
410.307 298.231
411.225 297.997
412.266 297.992
413.393 298.21
414.585 298.552
415.87 299.232
417.039 299.86
418.22 300.591
419.481 301.598
420.37 302.131
421.337 303.012
422.153 303.994
423.057 305.173
423.774 306.293
424.516 307.638
424.945 308.664
425.554 310.089
425.999 311.534
426.282 312.847
426.336 314.079
426.254 315.37
426.378 317.058
426.026 318.335
425.503 319.595
424.927 321.016
424.338 322.613
423.706 324.341
422.677 325.704
421.627 327.19
420.443 328.61
419.12 329.927
417.623 331.048
416.093 332.248
414.555 333.421
412.903 334.461
411.281 335.489
409.526 336.278
407.853 337.014
406.378 337.994
404.714 338.492
403.449 339.48
402.029 339.952
400.738 340.434
399.546 340.784
398.494 341.107
397.527 341.241
396.807 341.49
396.164 341.57
395.614 341.459
395.258 341.397
395 341.152
395.141 340.55
395.321 339.791
395.67 339.034
396.267 338.481
396.903 337.703
397.632 336.884
398.377 335.857
399.304 335.016
400.322 334.162
401.447 333.379
402.692 332.711
404.107 332.188
405.496 331.42
407.042 330.796
408.636 330.129
410.219 329.482
411.942 328.828
413.516 327.972
415.295 327.364
417.006 326.601
418.93 326.175
420.701 325.698
422.613 325.295
424.518 324.97
426.38 324.675
427.992 324.224
429.78 324.087
431.259 323.796
432.443 323.301
433.704 323.125
434.706 322.959
435.595 322.872
436.389 322.901
436.937 322.921
437.17 322.778
437.439 322.88
437.541 322.948
437.424 323.088
437.087 323.167
436.552 323.245
435.938 323.491
435.254 323.759
434.65 324.253
433.892 324.719
432.778 324.782
431.95 325.262
431.012 325.663
430.087 326.18
429.185 326.698
428.437 327.406
427.53 327.918
426.707 328.609
425.891 329.352
424.836 329.797
423.84 330.313
422.767 330.694
421.594 330.914
420.486 331.199
419.515 331.667
418.369 331.805
417.381 332.205
416.179 332.181
415.029 332.189
413.819 332.054
412.689 331.96
411.442 331.685
410.249 331.405
409.177 331.252
407.959 330.778
406.877 330.388
405.936 330.117
404.793 329.472
403.963 329.148
403.12 328.712
402.328 328.301
401.39 327.575
400.637 327.065
399.838 326.403
399.121 325.786
398.463 325.216
397.864 324.729
397.175 323.987
396.666 323.497
395.979 322.745
395.506 322.234
395.002 321.622
394.447 320.949
394.06 320.476
393.621 319.862
393.153 319.197
392.777 318.631
392.385 318.05
391.942 317.352
391.448 316.642
391.015 316.018
390.525 315.324
390.083 314.754
389.535 314.033
389.091 313.456
388.619 312.883
388.151 312.313
387.667 311.721
387.088 311.014
386.594 310.455
386.09 309.901
385.592 309.352
384.992 308.679
384.369 307.983
383.676 307.202
383.169 306.748
382.566 306.054