235.7479 427.837
237.006 427.201
238.1909 426.915
239.3592 426.844
240.39424 426.719
241.32395 426.616
242.25596 426.664
243.11646 426.586
244.00654 426.265
244.77696 426.391
245.48754 425.854
246.14596 425.431
246.8105 425.166
247.33021 425.008
247.77005 424.617
248.09008 424.196
248.13865 423.854
248.00268 423.441
247.62142 422.946
247.05379 422.345
246.37978 421.833
245.67017 421.091
245.03962 420.399
244.39818 419.629
243.73741 418.769
243.10851 418.016
242.448 417.456
241.76769 416.869
241.14465 416.214
240.41156 415.713
239.7806 415.242
239.1109 414.775
238.4759 414.479
237.8561 414.279
237.4547 413.768
237.026 413.418
236.5501 413.192
236.1265 413.12
235.5708 413.157
235.1333 413.148
234.7148 413.078
234.2711 413.082
233.9887 412.901
233.5339 412.889
233.0922 413.053
232.6506 413.042
232.2924 412.837
232.0281 412.587
231.6287 412.449
231.2881 412.382
230.9292 412.416
230.6852 412.337
230.4071 412.324
230.1 412.473
229.9214 412.533
229.7595 412.591
229.6266 412.723
229.5 412.871
229.4943 413.211
229.4685 413.623
229.5697 413.988
229.6469 414.353
229.8357 414.921
229.9601 415.477
230.0883 416.014
230.2869 416.476
230.4656 417.228
230.6699 417.831
230.8458 418.691
231.0893 419.261
231.2367 420.092
231.4006 420.672
231.556 421.574
231.7048 422.289
231.844 422.846
231.9678 423.508
232.0127 424.031
231.9997 424.834
232.0512 425.31
232.0584 425.879
232.0584 426.765
232.0253 427.761
231.993 428.493
231.906 429.38
231.7483 430.286
231.5491 431.271
230.8659 432.947
230.1199 434.357
229.4227 435.358
228.6267 436.528
227.8183 437.033
226.8805 437.871
225.842 438.658
224.7013 439.389
223.4789 439.751
222.0354 440.297
220.5154 440.49
218.8001 440.759
216.8468 440.986
214.7468 440.969
212.5635 440.705
210.4066 440.132
208.0823 439.713
205.8513 438.897
203.5573 438.164
201.3194 437.399
199.2136 436.082
197.236 434.452
195.0975 432.841
193.0487 431.296
190.9804 429.56
189.1216 427.721
187.3316 425.806
185.6518 424.145
183.9876 422.368
182.687 419.966
181.0356 418.124
179.6611 416.117
178.3414 413.78
177.084 411.176
175.9296 408.598
174.8556 406.235
173.8713 403.849
173.273 401.258
172.7583 398.707
172.2932 396.591
171.9879 394.443
171.869 392.237
171.6668 390.191
171.547 388.207
171.3813 386.309
171.463 384.213
171.3368 382.174
171.4595 380.119
171.375 378.141
171.5485 375.814
171.776 373.478
171.7218 371.103
171.7609 368.644
171.6742 366.247
171.5221 363.795
171.6107 361.255
171.2323 358.811
171.0672 356.455
170.8751 354.075
170.7637 351.828
170.3598 349.492
169.8879 347.222
169.3017 344.997
168.7957 342.783
167.9091 340.849
166.9232 339.091
165.9243 337.617
164.7774 336.233
163.5496 334.929
162.2527 333.803
160.9049 332.853
159.5541 332.059
158.2637 331.412
156.957 331.011
155.7584 330.799
154.7511 330.819
153.531 331.067
152.2646 331.695
151.0992 332.499
149.978 333.478
148.642 334.885
147.469 336.282
146.459 337.848
145.485 339.703
144.728 341.569
144.117 343.531
143.665 345.512
143.336 347.562
143.004 349.818
142.778 351.826
142.621 353.941
142.614 356.093
142.672 358.192
142.712 360.474
142.618 362.665
142.821 364.788
142.972 366.639
143.186 368.573
143.348 370.505
143.749 372.043
144.296 373.592
144.959 374.941
145.391 376.63
146.181 378.037
146.835 379.383
148.016 380.438
149.326 381.192
150.8714 381.823
152.2477 382.383
153.9445 382.893
155.7124 383.082
157.2466 383.414
159.1287 383.576
161.0464 383.636
163.0642 383.804
165.1157 383.799
167.2423 383.901
169.4106 383.823
171.7571 383.682
174.1485 383.47
176.4461 383.418
178.7336 383.247
181.0205 383.12
183.4322 382.74
185.8392 382.445
190.2828 381.601
193.9266 380.999
197.1142 380.347
199.9506 379.732
202.5391 379.028
205.0052 378.32
207.3252 377.619
209.806 376.696
211.9681 375.776
214.0397 375.226
216.1044 374.653
218.0574 374.304
219.9686 374.065
222.0916 373.594
224.023 373.364
225.5343 373.427
227.1617 373.297
228.634 373.417
230.1731 373.261
231.4597 373.479
232.7107 373.657
233.7948 374.062
234.8196 374.422
235.706 374.797
236.5003 375.062
237.288 375.648
238.11 376.035
239.2636 376.31
239.9747 376.964
241.05594 377.545
241.78971 378.257
242.81353 378.663
243.51394 379.483
244.56205 379.801
245.56622 380.398
246.24198 381.115
247.19638 381.449
248.02554 382.282
248.9077 382.979
249.778278 383.648
250.610827 384.312
251.34589 384.951
251.98643 385.511
252.64127 385.989
252.89897 386.427
253.00717 387.071
252.91356 387.654
252.63651 388.252
252.1237 388.766
251.477 389.142
250.448609 389.69
249.194381 389.997
247.75706 390.174
246.16457 390.451
244.61211 390.272
242.95424 389.913
241.11194 389.69
239.3956 389.1
237.7896 388.272
236.0262 387.654
234.3385 386.713
232.9542 385.73
231.8622 384.313
230.3725 383.215
229.043 382.198
228.0963 380.728
227.2495 379.3
226.4414 377.942
225.7524 376.393
225.144 374.938
224.8979 373.329
224.7305 371.603
224.1847 370.141
223.808 368.69
223.6699 367.037
223.7052 365.532
223.9011 364.023
224.2425 362.549
224.7537 361.033
225.3977 359.822
226.1753 358.587
227.1287 357.487
228.2208 356.59
229.423 355.766
230.7758 355.217
232.2432 354.859
233.8259 354.829
235.4896 354.769
237.2417 354.988
238.9683 355.431
240.67987 356.224
242.35384 357.063
243.99937 358.085
245.6035 359.33
247.14259 360.712
248.58959 362.266
249.888521 363.861
251.05796 365.532
252.04598 367.382
252.885 369.179
253.68743 370.678
254.00589 372.463
254.19361 374.04
254.33179 375.505
254.42416 376.856
254.43052 378.074
254.37261 379.05
254.2541 380.011
254.11294 380.781
253.91686 381.157
253.9289 381.067
253.41599 381.133
252.85809 380.991
252.22183 380.43
251.52524 379.643
250.859076 378.354
250.0951516 376.98
249.297064 375.31
248.49445 373.443
247.74516 371.26
247.04487 369.084
246.42533 366.888
245.92983 364.569
245.55824 362.266
245.33783 360
245.71383 356.575
246.16924 354.284
246.74457 352.811
247.37957 351.785
248.24351 351.375
249.217482 351.23
250.179475 351.6
251.29063 352.186
252.48062 353.003
253.77213 354.273
255.09776 355.57
256.49393 357.285
257.92219 358.992
259.38294 360.752
261.0523 362.613
262.5237 364.811
264.0185 367.03
265.3921 369.46
266.8609 371.985
268.3289 374.278
269.7208 376.887
271.097 379.38
272.4109 381.775
273.6895 384.195
274.8614 386.284
275.8718 388.216
276.8439 390.14
277.7418 391.684
278.5751 393.09
279.2842 394.686
279.9588 395.744
280.6285 396.427
281.2212 396.977
281.7648 397.327
282.1668 397.339
282.4427 397.305
282.6507 396.926
282.699 396.333
282.6502 395.579
282.4195 394.432
282.1322 393.073
281.6982 391.746
281.2378 390.025
280.677 388.083
280.1036 385.957
279.4747 383.383
278.8161 380.887
278.1741 378.062
277.4907 375.207
276.8922 372.338
276.3425 369.289
275.7436 366.168
275.2304 363.382
274.8067 360.36
274.5643 357.652
274.3071 355.092
274.205 352.7
274.2859 350.754
274.6361 349.183
274.9556 348.118
275.3596 347.307
275.9003 347.092
276.5162 346.945
277.2103 347.165
277.8899 347.932
278.5225 349.028
279.1237 350.422
279.531 352.021
279.8068 353.884
279.9276 356.035
279.904 358.265
279.6541 360.72
279.2947 363.161
278.6945 365.55
277.9856 368.033
277.208 370.337
276.2657 372.581
275.3001 374.281
274.1838 376.288
272.9858 377.703
271.8526 378.956
270.6167 379.946
269.7356 380.619
268.6399 381.236
267.6929 381.647
266.759 381.913
266.064 381.978
265.5348 381.728
265.2357 381.365
265.1685 380.741
265.4158 380.092
265.8227 379.43
266.4524 378.702
267.3213 378.145
268.444 377.11
269.738 376.134
271.1962 375.398
272.822 374.662
274.7185 373.653
276.7043 372.871
278.9097 371.92
281.3033 370.961
283.7196 370.135
286.2425 369.407
288.7725 368.681
291.3688 367.877
293.8209 367.259
296.2722 366.655
298.5654 366.243
300.6861 365.866
302.703 365.94
304.4981 366.164
306.1164 366.564
307.5628 367.249
308.8198 368.198
309.8902 369.083
310.7077 370.173
311.3142 371.711
311.6878 373.379
311.8658 375.042
311.9162 376.981
311.7858 378.83
311.5684 380.951
311.2479 383.108
310.8387 385.237
309.8548 388.931
309.1337 392.5
308.4822 395.651
307.9982 398.583
307.6026 401.241
307.232 403.825
306.8624 406.115
306.6066 408.442
306.2999 410.259
306.1419 411.774
305.906 413.589
305.6403 415.146
305.4527 416.651
305.1915 417.888
304.9553 419.003
304.777 419.634
304.6823 419.694
304.5654 419.278
304.4453 418.904
304.2713 418.36
304.0652 417.212
303.8406 415.688
303.4682 413.802
303.0675 411.514
302.6386 409.06
302.238 406.078
301.7225 402.741
301.2483 399.08
300.7182 395.321
300.136 391.495
299.5307 387.51
298.8966 383.419
298.2322 379.47
297.5641 375.734
296.8786 372.374
296.1764 369.018
295.5203 365.914
294.7878 362.799
294.0781 359.879
293.3546 357.053
292.6817 354.373
292.0494 351.906
291.5278 349.679
291.1343 347.761
290.7728 346.222
290.4725 344.814
290.2732 343.966
290.1815 343.431
290.2064 343.259
290.3174 343.277
290.5601 343.669
290.933 344.546
291.358 345.499
292.0501 346.825
292.7828 348.389
293.4997 350.281
294.3419 352.42
295.2529 354.595
296.2959 357.026
297.4601 359.35
298.6164 361.861
299.773 364.23
300.8991 366.536
302.054 368.789
303.2733 371.159
304.4367 372.996
305.6758 375.058
306.8743 377.011
308.2009 378.68
309.3728 380.487
310.5773 382.273
311.6952 383.471
312.8353 384.652
313.9864 385.886
315.1362 386.916
316.3074 387.508
317.3747 387.888
318.5663 388.44
319.7137 388.629
320.8578 388.669
321.9439 388.575
323.0238 388.415
323.9339 387.937
324.7657 387.231
325.4529 386.371
326.0166 385.22
326.4724 384.029
326.8175 382.553
327.1068 381.153
327.2549 379.276
327.4288 377.518
327.5026 375.46
327.5507 373.43
327.5881 371.473
327.686 369.331
327.6816 367.245
327.6626 365.15
327.708 363.095
327.7472 361.159
327.8038 359.102
327.9396 357.168
328.1168 355.263
328.3157 353.335
328.5595 351.535
328.9161 349.982
329.2289 348.279
329.527 346.59
329.867 345.022
330.1082 343.352
330.4246 341.902
330.6608 340.347
331.0308 339.148
331.4171 337.946
331.8375 336.793
332.3275 335.666
332.8745 334.681
333.4991 333.744
334.1994 332.94
334.9315 332.153
335.7265 331.486
336.5801 330.931
337.4935 330.474
338.4531 330.017
339.4626 329.654
340.5025 329.313
342.6816 329.47
344.5386 329.746
346.1479 329.95
347.7327 330.475
349.2069 331.039
350.552 331.47
351.955 332.252
353.286 332.949
354.591 333.828
355.838 334.685
357.048 335.617
358.295 336.828
359.435 337.887
360.52 338.919
361.486 339.747
362.601 340.893
363.52 341.618
364.515 342.556
365.491 343.427
366.433 344.167
367.468 345.079
368.478 345.901
369.51 346.728
370.507 347.491
371.452 348.22
372.46 349.201
373.354 350.157
374.213 351.245
374.938 352.267
375.506 353.315
375.951 354.489
376.225 355.743
376.35 357.173
376.213 358.393
375.946 359.799
375.429 361.098
374.777 362.535
374.014 364.019
372.956 365.308
371.76 366.508
370.373 367.685
368.839 368.731
367.156 369.568
365.387 370.385
363.603 371.094
361.753 371.474
359.941 371.767
358.185 371.994
356.364 371.833
354.777 371.878
353.113 371.367
351.695 371.083
350.298 370.284
349.0685 369.491
347.8912 368.316
346.9609 367.116
346.1745 365.672
345.4932 363.929
344.9858 362.254
344.5396 360.285
344.2471 358.459
344.0447 356.513
343.9812 354.525
344.0412 352.481
344.2391 350.423
344.555 348.342
345.0334 346.211
345.6866 344.175
346.5249 342.306
347.4277 340.499
348.4166 338.872
349.5686 337.727
350.79 336.818
352.044 336.018
353.33 335.419
354.729 335.012
356.116 334.652
357.54 334.477
358.986 334.513
360.466 334.818
361.946 335.231
363.352 335.779
364.766 336.536
366.248 337.577
367.605 338.616
368.909 339.731
370.143 341.103
371.373 342.706
372.439 344.344
373.467 346.197
374.398 348.141
375.213 350.163
375.949 352.414
376.612 354.593
377.309 357.225
377.832 359.741
378.38 362.395
378.838 364.962
379.187 367.511
379.589 370.012
380.009 372.535
380.392 375.072
380.435 376.907
380.578 378.944
380.557 380.655
380.493 382.192
380.261 383.414
380.169 384.766
379.735 385.343
379.345 385.925
378.947 386.312
378.49 386.31
378.043 386.119
377.708 385.954
377.283 385.387
376.808 384.486
376.383 383.457
376.056 382.463
375.558 380.782
375.224 379.197
374.911 377.344
374.42 374.883
374.146 372.543
373.83 369.831
373.552 366.945
373.115 361.768
372.769 357.548
372.361 353.755
371.977 350.384
371.529 347.117
371.097 344.064
370.587 340.718
370.184 337.695
369.775 334.829
369.508 332.378
369.169 329.961
368.946 327.888
368.695 325.863
368.542 323.998
368.622 322.56
368.577 321.042
368.798 319.969
369.051 319.065
369.589 318.821
370.066 318.727
370.585 318.994
371.212 319.835
371.855 320.985
372.494 322.41
373.293 324.248
374.049 326.096
374.758 327.853
375.592 330.004
376.427 332.113
377.257 334.347
378.029 336.435
378.821 338.63
379.569 340.73
380.529 343.177
381.336 345.241
382.182 347.214
383.127 349.205
384.037 350.974
385.025 352.793
385.867 354.172
386.95 355.813
387.967 357.083
389.003 358.175
390.196 359.268
391.534 360.445
392.671 361.084
393.859 361.624
395.104 362.155
396.542 362.963
397.644 363.056
398.816 363.297
399.991 363.394
401.112 363.282
402.237 363.05
403.331 362.665
404.58 362.389
405.696 361.742
406.913 361.088
408.123 360.261
409.473 359.673
410.549 358.69
411.682 357.737
412.628 356.511
413.572 355.291
414.49 354.067
415.485 353.129
416.364 351.925
417.255 350.805
418.209 349.774
419.076 348.809
419.823 347.611
420.856 346.858
421.517 345.645
422.357 344.859
422.993 343.877
423.679 343.285
424.344 342.833
424.974 342.383
425.58 342.24
426.225 342.322
426.855 342.633
427.338 343.003
427.965 343.652
428.39 344.227
428.865 344.939
429.586 346.057
430.166 347.12
430.684 348.169
431.376 349.443
432.049 350.699
432.915 352.575
433.534 353.918
434.086 355.423
434.75 357.148
435.075 358.638
435.486 360.433
435.272 361.75
435.01 363.186
434.881 365.121
434.162 366.496
433.365 368.154
432.345 369.624
430.924 370.664
429.425 371.813
427.936 373.057
426.067 374.008
424.219 375.065
421.97 375.594
419.657 376.071
417.221 376.397
414.722 376.607
412.106 376.464
409.592 376.256
406.984 375.533
404.514 374.653
402.297 373.739
400.164 372.45
398.405 371.264
396.836 369.86
395.591 368.4
394.534 366.765
393.7 365.042
393.105 363.375
392.53 361.443
392.016 359.234
391.772 355.403
391.691 351.955
391.719 348.786
392.169 346.294
392.511 343.577
393.036 341.125
393.599 338.672
394.435 336.569
395.278 334.372
396.271 332.42
397.174 330.295
398.445 328.707
399.773 327.2
401.179 325.725
402.532 324.27
403.938 322.987
405.303 321.548
406.807 320.531
408.332 319.708
409.683 318.75
410.897 317.812
412.058 316.939
413.22 316.191
413.924 315.192
414.793 314.427
415.314 313.476
415.756 312.763
415.985 311.859
416.129 311.267
415.917 310.56
415.725 309.996
415.339 309.475
414.7 308.97
413.802 308.292
412.76 307.851
411.448 307.325
409.92 306.753
408.358 306.425
406.573 306.098
404.709 305.928
402.764 305.784
400.57 305.45
398.281 305.19
395.937 305.058
393.724 305.218
391.476 305.431
389.195 305.631
386.932 305.817
384.703 306.092
382.703 306.545
380.577 306.746
378.638 307.037
376.759 307.315
375.065 307.682
373.485 308.042
371.911 308.145
370.569 308.453
369.333 308.671
368.359 309.002
367.571 309.332
366.957 309.658
366.493 309.952
366.302 310.41
366.231 310.788
366.247 311.055
366.432 311.352
366.726 311.641
367.111 311.939
367.671 312.422
368.219 312.708
368.887 313.11
369.642 313.472
370.498 313.928
371.249 314.143
372.114 314.483
372.986 314.81
373.905 315.173
374.838 315.556
375.793 315.995
376.702 316.324
377.624 316.764
378.364 316.916
379.263 317.411
380.182 317.889
380.807 317.942
381.556 318.335
382.291 318.708
382.882 318.925
383.494 319.372
383.958 319.535
384.475 319.88
384.845 320
385.19 320.169
385.476 320.244
385.796 320.454
386.059 320.623
386.362 320.876
386.573 321.006
386.807 321.211
386.883 321.24
387.074 321.515
387.19 321.647
387.166 321.65
387.241 321.769
387.245 321.779
387.134 321.687
387.125 321.767
387.096 321.829
387.065 321.927
387.028 322.08
386.936 322.151
386.766 322.097
386.658 322.111
386.442 321.938
386.34 321.942
386.349 322.061
386.229 321.921
386.199 321.897
386.162 321.809
386.14 321.73
386.068 321.609
386.002 321.4
385.925 321.195
385.923 321.155
385.816 320.903
385.613 320.615
385.552 320.559
385.334 320.294
385.155 320.116
385.013 320.015
384.791 319.761
384.614 319.599
384.438 319.454
384.154 319.13
383.872 318.82
383.657 318.58
383.499 318.513
383.182 318.159