228.2316 394.306
228.2507 394.513
228.3108 394.568
228.3775 394.392
228.4405 394.484
228.527 394.546
228.5683 394.748
228.6429 394.819
228.7173 394.942
228.8133 395.114
228.9042 395.289
228.9659 395.377
228.9987 395.633
229.04 395.809
229.0709 395.859
229.0024 396.106
229.0531 396.221
229.0766 396.305
229.1286 396.425
229.1136 396.669
229.0377 396.782
229.0143 396.719
228.9561 396.837
228.8904 396.982
228.8267 396.932
228.6576 397.287
228.5368 397.401
228.4875 397.481
228.4082 397.6
228.3325 397.547
228.1723 397.627
228.1115 397.638
228.0389 397.706
227.9926 397.623
227.9132 397.779
227.8756 397.769
227.8192 397.908
227.7651 397.999
227.6571 398.072
227.5131 398.512
227.5262 398.658
227.4087 398.766
227.2959 399.007
227.2933 399.125
227.21 399.756
227.1181 400.066
226.8993 400.642
226.4967 401.506
226.1104 402.297
225.7365 403.051
225.3875 403.786
224.9056 404.499
224.3486 405.387
223.7616 406.24
223.0962 407.312
222.3385 408.435
221.4562 409.312
220.4466 410.478
219.3022 411.474
217.9733 412.514
216.5262 413.513
214.889 414.587
213.1925 415.173
211.2818 415.808
209.3175 416.097
207.1604 416.549
205.157 416.534
203.1455 416.415
200.9546 416.361
199.0378 415.848
197.1613 415.563
195.386 415.034
193.6417 414.632
192.0449 414.067
190.5516 413.401
189.194 412.581
188.1289 411.654
186.9772 410.663
186.1542 409.538
185.2907 408.347
184.6801 406.882
184.258 405.411
184.1334 403.731
183.9393 402.37
184.008 400.718
184.1858 398.76
184.3012 397.134
184.4161 395.394
184.5342 393.497
184.6047 391.695
184.6758 389.859
184.7466 387.809
184.8454 385.577
184.9051 383.423
184.9765 380.892
185.0478 378.428
185.0004 375.809
184.8639 372.84
184.574 369.783
184.0936 366.825
183.4762 363.87
182.9538 360.846
182.2572 357.959
181.425 355.093
180.5742 352.166
179.5764 349.497
178.5182 346.808
177.2827 344.279
175.9254 341.783
174.3718 339.371
172.8367 337.004
171.069 334.884
169.142 332.907
167.1427 331.058
165.1253 329.49
163.0809 328.11
161.0185 327.07
158.9489 326.33
156.9076 325.743
154.8318 325.399
152.8473 325.199
150.9304 325.118
149.003 325.379
147.223 325.735
145.561 326.424
144.029 327.192
142.614 328.183
141.293 329.399
139.924 330.84
138.76 332.494
137.722 334.253
136.872 336.188
136.057 338.362
135.349 340.696
134.575 343.077
134.543 345.333
134.044 347.654
134.089 349.695
133.782 352.024
133.895 354.206
134.145 356.116
134.14 358.037
134.235 359.998
134.757 361.504
135.031 363.137
135.209 364.492
135.613 365.796
135.931 366.854
136.422 367.825
136.826 368.946
137.667 369.535
138.578 370.037
139.471 370.451
140.168 370.925
141.025 371.351
142.054 371.668
143.109 372.056
144.353 372.27
145.634 372.552
147.218 372.63
148.702 372.83
150.016 373.035
151.461 373.145
153.0331 373.09
154.9086 372.843
156.6551 372.588
158.5189 372.54
160.4748 372.256
162.3929 372.026
164.2909 371.792
166.1971 371.569
168.157 371.141
171.5256 370.465
174.4436 369.947
177.0306 369.223
179.4319 368.736
181.7151 368.085
183.921 367.523
186.005 366.95
188.0865 366.378
190.1349 365.907
192.1518 365.399
194.1511 364.977
196.1381 364.664
198.1937 364.368
200.1862 364.305
202.2017 364.192
204.1422 364.095
206.0259 364.022
207.7885 364.077
209.4596 364.12
211.026 364.17
212.4748 364.407
213.833 364.493
215.0065 364.88
216.1395 365.065
217.1278 365.429
218.0381 365.725
218.8418 366.102
219.5377 366.499
220.1646 366.743
220.7074 366.873
221.1659 367.096
221.5654 367.195
221.9311 367.288
222.3186 367.242
222.7013 367.245
223.1674 367
223.6603 366.782
224.2248 366.479
224.8654 366.125
225.602 365.589
226.41 365.211
227.2754 364.732
228.1824 364.405
229.1243 363.965
230.0779 363.705
231.0348 363.322
231.9515 362.983
232.8413 362.53
233.6536 362.337
234.419 362.092
235.1398 361.892
235.784 361.707
236.4039 361.552
236.9441 361.478
237.4041 361.431
237.7891 361.439
238.1005 361.525
238.2996 361.77
238.3876 362.04
238.3686 362.226
238.2092 362.697
237.9448 363.265
237.5593 363.903
237.0393 364.365
236.3873 364.898
235.6224 365.366
234.7199 365.808
233.7459 366.273
232.677 366.535
231.5116 366.842
230.236 366.95
228.8135 366.866
227.2081 366.914
225.5085 366.309
223.7846 365.643
222.0715 364.841
220.4005 363.923
218.8221 362.904
217.3661 361.776
216.0267 360.61
214.8384 359.229
213.7416 357.847
212.9679 356.269
212.3009 354.695
211.7829 352.925
211.4275 351.209
211.2865 349.508
211.3687 347.891
211.6449 346.532
212.1101 345.201
212.7495 344.26
213.5738 343.468
214.5481 342.844
215.6674 342.386
216.9122 342.128
218.2958 342.023
219.8175 342.133
221.3777 342.494
223.0547 342.989
224.7563 343.68
226.4785 344.488
228.214 345.608
229.8974 346.748
231.5453 348
233.0328 349.485
234.474 350.934
235.8783 352.468
237.1783 354.093
238.3963 355.645
239.5354 357.345
240.55003 358.973
241.45032 360.772
242.25794 362.357
242.94909 363.8
243.51259 365.14
243.93157 366.153
244.13673 367.112
244.29702 367.621
244.29416 368.037
244.17334 368.209
243.92357 367.862
243.57608 367.419
243.09957 366.746
242.51514 365.821
241.84544 364.726
240.45934 361.979
239.2359 359.564
238.1771 357.303
237.2339 355.148
236.3679 352.885
235.6923 350.887
235.0726 349.025
234.5582 347.304
234.1874 345.824
233.9383 344.555
233.8519 343.191
233.9251 342.099
234.1307 341.296
234.4925 340.519
234.9521 340.087
235.5188 339.785
236.2013 339.751
236.9586 339.91
237.8011 340.256
238.6824 340.81
239.6378 341.469
240.59512 342.355
241.61992 343.493
242.69981 344.675
243.79684 346.008
244.90072 347.406
246.06799 348.977
247.28962 350.478
248.49929 352.198
249.794058 353.98
251.08559 355.822
252.33586 357.704
253.61635 359.477
254.8584 361.408
256.09721 363.22
257.30487 364.868
258.47551 366.461
259.57387 367.965
260.6828 369.428
261.765 370.79
262.8093 372.004
263.7554 372.916
264.6482 373.666
265.4481 374.39
266.1566 374.825
266.7075 375.086
267.1751 375.081
267.5294 374.921
267.7982 374.547
267.9953 374.053
268.089 373.405
268.0872 372.496
267.953 371.556
267.7433 370.444
267.3939 369.16
266.9396 367.831
266.3775 366.16
265.7799 364.39
265.1646 362.583
264.5642 360.609
263.9515 358.671
263.3219 356.585
262.686 354.397
262.028 352.354
261.333 350.29
260.6039 348.138
259.90065 345.993
259.18093 343.795
258.52565 341.541
257.94857 339.302
257.47639 337.071
257.09739 335.053
256.84602 333.137
256.71142 331.437
256.72784 329.908
256.87764 328.723
257.14368 327.681
257.55226 326.913
258.14396 326.248
258.90885 325.856
259.81548 325.737
260.8659 325.864
261.9853 326.228
263.1989 326.863
264.4174 327.67
265.623 328.57
266.7918 329.854
267.8846 331.264
268.845 332.901
269.6473 334.644
270.2714 336.603
270.6835 338.483
270.8478 340.383
270.7946 342.193
270.5562 343.951
270.0794 345.564
269.4156 347.076
268.5519 348.605
267.5275 350.056
266.3663 351.284
265.0098 352.398
263.5609 353.279
262.051 354.07
260.5208 354.696
258.9963 355.161
257.49626 355.439
256.045 355.574
254.64982 355.577
253.31403 355.528
252.08683 355.458
250.964429 355.285
249.9818831 355.13
249.13506 354.889
248.48797 354.442
248.03766 354.112
247.80499 353.627
247.77284 353.12
247.94052 352.559
248.28351 351.862
248.83149 351.202
249.560889 350.62
250.523655 350.026
251.64818 349.41
252.93073 348.798
254.41963 348.11
257.61402 346.682
260.441 345.475
262.9583 344.462
265.3282 343.705
267.5402 343.016
269.7226 342.568
271.8606 342.335
273.9488 342.239
276.0024 342.34
277.855 342.406
279.5869 342.597
281.1514 342.826
282.5553 343.272
283.7719 343.763
284.7977 344.462
285.6521 345.444
286.3194 346.476
286.7866 347.625
287.1275 348.941
287.362 350.452
287.4463 351.893
287.4889 353.525
287.451 355.228
287.3706 357.146
287.2484 359.027
287.0707 360.927
286.8632 362.898
286.549 364.894
286.2436 366.936
285.8952 368.793
285.548 370.894
285.1624 372.834
284.7726 374.776
284.3902 376.646
284.0576 378.624
283.7059 380.439
283.3655 382.271
283.105 384.06
282.7845 385.782
282.473 387.461
282.1161 389.098
281.8119 390.372
281.4426 391.704
281.148 392.706
280.8179 393.612
280.5882 394.188
280.2754 394.483
280.0761 394.766
279.8625 394.858
279.6514 394.628
279.3658 394.207
279.1419 393.306
278.9247 392.054
278.6615 390.788
278.3162 389.281
277.9349 387.339
277.5831 385.332
277.1339 382.919
276.5897 380.168
276.0521 377.454
275.5644 374.579
275.0755 371.433
274.6073 368.006
274.0745 364.765
273.5104 361.247
272.9236 357.879
272.2609 354.663
271.5051 351.361
270.6983 348.108
269.9333 345.079
269.226 342.093
268.5082 339.106
267.9128 336.536
267.4009 333.956
266.9889 331.681
266.6068 329.595
266.2571 327.786
265.9269 326.267
265.6266 324.932
265.3715 323.833
265.1838 323.03
265.0988 322.478
265.143 322.206
265.2794 322.35
265.46 322.658
265.7458 323.404
266.1157 324.211
266.599 325.386
267.216 326.87
267.9198 328.424
268.7076 330.149
269.5542 332.012
270.4371 333.972
271.3403 335.879
272.2702 337.906
273.2173 339.999
274.1212 341.945
275.0772 343.981
276.0995 346.003
277.1621 347.937
278.2686 349.735
279.4215 351.549
280.5888 353.095
281.8109 354.57
283.0589 355.975
284.2982 357.017
285.5675 358.087
286.8269 359.025
288.1071 359.957
289.3696 360.669
290.6433 361.461
291.9225 362.139
293.1326 362.647
294.3122 362.88
295.4053 362.995
296.513 363.072
297.5198 362.846
298.4733 362.581
299.2802 362.061
300.0107 361.489
300.6392 360.626
301.2014 359.691
301.7231 358.62
302.13 357.406
302.4757 356.049
302.7295 353.59
302.7556 351.159
302.7302 349.193
302.6307 347.349
302.4653 345.49
302.2822 343.742
302.1018 342.017
301.9277 340.259
301.7402 338.583
301.5091 336.774
301.26 334.908
301.0082 332.994
300.785 331.184
300.5619 329.237
300.3818 327.335
300.2616 325.451
300.2627 323.671
300.3386 321.867
300.5526 320.145
300.9463 318.635
301.4415 317.148
302.049 315.778
302.7973 314.618
303.6787 313.536
304.7099 312.796
305.8429 312.174
307.0947 311.778
308.4419 311.631
309.885 311.701
311.4011 311.97
312.9875 312.463
314.5753 313.074
316.145 313.854
317.727 314.909
319.1795 315.931
320.5924 317.303
321.8476 318.66
323.0474 320.224
324.1341 321.845
325.1917 323.605
326.1138 325.325
326.9919 327.16
327.7206 328.892
328.383 330.637
328.8909 332.099
329.3614 333.599
329.6956 334.874
329.9771 336.147
330.1331 337.093
330.185 337.839
330.2652 338.624
330.308 339.151
330.3236 339.489
330.3291 339.57
330.3946 339.571
330.4562 339.247
330.631 338.888
330.9269 338.378
331.3714 337.826
331.8832 337.018
332.5858 336.172
333.3752 335.131
334.2941 334.001
335.3532 332.957
336.4895 331.834
337.7547 330.977
339.0072 330.001
340.327 329.09
341.7281 328.307
343.1664 327.629
344.7033 327.187
346.1931 326.761
347.703 326.477
349.2717 326.484
350.751 326.566
352.12 326.674
353.459 327.09
354.676 327.617
355.746 328.259
356.703 329.099
357.547 330.122
358.163 331.188
358.659 332.553
358.923 333.931
358.992 335.389
358.883 336.949
358.66 338.727
358.183 340.356
357.572 342.043
356.904 343.986
356.048 345.797
355.011 347.502
353.973 349.518
352.635 350.99
351.29 352.616
349.8846 354.18
348.4367 355.591
347.025 356.996
345.6499 358.312
344.2604 359.486
342.8489 360.528
341.4202 361.235
340.0524 362.006
338.6476 362.511
337.3622 363.078
336.0453 363.197
334.7957 363.418
333.572 363.405
332.3749 363.052
331.2602 362.76
330.1637 362.052
329.0886 361.403
328.0297 360.267
327.0285 359.265
326.1345 358.256
325.1604 356.956
324.2679 355.611
323.3806 354.15
322.5589 352.646
321.7032 351.016
320.8574 349.176
320.069 347.276
319.3823 345.397
318.6751 343.363
318.0113 341.336
317.3038 337.687
316.8744 334.737
316.6802 332.252
316.6634 330.012
316.7579 327.975
316.9909 326.108
317.2703 324.273
317.6883 322.63
318.2041 321.023
318.7851 319.364
319.4171 317.671
320.1406 316.022
320.9366 314.369
321.8127 312.786
322.6883 310.983
323.6482 309.332
324.6698 307.839
325.631 306.306
326.6288 304.84
327.6716 303.42
328.7812 302.217
329.9556 301.187
331.1509 300.239
332.3795 299.427
333.5934 298.643
334.8639 298.103
336.0861 297.548
337.3832 297.308
338.66 297.19
339.9507 297.261
341.2679 297.542
342.6577 298.146
344.0089 298.784
345.3961 299.631
346.8327 300.785
348.2484 302.09
349.5971 303.5
350.897 305
352.07 306.485
353.187 308.006
354.241 309.651
355.287 311.376
356.234 313.056
357.206 314.928
358.123 316.87
358.913 318.643
359.745 320.68
360.428 322.518
361.045 324.407
361.55 326.158
362.021 327.98
362.406 329.693
362.74 331.414
363.109 333.264
363.381 334.995
363.633 336.728
363.897 338.512
364.019 340.037
364.1 341.557
364.16 343.082
364.098 344.348
364.031 345.665
363.732 346.438
363.529 347.359
363.3 348.118
363.066 348.761
362.794 349.163
362.512 349.395
362.256 349.497
362.008 349.438
361.725 349.17
361.425 348.723
361.091 347.976
360.734 346.999
360.439 345.949
360.129 344.668
359.92 343.401
359.696 341.817
359.581 340.279
359.518 338.588
359.544 336.895
359.551 335.005
359.64 333.137
359.631 331.013
359.689 328.958
359.73 326.813
359.711 324.565
359.717 322.343
359.666 320.019
359.607 317.781
359.483 315.488
359.338 313.194
359.191 311.037
358.993 308.836
358.756 306.619
358.521 304.438
358.361 302.489
358.176 300.57
358.096 298.886
358.008 297.317
358.002 296.006
358.065 294.888
358.173 294.043
358.272 293.366
358.59 293.256
358.901 293.34
359.252 293.645
359.725 294.29
360.22 295.114
360.873 296.272
361.532 297.507
362.272 298.958
363.025 300.558
363.785 302.207
364.474 303.82
365.234 305.621
366.041 307.553
366.804 309.406
367.592 311.204
368.287 312.822
369.068 314.464
369.921 316.169
370.677 317.566
371.469 318.901
372.266 320.094
373.917 322.215
375.241 323.758
376.618 325.295
377.841 326.454
379.059 327.472
380.31 328.4
381.46 328.978
382.627 329.386
383.793 329.656
385.063 330.006
386.341 330.244
387.596 330.325
388.895 330.411
390.156 330.347
391.432 330.293
392.525 329.83
393.716 329.459
394.822 328.938
396.022 328.594
397.038 327.894
397.977 327.141
398.975 326.497
399.946 325.786
400.751 324.907
401.495 323.955
402.212 323.028
402.825 321.952
403.317 320.802
403.793 319.692
404.205 318.587
404.523 317.408
404.625 316.054
404.874 315.019
404.994 313.892
405.164 312.971
405.267 312.043
405.325 311.118
405.44 310.396
405.645 309.852
405.852 309.376
406.085 309.016
406.517 309.002
407.009 309.195
407.644 309.603
408.29 310.167
408.766 310.612
409.418 311.467
410.185 312.586
410.922 313.8
411.718 315.2
412.518 316.715
413.344 318.293
414.192 320.043
414.987 321.785
415.556 323.317
416.305 325.174
416.976 327.033
417.564 328.898
417.939 330.503
418.201 332.127
418.24 333.561
418.364 335.202
418.349 336.841
418.076 338.229
417.746 339.803
417.229 341.141
416.577 342.417
415.774 343.622
414.764 344.631
413.586 345.399
412.474 346.397
411.053 346.972
409.674 347.638
408.211 348.165
406.485 348.208
404.731 348.158
402.942 347.887
401.194 347.558
399.413 346.855
397.645 345.91
395.974 344.868
394.575 343.91
393.244 342.646
392.112 341.367
391.091 339.861
390.328 338.398
389.594 336.584
389.177 335.004
388.864 333.237
388.699 331.403
388.704 329.548
388.853 327.605
389.143 325.685
389.46 323.64
389.787 321.492
390.418 319.678
390.95 317.73
391.46 315.688
391.99 313.698
392.554 311.654
393.212 309.78
393.83 307.857
394.552 306.068
395.292 304.271
396.06 302.501
396.877 300.897
397.672 299.18
398.467 297.531
399.265 295.815
399.955 294.104
400.714 292.482
401.403 290.898
402.165 289.404
402.782 287.871
403.363 286.471
403.913 285.244
404.292 283.907
404.576 282.704
404.704 281.517
404.746 280.435
404.606 279.279
404.425 278.256
404.156 277.264
403.742 276.256
403.178 275.274
401.64 273.713
400.273 272.544
398.836 271.606
397.39 270.778
395.888 270.07
394.281 269.468
392.549 268.939
390.832 268.565
388.989 268.174
387.178 267.956
385.342 267.839
383.456 267.638
381.505 267.457
379.663 267.418
377.771 267.328
376.016 267.411
374.281 267.454
372.637 267.517
371.123 267.65
369.65 267.741
368.329 267.934
367.183 268.236
366.145 268.524
365.281 268.866
364.543 269.185
363.989 269.601
363.558 269.989
363.277 270.413
363.115 270.875
363.108 271.41
363.171 271.902
363.342 272.363
363.673 272.895
364.067 273.361
364.559 273.816
365.127 274.295
365.674 274.541
366.301 274.863
366.963 275.117
367.658 275.319
368.453 275.615
369.162 275.711
369.948 275.847
370.766 276.013
371.583 276.195
372.442 276.369
373.238 276.429
374.053 276.536
374.787 276.53
375.552 276.58
376.27 276.524
377.072 276.631
377.846 276.674
378.61 276.766
379.365 276.92
380.048 277.011
380.734 277.157
381.441 277.407
382.056 277.598
382.583 277.711
383.161 277.948
383.634 278.104
384.111 278.333
384.497 278.58
384.917 278.893
385.218 279.109
385.528 279.388
385.782 279.661
385.982 279.857
386.157 280.073
386.405 280.423
386.526 280.64
386.668 280.919
386.765 281.151
386.863 281.395
386.877 281.555
386.894 281.702
386.889 281.845
386.869 281.961
386.917 282.179
386.934 282.373
386.819 282.404
386.742 282.473
386.664 282.538
386.557 282.558
386.572 282.741
386.484 282.77
386.415 282.835
386.357 282.916
386.254 282.951
386.159 282.975
386.156 283.158
386.041 283.177
385.949 283.232
385.867 283.31
385.748 283.336
385.665 283.398
385.625 283.518
385.472 283.443
385.388 283.453
385.276 283.422
385.153 283.341
385.153 283.441
385.087 283.426
385.026 283.47
384.95 283.481
384.908 283.547
384.752 283.497
384.711 283.601
384.592 283.572
384.505 283.604
384.45 283.697
384.415 283.83
384.374 283.938
384.331 284.034
384.248 284.04
384.228 284.155
384.174 284.246
384.089 284.237
384.078 284.379
383.987 284.395
383.889 284.387
383.854 284.472
383.718 284.439
383.689 284.563
383.613 284.774
383.502 284.894
383.356 284.933
383.271 285.043
383.15 285.096
383.081 285.219
382.944 285.234
382.882 285.328
382.845 285.476
382.751 285.501
382.67 285.526
382.517 285.44
382.48 285.549
382.311 285.404
382.217 285.421
382.171 285.474
382.11 285.464
381.995 285.369
381.951 285.37
381.862 285.269
381.811 285.218
381.784 285.186
381.769 285.125
381.723 285.036
381.603 284.829
381.625 284.845
381.559 284.763