237.8357 413.881
237.7057 414.15
237.7747 414.024
237.6949 414.184
237.744 414.162
237.8 413.949
237.6034 414.233
237.7012 414.068
237.6263 414.161
237.5495 414.299
237.4942 414.412
237.4738 414.291
237.4567 414.481
237.3402 414.492
237.1382 414.899
237.1901 414.683
236.9805 415.068
236.9917 414.903
237.0049 414.844
236.8857 415.134
236.819 415.068
236.6695 415.107
236.5356 414.882
236.5267 415.022
236.2642 415.082
236.5427 414.792
236.338 414.862
236.3963 414.851
236.2526 415.032
236.4329 414.617
236.1495 414.859
236.1454 414.716
236.2301 414.848
235.9871 415.084
235.6821 415.462
235.4251 415.622
235.1947 416.14
235.0001 416.484
234.6669 416.947
234.3769 417.119
234.2501 417.369
233.8443 417.658
233.4247 417.995
233.0572 417.989
232.5631 418.139
232.0626 418.041
231.354 417.863
230.7814 417.797
229.9994 417.462
229.4915 416.572
228.4676 416.064
227.2604 415.425
226.1118 414.425
224.6696 413.31
223.2668 411.827
221.6458 410.273
220.2718 408.091
218.3969 405.689
216.5393 403.026
214.5908 400.261
212.6372 397.287
210.8752 393.894
209.1506 390.472
207.6091 386.807
206.0309 383.29
205.0691 380.027
203.7546 376.723
202.6118 373.428
201.3431 370.136
200.2953 366.786
199.2894 363.364
198.122 359.921
197.0238 356.625
196.1415 353.435
195.2705 350.336
194.3567 347.207
193.3113 344.308
192.2608 341.433
191.3165 338.773
190.2493 336.163
188.889 333.554
187.4801 331.153
186.2144 328.961
184.8573 326.935
183.4855 325.2
182.0012 323.775
180.5428 322.726
178.8799 321.817
177.509 321.182
175.896 320.88
174.4893 320.61
173.2731 320.797
172.1257 321.336
170.9916 322.037
169.7367 322.963
168.6848 324.082
167.7341 325.378
166.8243 326.822
166.0872 328.38
165.4536 330.126
165.0976 332.018
164.6948 334.07
164.1064 336.168
163.5978 338.384
163.2196 340.782
162.6231 343.45
162.4651 348.398
162.0909 352.741
162.2369 356.386
162.5456 359.457
162.7033 362.472
163 365.331
163.4163 367.733
164.0243 370.001
164.561 372.087
165.1106 374.218
165.9439 375.676
166.6521 377.222
167.5176 378.223
168.0209 379.614
169.0055 380.401
170.2641 380.977
171.6402 381.372
172.9938 381.636
174.036 382.1
175.3963 382.162
176.982 382.191
178.4317 382.349
180.5102 381.907
182.2984 381.682
184.216 381.277
186.3779 381.034
188.3869 380.936
190.5194 380.701
192.6337 380.471
194.8379 380.278
197.0952 380.365
199.4842 380.095
201.8636 379.975
204.5472 379.697
207.0378 379.631
209.6 379.512
212.2138 379.099
214.6873 378.971
217.2579 378.756
219.625 378.469
221.896 378.108
224.0994 377.727
226.0366 377.358
228.2049 376.81
229.9479 376.527
231.4506 376.344
233.1561 375.936
234.4275 375.781
235.5773 375.692
236.5959 375.567
237.4187 375.402
238.1773 375.509
238.7634 375.604
239.167 375.69
239.6621 375.998
239.7765 376.464
239.995 376.909
239.838 377.591
239.7544 378.162
239.8439 378.699
239.6794 379.418
239.5319 380.126
239.3833 381.037
239.7146 381.51
239.6517 382.225
239.7403 383.047
239.7696 383.596
239.823 384.17
239.7734 384.497
239.8291 384.46
239.6488 384.724
239.5156 384.278
239.1206 383.867
238.692 383.197
238.0505 382.429
237.4465 381.356
237.1221 379.776
236.2001 378.186
235.3822 376.468
234.2035 374.506
233.2539 372.422
232.1179 370.208
230.9808 368.121
230.1379 365.739
229.3833 363.439
228.9097 361.222
228.477 359.07
228.2707 357.153
228.1857 355.407
228.4265 353.925
228.9386 352.636
229.5542 351.574
230.5267 350.692
231.5532 350.17
232.9551 349.874
234.1979 349.574
235.941 349.56
237.4512 349.782
238.9173 350.097
240.38435 350.665
242.04156 351.225
243.41074 352.009
244.9934 352.832
246.13011 353.852
247.21129 354.888
248.12735 356.09
248.91877 357.351
249.612117 358.797
250.208162 360.167
250.586201 361.597
250.813338 363.006
250.848701 364.387
250.924907 365.738
250.616467 367.08
250.161451 368.252
249.696393 369.238
249.02599 370.175
248.39059 370.933
247.42328 371.829
246.48325 372.37
245.70234 372.757
244.64221 373.187
243.78688 373.18
242.79158 373.346
242.21707 373.119
240.98522 372.654
240.31398 372.086
239.9614 371.478
239.8123 371.133
240.21751 370.403
240.36922 370.319
240.99264 370.124
241.89198 369.926
242.99435 369.935
244.29684 369.989
245.9764 370.146
247.72069 370.356
249.500728 370.784
251.27317 371.141
253.11291 371.397
254.98459 371.318
256.7385 371.341
258.50681 371.422
260.0776 371.336
261.4438 371.37
262.815 371.185
264.2138 370.848
265.5644 370.426
266.6257 369.939
267.615 369.584
268.512 368.955
269.3351 368.018
269.9621 367.085
270.561 366.031
270.9502 364.89
271.262 363.713
271.3952 362.3
271.2 360.776
270.9265 359.254
270.616 357.629
270.2545 355.902
269.9187 354.318
269.5866 352.467
269.3199 350.784
269.0618 349.268
268.6027 347.852
268.2278 346.853
267.7804 345.888
267.443 345.163
267.1657 344.701
266.9251 344.433
266.7275 344.416
266.7062 344.556
266.9641 345.187
267.1594 345.677
267.4683 346.55
267.9106 347.572
268.5168 348.783
269.2384 350.031
270.0744 351.36
271.2349 352.688
272.1909 354.058
273.4624 355.416
274.6208 356.802
275.8749 358.13
277.2922 359.408
278.7425 360.644
280.3406 362.013
281.9479 363.306
283.5764 364.529
285.1612 365.744
286.6762 367
288.0596 368.213
289.4386 369.587
290.6325 370.795
291.746 371.91
292.7518 373.228
293.5833 374.308
294.3172 375.493
294.9081 376.493
295.4011 377.529
295.8248 378.458
296.2607 379.256
296.6085 379.966
296.8337 380.579
296.9778 380.81
297.063 381.034
296.9663 380.959
296.9269 380.764
296.7668 380.387
296.6469 379.818
296.444 378.871
296.4611 377.683
296.2862 376.428
296.3234 375.103
296.4236 373.673
296.694 372.188
297.0065 370.43
297.5037 368.6
298.1104 366.911
298.8278 365.082
299.7119 363.521
300.7679 361.897
301.9558 360.565
303.3482 359.649
304.9219 358.769
306.6611 358.046
308.4672 357.527
310.3392 357.151
312.2229 356.852
314.2056 356.893
316.1559 356.9
318.0787 356.981
319.912 356.935
321.7213 357.184
323.4206 357.486
324.9799 357.912
326.3484 358.366
327.5087 358.906
328.4546 359.542
329.1094 360.042
329.6383 360.849
329.9342 361.525
330.0458 362.281
330.0413 363.157
329.8765 364.097
329.5287 364.847
329.0629 365.592
328.4811 366.604
327.8714 367.654
326.336 369.534
325.1191 371.392
323.9789 372.87
322.9658 374.233
322.0041 375.322
321.098 376.238
320.234 376.962
319.4554 377.72
318.6812 378.263
317.961 378.685
317.1768 378.703
316.4184 378.834
315.6384 378.462
314.8757 378.31
314.0657 377.74
313.324 376.864
312.4656 376.029
311.7375 374.851
310.9948 373.555
310.0961 371.934
309.3353 370.267
308.4702 368.272
307.5989 366.12
306.7246 363.571
305.8726 361.261
305.0867 358.81
304.27 356.375
303.5673 354.129
302.9739 352.043
302.3771 349.819
301.8963 347.967
301.4293 345.992
301.0216 344.173
300.611 342.251
300.3635 340.645
300.0389 338.928
299.749 337.217
299.562 335.772
299.456 334.52
299.4861 333.672
299.5868 332.804
299.7024 332.013
299.9457 331.42
300.2909 331.072
300.727 330.814
301.2751 330.738
301.9243 330.833
302.7051 331.051
303.5449 331.217
304.56 331.886
305.6677 332.692
306.7997 333.606
308.0466 334.808
309.3933 336.31
310.8019 338.012
312.1903 339.692
313.7153 341.852
315.2005 343.865
316.7376 346.215
318.3678 348.972
319.8884 351.574
321.4078 354.258
322.9397 357.059
324.3952 359.746
325.9127 362.684
327.39 365.471
328.8547 368.211
330.342 371.158
331.726 373.874
333.034 376.48
334.2283 378.844
335.3887 381.177
336.4167 383.145
337.4705 385.29
338.3708 387.068
339.2002 388.717
339.9075 390.06
340.5905 391.279
341.2159 392.283
341.7 393.027
342.0543 393.419
342.3966 393.772
342.4977 393.691
342.4571 393.574
342.2696 393.127
341.9284 392.347
341.4862 391.466
340.8986 390.334
340.1483 388.667
339.38 386.963
338.5313 384.968
337.6682 382.838
336.7752 380.611
335.8282 378.232
334.8966 375.925
333.9553 373.722
332.9198 371.223
331.8542 368.667
330.9111 366.342
329.9106 363.839
328.8669 361.123
327.8069 358.444
326.7759 355.848
325.6174 352.993
324.4596 350.195
323.2607 347.275
322.1178 344.416
321.0446 341.609
320.044 338.847
319.1961 336.401
318.366 333.852
317.616 331.527
316.8906 329.264
316.2738 327.325
315.677 325.427
315.2353 323.89
314.8749 322.498
314.7309 321.744
314.7157 321.266
314.7866 321.029
314.966 321.105
315.3136 321.649
315.794 322.499
316.3965 323.681
317.0768 324.929
318.6968 327.767
320.1888 330.47
321.4846 332.808
322.7394 335.116
324.0561 337.53
325.1696 339.522
326.368 341.672
327.5681 343.815
328.7714 345.878
329.9852 347.938
331.1497 349.695
332.2893 351.37
333.4634 352.937
334.6434 354.408
335.8911 355.806
337.13 357.061
338.4361 358.275
339.7959 359.448
341.0649 360.251
342.3542 360.965
343.5125 361.286
344.7464 361.759
345.8697 361.882
347.0373 362.096
348.185 362.242
349.2719 362.206
350.345 362.181
351.326 361.888
352.246 361.534
353.103 361.158
353.915 360.765
354.462 359.9
354.946 359.05
355.393 358.347
355.599 357.169
355.815 356.231
355.92 355.063
355.899 353.674
356.024 352.736
356.006 351.504
355.988 350.263
355.878 348.881
355.76 347.513
355.684 346.307
355.549 344.938
355.369 343.488
355.176 341.983
355.142 340.839
355.019 339.402
354.987 338.113
354.968 336.749
355.019 335.353
355.198 334.128
355.471 332.865
355.682 331.269
356.075 329.862
356.499 328.456
356.994 327.011
357.545 325.588
358.262 324.361
358.964 322.999
359.8 321.844
360.693 320.694
361.626 319.519
362.592 318.386
363.659 317.419
364.824 316.629
365.98 315.916
367.216 315.307
368.395 314.742
369.696 314.496
370.961 314.189
372.242 314.076
373.601 314.177
374.925 314.34
376.259 314.548
377.623 314.914
378.964 315.355
380.267 315.84
381.659 316.572
382.875 317.221
384.12 318.063
385.32 318.903
386.589 320.048
387.786 321.135
388.949 322.447
390.008 323.652
391.009 324.915
391.968 326.217
392.761 327.448
393.569 328.775
394.296 329.983
394.934 331.225
395.503 332.477
396.059 333.757
396.541 334.877
396.978 335.931
397.341 337.003
397.566 337.873
397.933 339.002
398.242 339.995
398.334 340.825
398.43 341.564
398.53 342.322
398.442 342.874
398.442 343.63
398.289 344.251
398.102 344.734
397.884 345.269
397.48 345.536
397.167 345.952
396.834 346.361
396.354 346.478
396.031 346.946
395.658 347.351
395.098 347.402
394.597 347.481
394.113 347.585
393.577 347.506
393.194 347.697
392.782 347.868
392.273 347.75
391.953 347.843
391.496 347.7
391.102 347.692
390.484 347.628
389.937 347.514
389.522 347.535
389.183 347.52
388.877 347.495
388.585 347.395
388.194 347.137
387.997 347.167
387.79 347.123
387.589 347.087
387.437 347.068
387.371 347.224
387.224 347.206
387.194 347.425
387.12 347.545
386.389 347.661
385.883 347.813
385.596 348.13
385.256 348.191
384.929 348.201
384.644 348.112
384.407 348.109
384.149 347.964
384.1 348.232
383.845 348.054
383.767 348.152
383.522 347.954
383.348 347.907
383.142 347.704
382.978 347.489
382.814 347.268
382.667 347.081
382.57 346.917
382.442 346.697
382.402 346.573
382.23 346.264
382.233 346.251
382.198 346.147
382.2 346.107
382.174 346.033
382.071 345.854
382.022 345.76
381.949 345.782
381.9 345.684
381.767 345.5
381.699 345.32
381.663 345.264
381.7 345.354
381.55 344.966
381.552 344.888
381.555 344.759
381.596 344.673
381.55 344.504
381.578 344.383
381.539 344.078
381.507 343.801
381.483 343.579
381.415 343.316
381.407 343.13
381.26 342.726
381.079 342.322
380.867 341.87
380.605 341.324
380.417 340.88