214.1249 412.199
213.7664 412.352
213.5283 412.337
213.1705 412.539
213.486 412.087
212.8916 412.426
212.3593 412.773
212.0222 412.743
211.5297 412.877
211.0858 413.281
210.8359 413.15
210.4421 413.238
210.3064 413.194
210.0603 413.209
209.6247 413.589
209.2654 413.581
208.7944 414.01
208.3365 414.419
207.8147 414.855
207.5724 414.887
207.5748 414.55
207.1537 414.692
206.3983 415.15
206.0566 415.218
205.5553 415.15
205.0373 415.481
204.4714 415.607
203.9019 415.626
203.3561 415.538
202.733 415.39
201.8951 415.843
201.3 415.386
201.0029 414.845
200.2331 414.664
199.4495 414.55
198.8673 414.616
198.0941 414.451
196.9172 415.195
196.1597 415.038
195.1907 415.359
194.7153 414.905
193.9586 414.867
193.178 414.875
192.3905 414.778
192.0507 414.221
191.6117 414.011
191.0771 414.069
190.7129 413.851
190.6823 413.246
190.3211 413.26
190.1141 413.113
190.2346 412.613
190.2498 412.353
190.1962 412.668
190.7559 411.89
191.1768 411.683
191.5835 411.183
191.9911 411.134
192.6614 410.825
193.3009 410.652
194.1252 410.406
195.0875 410.329
196.0351 410.264
197.1018 410.057
198.0575 410.181
199.0917 410.541
200.4321 410.517
201.7648 410.337
202.9706 410.497
204.067 410.736
205.3965 410.66
206.8616 410.155
208.0407 410.294
209.3248 410.343
210.8051 410.26
212.364 409.896
213.8508 409.726
215.1227 409.929
216.4498 410.144
217.8697 410.138
219.2439 409.928
220.5425 409.871
221.9153 409.817
223.2473 409.927
224.5621 410.071
225.8767 410.084
227.2328 409.939
228.3432 410.254
229.3754 410.29
230.4453 410.286
231.4593 410.383
232.4485 410.312
233.3984 410.142
234.2816 410.156
235.1226 409.964
235.817 410.098
236.5339 409.993
237.2396 409.778
237.8656 409.76
238.9772 408.755
239.4756 408.736
240.11986 408.387
240.40037 408.767
240.70473 408.878
240.99381 408.853
241.26967 409.066
241.47566 409.232
242.14695 408.533
242.2164 408.966
242.32863 409.281
242.4076 409.545
242.48919 409.906
242.41629 409.987
242.24661 410.444
242.00799 410.689
241.78825 410.734
241.53669 410.679
241.2464 410.613
240.90181 410.905
240.66713 410.76
240.41367 410.579
239.9248 410.742
239.4441 410.856
238.9064 410.986
238.4122 410.848
237.8601 410.853
237.2159 410.902
236.5797 410.952
235.959 410.951
235.2909 410.999
234.7168 410.859
234.0335 410.98
233.6213 410.718
232.7807 410.929
232.2593 410.475
231.3158 410.974
230.5761 410.563
229.8652 410.311
229.1462 410.091
228.5047 409.503
227.6533 409.097
227.0012 408.483
226.2423 408.074
225.459 407.401
224.6213 406.54
223.5402 405.967
222.7856 404.837
222.1939 403.33
220.9529 402.553
219.9635 401.241
218.8781 399.973
217.6763 398.8
216.6344 397.042
215.5742 395.198
214.4643 393.317
213.2498 391.701
212.0194 389.932
210.8583 388.054
209.8551 386.021
208.6312 384.474
207.4688 382.654
206.436 380.8
205.2988 379.201
204.3679 377.224
203.5164 375.401
202.662 373.831
201.7971 372.287
201.0073 370.592
200.1756 369.247
199.4046 367.905
198.5859 366.662
198.0745 365.104
197.5448 363.819
197.041 362.856
196.8545 361.498
196.5544 360.523
196.2737 359.747
196.187 358.83
195.8065 358.18
195.518 357.627
195.5397 357.003
195.3207 356.648
195.4099 356.167
195.3318 355.795
195.7117 355.496
195.8219 355.424
196.0508 355.35
196.3462 355.345
196.6545 355.428
196.9757 355.718
197.3524 356.171
197.7775 356.539
198.1393 357.294
198.4263 358.016
198.8374 358.637
199.2546 359.279
199.6149 360.085
199.9513 360.9
200.2686 361.692
200.5921 362.59
200.8462 363.574
201.1149 364.638
201.0395 365.953
201.4461 367.005
201.73 368.06
202.0017 369.071
202.0321 370.21
202.2468 371.125
202.4119 372.13
202.6646 372.953
203.087 373.6
203.3019 374.26
203.6616 374.818
204.251 375.248
204.544 375.954
204.9656 376.411
205.5975 376.711
206.2519 377.158
206.8817 377.548
207.7285 377.792
208.5165 377.942
209.4361 378.295
210.5272 378.177
211.5968 378.185
212.691 378
213.9248 377.615
215.1183 377.202
216.105 377.068
217.2203 376.737
218.2959 376.422
219.4144 376.123
220.3905 375.795
221.6019 375.144
222.7676 374.609
223.738 374.238
224.7261 373.936
226.3921 373.063
227.7718 372.26
228.9379 371.654
229.9651 371.177
230.9203 370.828
231.8608 370.298
232.5544 370.109
233.3279 369.786
234.0295 369.62
234.8475 369.309
235.6292 368.919
236.2936 368.598
236.7451 368.621
237.3424 368.25
237.7746 367.987
238.0838 367.646
238.2821 367.669
238.4795 367.431
238.5217 367.407
238.4833 367.465
238.3106 367.542
238.0631 367.797
237.8595 367.984
237.7588 368.137
237.5964 368.452
237.4244 368.787
237.2102 369.175
237.0169 369.544
236.8782 370.212
236.7315 370.869
236.6384 371.339
236.4628 372.038
236.3018 372.784
236.156 373.581
236.0429 374.482
235.9935 375.162
236.0398 375.804
236.1396 376.395
236.2639 377.247
236.5805 377.688
236.7572 378.366
237.0848 379.043
237.4754 379.57
237.8597 380.225
238.2198 380.923
238.8277 381.411
239.1531 381.908
239.8589 382.245
240.55735 382.618
241.10072 383.324
241.97208 383.629
242.85507 383.938
243.58418 384.357
244.54841 384.563
245.38217 384.95
246.22729 385.296
247.05355 385.659
247.82856 385.807
248.56978 386.099
249.351135 386.047
249.944135 386.053
250.480171 385.891
250.818604 385.822
251.12776 385.921
251.30595 385.758
251.36317 385.273
251.2984 384.704
251.17452 384.353
251.00473 383.646
250.682039 382.727
250.191219 381.946
249.680322 381.138
249.103713 380.4
248.33863 379.725
247.60247 378.873
246.90931 377.769
246.08433 376.875
245.28083 375.871
244.45932 374.707
243.46501 373.799
242.64584 372.673
241.87454 371.479
241.0848 370.26
240.40544 368.954
239.6976 367.636
239.0169 366.373
238.4856 365.054
237.8945 364.021
237.4605 362.935
237.2924 361.813
237.1208 360.619
237.1002 359.583
237.1455 358.664
237.3357 357.764
237.5865 357.095
237.8947 356.563
238.3427 355.801
238.9204 355.305
239.708 354.753
240.46646 354.513
241.29485 354.191
242.17447 353.975
243.1168 353.809
244.31644 353.57
245.15976 353.684
245.97071 353.761
246.82412 354.054
247.7815 354.173
248.76101 354.304
249.772868 354.412
250.682766 354.807
251.56499 355.256
252.54974 355.585
253.35628 355.942
254.21798 356.384
255.08532 356.791
255.88896 357.289
256.67498 357.738
257.45502 358.055
258.13252 358.437
258.74174 358.922
259.23194 359.411
259.76635 359.788
260.2596 360.411
260.5951 360.891
261.0775 362.037
261.2716 363.178
261.4505 364.195
261.5631 364.995
261.7064 365.708
261.6716 366.413
261.6357 367.013
261.5081 367.716
261.3219 368.262
261.0314 368.98
260.6564 369.544
260.1946 370.082
259.81276 370.53
259.31803 370.942
258.87332 371.01
258.22308 371.299
257.6258 371.563
257.06233 371.596
256.60724 371.557
256.07028 371.529
255.45566 371.308
254.91999 371.216
254.4244 370.916
253.87328 370.699
253.53068 370.179
253.15851 369.703
252.94933 369.388
252.89635 368.944
252.98225 368.523
253.07988 368.228
253.28149 368.079
253.68789 367.631
254.05142 367.629
254.54226 367.406
255.19068 367.11
255.85625 367.056
256.68587 366.914
257.50709 366.767
258.3871 366.615
259.24505 366.544
260.1669 366.325
261.1204 366.192
262.087 365.999
263.048 365.843
263.886 366.007
264.7822 365.815
265.7057 365.901
266.5138 366.009
267.2725 366.147
268.103 366.184
268.8487 366.293
269.6552 366.578
270.4727 366.767
271.2922 367.034
272.087 367.337
272.7133 367.563
273.3752 367.696
274.0227 368.227
274.6096 368.375
275.0883 368.396
275.4918 368.715
275.8424 368.861
276.0435 369.03
276.2726 368.979
276.3778 368.997
276.4682 368.876
276.4179 368.782
276.3471 368.477
276.1118 368.118
275.9462 367.609
275.6711 366.849
275.3866 366.226
274.9445 365.454
274.379 364.613
273.8227 363.793
273.2811 362.702
272.6326 361.725
272.2638 360.27
271.5055 359.286
270.8593 358.112
270.2031 356.925
269.6649 355.751
269.2818 354.619
268.8259 353.4
268.5113 352.219
268.1724 351.054
267.8493 349.996
267.6799 348.765
267.5988 347.866
267.6342 347.025
267.6793 346.301
268.0845 345.377
268.4532 344.723
268.932 344.126
269.4573 343.463
269.6786 343.231
270.2743 342.703
270.8614 342.354
271.3536 342.307
272.014 342.072
272.7142 342.042
273.5276 342.208
274.463 342.302
275.6341 342.268
276.5845 342.468
277.4666 342.8
278.4353 343.194
279.4663 343.716
280.7694 344.172
281.7066 344.797
282.7725 345.361
283.7739 346.043
284.7089 346.794
285.6761 347.794
286.655 348.784
287.557 349.679
288.45 350.573
289.2764 351.433
290.0606 352.425
290.7015 353.503
291.3209 354.651
291.961 355.503
292.4989 356.566
293.1048 357.585
293.5885 358.466
294.282 360.114
294.7855 361.196
295.1919 362.092
295.4779 362.999
295.662 363.549
295.814 364.151
296.0418 364.476
295.9964 365.137
295.9824 365.553
295.8904 365.988
295.8398 366.175
295.7576 366.459
295.573 366.687
295.2924 366.814
295.0293 366.798
294.7299 366.747
294.4042 366.305
294.0539 366.208
293.5753 365.792
293.1697 365.286
292.727 364.721
292.2943 364.056
291.8311 363.293
291.5207 362.202
291.1054 361.114
290.6255 359.947
290.2003 358.7
289.7795 357.504
289.3711 356.294
288.9447 354.878
288.5417 353.563
288.262 352.393
287.9584 351.162
287.784 350.185
287.6265 348.968
287.5734 347.947
287.554 346.794
287.4991 345.81
287.5023 344.736
287.5684 343.727
287.6128 342.853
287.6936 342.021
287.9137 341.317
288.193 340.835
288.679 340.431
288.9476 340.169
289.3009 340.104
289.8097 340.304
290.3181 340.356
290.8093 340.638
291.3504 341.02
291.9501 341.372
292.5224 342.031
293.2931 342.721
293.9718 343.385
294.6288 344.508
295.3046 345.439
296.1018 346.605
296.7057 347.788
297.4174 349.011
298.0974 350.53
298.7652 351.77
299.2975 353.055
299.8966 354.357
300.4135 355.82
300.9503 357.279
301.4768 358.785
301.898 359.882
302.3611 361.092
302.804 362.196
303.2582 362.979
303.6725 363.92
304.1102 364.725
304.5493 365.615
304.9733 366.122
305.3338 366.762
305.7753 367.314
306.1777 367.687
306.4959 367.985
306.8203 367.966
307.0654 368.269
307.4152 368.392
307.6642 368.133
307.8647 367.935
308.0473 367.583
308.2606 367.019
308.3649 366.249
308.4724 365.597
308.5206 364.947
308.5586 364.017
308.5038 362.956
308.4584 362.178
308.2928 360.863
308.133 359.728
307.8709 358.588
307.6534 357.377
307.3291 355.991
306.9174 354.679
306.4429 353.342
305.9418 352.038
305.4108 350.671
304.8792 349.26
304.3273 347.868
303.8773 346.539
303.3595 345.308
302.9033 344.115
302.4662 342.894
302.2633 341.836
301.8401 340.985
301.509 340.087
301.3045 339.196
301.1888 338.56
301.1249 337.841
301.0895 337.374
301.0644 336.963
301.2562 336.885
301.4257 336.826
301.6149 336.948
301.9365 337.269
302.2851 337.672
302.6017 338.3
303.0064 339.014
303.4971 340.008
303.9676 340.862
304.5167 341.983
305.3737 343.976
306.0589 345.628
306.7077 347.426
307.3237 348.552
307.8032 349.985
308.3316 351.303
308.8156 352.396
309.3622 353.592
309.955 354.797
310.4995 355.872
311.0791 356.971
311.7659 358.036
312.4923 359.063
313.2284 359.834
314.0139 360.703
314.8418 361.36
315.6341 362.181
316.5176 362.683
317.4676 363.214
318.4135 363.744
319.4578 364.312
320.504 364.546
321.6324 364.708
322.6945 364.889
323.7333 364.95
324.7493 365.176
325.779 365.214
326.6739 365.302
327.5248 365.233
328.2835 365.063
329.0425 364.768
329.7239 364.632
330.2639 364.208
330.8611 364.074
331.3736 363.604
331.6937 363.037
332.0551 362.593
332.3157 362.187
332.602 361.872
332.8159 361.485
332.933 361.037
333.0478 360.667
333.1901 360.459
333.2394 360.364
333.2211 360.143
333.0729 359.852
333.0334 359.89
332.9216 359.977
332.7502 359.881
332.5248 359.83
332.2693 359.94
331.9857 360.037
331.7479 360.21
331.4441 360.509
331.1554 360.796
330.8003 361.125
330.4031 361.813
329.9713 362.167
329.4845 362.759
329.0101 363.134
328.4756 363.577
327.9201 363.998
327.2934 364.57
326.6343 364.783
325.9979 365.33
325.329 365.731
324.6488 366.276
323.9696 366.963
323.2331 367.133
322.4996 367.429
321.7499 368.08
321.0954 368.546
320.4336 368.962
319.6557 369.296
319.0659 369.728
318.4416 369.825
317.8626 369.991
317.2447 370.06
316.7385 370.266
316.1569 370.508
315.6664 370.702
315.1742 370.875
314.7104 370.767
314.2664 370.963
313.9117 370.999
313.5179 371.246
313.1478 371.322
312.8504 371.293
312.5773 371.305
312.4262 371.231
312.2034 371.288
312.0191 371.085
311.903 370.935
311.8352 371.029
311.8156 371.228
311.7642 371.274
311.653 371.179
311.6171 371.234
311.6317 371.225
311.6004 371.051
311.6091 371.041
311.6049 370.882
311.5519 371.009
311.4925 371.045
311.5283 371.334
311.4874 371.247
311.3997 371.031
311.399 370.966
311.4325 371.003
311.4649 370.904
311.5178 371.011
311.4916 370.901
311.4815 370.867
311.5127 370.908
311.5202 370.957
311.4746 370.713
311.5009 370.795
311.3931 370.992
311.3724 370.622
311.399 370.816
311.3923 370.81
311.3106 370.568
311.3344 370.54
311.2593 370.414
311.32 370.362
311.378 370.301
311.3174 370.017
311.494 370.064
311.5209 369.945
311.5756 369.63
311.6147 369.737
311.7216 369.747
311.8096 369.378
311.9458 369.44
312.0678 369.723
312.106 369.668
312.2601 369.532
312.3646 369.677
312.4107 369.704
312.4512 369.549
312.4984 369.725
312.6015 369.562
312.6897 369.86
312.7215 369.546
312.7727 369.431
312.8061 369.455
312.8473 369.338
312.8405 369.292
312.8552 369.4
312.9203 369.457
312.8838 369.421
312.9372 369.458
313.0573 369.57
313.0725 369.65
313.1021 369.535
313.1538 369.816
313.1939 369.995
313.2037 369.909
313.2183 369.724
313.2774 369.973
313.3359 369.958
313.3542 370.115
313.3477 370.085
313.4202 370.082
313.4477 370.128
313.4939 370.244
313.5119 370.251
313.5339 370.171
313.4848 370.319
313.5197 370.165
313.5603 370.125
313.6202 370.141
313.6356 370.082
313.6677 370.28
313.6906 370.263
313.6969 370.198
313.7433 370.287
313.8221 370.333
313.8959 370.109
314.0078 370.233
314.0709 370.311
314.1293 370.44
314.2025 370.437
314.2608 370.316
314.2592 370.39
314.316 370.451
314.3648 370.569
314.4048 370.502
314.4555 370.503
314.5216 370.398
314.622 370.291
314.7025 370.315
314.7156 370.248
314.8167 370.134
314.8227 369.994
314.8848 370.03
314.959 369.905
314.9368 369.937
314.9951 369.921
315.0411 370.054
315.0584 370.188
315.0666 370.065
314.9861 369.953
315.0554 370.042
315.0185 369.989
315.1554 369.605
315.0623 369.758
315.1251 369.809
315.1295 369.724
315.1912 369.827
315.2733 369.798
315.2432 369.835
315.2956 369.875
315.3527 369.991
315.3994 369.869
315.5159 370.002
315.6044 369.961
315.5571 369.836
315.6049 369.728
315.6856 369.653
315.6784 369.603
315.7208 369.527
315.8288 369.434
315.8553 369.419
315.8966 369.227
315.9634 369.213
316.0604 369.239
316.1613 369.237
316.246 369.229
316.3232 369.268
316.4134 369.088
316.5562 369.249
316.6232 369.136
316.6854 369.144
316.7259 368.936
316.8593 368.991
316.9035 368.916
317.0101 368.849
317.0277 368.739
317.1307 368.728
317.1909 368.53
317.3736 368.651
317.6414 368.386
317.917 368.297
317.9958 368.344
318.0507 368.476
318.1444 368.566
318.3973 368.464
318.5199 368.5
318.6384 368.465
318.8131 368.413
319.063 368.132
319.2672 368.306
319.4357 368.11
319.5977 368.053
319.7244 368.294
319.819 368.211
319.9828 368.338
320.0954 368.296
320.2807 368.199
320.4027 368.289
320.5379 368.249
320.7695 367.964
320.8039 367.945
320.8412 368.038
320.9776 368.212
321.0325 368.36
321.1192 368.397
321.2526 368.436
321.3718 368.554
321.4607 368.51
321.5871 368.26
321.701 368.194
321.7742 368.369
321.842 368.292
321.9298 368.303
321.9922 368.062
322.0801 368
322.1634 368.039
322.2271 368.054
322.3537 367.882
322.3438 367.785
322.4063 367.905
322.4895 367.754
322.5584 367.83
322.5794 367.609
322.577 367.585
322.6541 367.689
322.7516 367.57
322.8133 367.339
322.8453 367.415
322.9016 367.419
322.9053 367.327
322.9417 367.215
322.9436 367.308
323.0127 367.272
323.0424 367.219
323.0984 367.327
323.0969 367.627
323.1381 367.601
323.0503 367.621
322.9805 367.571
322.9828 367.691
322.9882 367.554
322.8982 367.867
322.9549 367.839
322.8578 367.544
322.8687 367.659
322.8782 367.737
322.8343 367.722
322.8089 367.62
322.8542 367.77
322.8999 367.745
322.9873 367.787
323.1237 368.132
323.1531 368.274
323.188 368.176
323.1978 368.341
323.2828 368.595
323.2778 368.706
323.3301 368.974
323.3593 369.131
323.3429 369.076
323.349 369.385