215.6606 400.8
215.6363 400.812
215.6492 400.929
215.8593 400.769
215.8273 400.992
215.9711 400.959
215.9649 401.153
216.0127 401.199
216.132 401.15
216.5769 401.036
216.6649 401.248
216.7365 401.404
216.8251 401.534
216.7183 401.97
216.7307 402.095
216.7353 402.391
216.7003 402.354
216.7609 402.355
216.6606 402.748
216.6054 402.891
216.5918 402.917
216.5163 402.745
216.4223 402.975
216.3435 402.846
216.2388 402.76
216.2967 402.458
216.1448 402.34
216.1482 401.922
216.0392 401.449
215.9695 401.265
215.8032 400.662
215.5857 400.089
215.4066 399.274
215.3636 398.366
215.0844 397.35
214.8964 395.989
214.5646 394.625
214.1523 392.963
214.1088 390.703
213.4533 388.253
213.0061 385.351
211.9278 382.475
210.9735 379.256
209.9329 375.665
208.8096 372.063
207.6341 368.576
206.5009 364.867
205.3728 361.213
204.4252 357.673
203.4608 354.169
202.5678 350.673
201.6616 347.447
200.8679 344.485
199.8434 340.969
199.178 338.611
198.629 337.048
198.4923 336.316
198.4288 336.092
198.5937 336.394
198.8703 337.146
199.2731 338.214
199.7621 339.597
200.3495 341.072
200.9563 342.885
201.5804 344.846
202.2367 346.846
202.9227 349.035
203.4768 351.334
204.0707 353.653
204.6786 355.955
205.323 358.265
205.9261 360.678
206.6256 362.996
207.3139 365.428
207.899 368.009
208.621 370.454
209.2786 372.966
210.0971 375.281
211.0689 377.606
212.1751 379.92
213.3679 382.389
214.8777 384.587
216.0249 387.14
217.3106 389.762
218.568 392.153
219.9103 394.456
221.6053 396.572
222.9565 398.851
224.4339 401.04
226.0538 402.935
227.6625 404.658
229.3091 406.113
230.8075 407.804
232.341 409.001
234.0109 409.711
235.549 410.404
237.0138 410.703
238.2839 410.795
239.5856 410.555
240.79974 409.959
241.91331 409.068
242.77797 408.065
243.66378 406.745
244.38519 405.154
244.96392 403.351
245.38648 401.318
245.67834 399.165
245.92397 396.705
246.03391 394.168
246.06262 391.611
246.01221 388.902
245.9331 386.067
245.80322 383.136
245.59874 380.254
245.3937 377.236
245.10494 374.167
244.81303 371.156
244.41167 368.217
243.9444 365.468
243.49478 362.879
242.98981 360.382
242.54432 358.01
242.15964 355.691
241.75081 353.526
241.42714 351.472
241.10202 349.461
240.73934 347.548
240.44372 345.834
240.06279 344.058
239.698 342.55
239.4053 341.099
239.1283 339.764
238.8212 338.692
238.541 337.477
238.343 336.502
238.1121 335.291
237.956 334.34
237.9589 333.423
237.9558 332.606
238.1426 331.96
238.4027 331.556
238.7186 331.256
239.2307 331.028
239.7089 331.055
240.4432 331.296
241.26177 331.494
242.23624 331.887
243.33197 332.446
244.48486 333.085
245.7031 333.888
247.06291 334.863
248.47679 335.84
250.0901812 337.039
251.67498 338.227
253.35867 339.473
255.15625 340.763
257.11197 342.342
259.24776 343.961
261.4497 345.646
263.7852 347.381
266.1097 349.129
268.427 350.96
270.7103 352.869
272.9162 354.701
275.0544 356.721
277.0671 358.614
278.974 360.749
280.7341 362.835
282.2848 365
283.6113 367.112
284.7861 369.335
285.6686 371.402
286.4115 373.801
286.8403 375.809
287.0073 377.839
286.9098 379.711
286.5253 381.245
285.8933 382.586
283.9275 384.457
282.0733 385.721
280.2372 386.825
278.2675 387.569
276.2382 387.769
274.1332 387.893
272.0027 387.725
270.0276 387.1
267.9407 386.513
265.9998 385.445
264.2485 384.233
262.6087 382.991
261.1191 381.563
259.71789 380.059
258.53204 378.495
257.46582 376.726
256.63183 374.808
256.05734 372.812
255.43716 370.951
254.99955 368.773
254.74229 366.622
254.89646 364.57
254.94289 362.273
255.19395 360.035
255.63681 357.853
256.24359 355.672
257.19046 353.576
258.09839 351.448
259.11048 349.619
260.3304 347.659
261.6991 346.076
263.261 344.843
264.961 343.797
266.8122 343.157
268.8545 342.962
270.9606 343.006
273.1843 343.605
275.4752 344.555
277.7307 345.81
279.9 347.223
281.9601 349.001
283.8087 350.87
285.5364 353.052
286.985 355.047
288.242 357.155
289.3219 359.375
290.1738 361.496
290.8756 363.803
291.3925 365.793
291.7826 367.873
291.9779 369.594
292.0111 371.181
291.9018 372.632
291.6524 373.808
291.265 374.756
290.7803 375.619
290.1119 375.933
289.5103 375.905
288.6782 375.629
287.8453 375.016
286.9838 374.309
286.0815 373.199
285.157 371.447
284.3743 369.53
283.5713 367.317
282.7432 364.772
282.0237 361.952
281.3721 358.992
280.8641 355.862
280.4637 352.5
280.1402 349.292
279.9954 345.912
280.0428 342.651
280.3152 339.525
280.6998 336.612
281.2507 334.352
281.87 332.361
282.6421 330.98
283.5024 329.974
284.5581 329.568
285.7453 329.647
287.0238 329.851
288.4826 330.618
290.038 331.613
291.7193 332.935
293.5369 334.54
295.4322 336.519
297.3892 338.781
299.4092 341.447
301.388 344.251
303.3424 347.37
305.2899 350.727
307.2151 354.213
309.1038 357.79
310.9306 361.295
312.7516 364.742
314.5891 368.183
316.4504 371.736
318.3292 375.421
320.1212 378.804
321.9067 382.29
323.5613 385.472
325.0658 388.432
326.4402 391.222
327.5751 393.6
328.579 395.83
329.366 397.669
330.0162 399.191
330.506 400.305
330.898 401.274
331.1291 401.703
331.283 401.904
331.2802 401.601
331.2262 401.191
330.9411 400.244
330.5318 399.164
329.8521 397.43
329.0645 395.513
328.0345 392.817
326.9976 390.056
325.8799 386.81
324.7554 383.268
323.6409 379.311
322.5885 375.262
321.5818 371.073
319.827 363.153
318.4128 356.616
317.2083 350.692
316.2146 345.608
315.3401 340.968
314.634 336.623
314.1082 332.894
313.6754 329.347
313.3895 326.167
313.2564 323.427
313.2259 320.99
313.3188 318.993
313.499 317.44
313.8184 316.587
314.1958 316.243
314.6541 316.388
315.1884 317.183
315.7638 318.623
316.297 320.645
316.7471 323.125
317.0841 325.921
317.2662 329.069
317.2296 332.322
317.0179 335.762
316.5968 339.158
315.9802 342.46
315.2269 345.73
314.2924 348.798
313.3046 351.932
312.1074 354.729
310.8405 357.449
309.5076 359.911
308.1597 362.047
306.7504 364.129
305.4261 366.154
304.0653 367.97
302.6749 369.43
301.2035 370.712
299.8166 371.704
298.5301 372.661
297.2925 373.236
296.1347 373.634
295.0917 373.708
294.3615 373.759
293.5538 373.674
292.997 373.263
292.6396 372.66
292.5479 372.176
292.6196 371.278
292.9644 370.695
293.5433 369.629
294.468 368.7
295.4688 367.822
296.6994 366.687
298.1355 365.685
299.7061 364.57
301.4256 363.469
303.2842 362.427
305.2242 361.248
307.3541 360.029
309.5799 358.871
311.9308 357.83
314.4704 356.843
317.1268 356.031
319.8713 355.263
322.6462 354.521
325.3953 353.781
328.1358 353.204
330.7426 352.775
333.2307 352.465
335.5123 352.174
337.5361 351.733
339.3834 351.451
341.0601 351.309
342.4556 351.12
343.732 351.224
344.7672 351.245
345.5964 351.353
346.2692 351.643
346.7429 352.047
347.1088 352.689
347.2585 353.287
347.3022 354.076
347.1926 354.89
346.9698 355.643
346.6741 356.439
346.4269 357.449
346.1214 358.352
345.8046 359.148
345.5101 360.037
345.1746 360.694
344.8 361.137
344.3988 361.45
344.0505 361.635
343.7683 361.737
343.4059 361.198
343.1498 360.603
342.7838 359.425
342.5075 358.268
342.1762 356.732
341.871 354.985
341.57 352.941
341.1978 350.489
340.831 347.934
340.4071 345.196
339.8661 342.195
339.3043 339.122
338.757 336.096
338.1719 332.767
337.665 329.481
337.183 326.129
336.7833 323.025
336.4266 320.203
336.1139 317.448
335.8834 315.28
335.6603 313.311
335.4989 311.863
335.4189 310.951
335.4078 310.331
335.5238 310.15
335.6484 310.276
335.9686 311.006
336.3903 312.218
336.8868 313.69
337.4817 315.437
338.8279 319.911
339.9743 323.862
341.0348 327.538
341.9686 331.01
342.8748 334.569
343.7247 337.887
344.5436 341.321
345.3394 344.767
346.0942 348.105
346.8256 351.391
347.4863 354.562
348.1717 357.797
348.7897 360.806
349.397 363.727
350.041 366.603
350.678 369.316
351.239 371.883
351.724 374.142
352.106 376.204
352.299 377.903
352.494 379.524
352.658 380.895
352.732 381.824
352.858 382.639
353.003 383.161
353.121 383.338
353.233 383.337
353.282 382.938
353.225 382.327
353.098 381.221
353.018 379.973
352.85 378.37
352.586 376.107
352.389 373.735
352.175 371.062
352.023 368.293
351.923 365.485
351.91 362.702
351.961 360.056
352.218 357.722
352.566 355.624
352.883 353.557
353.275 351.823
353.728 350.257
354.212 349.008
354.749 348.123
355.299 347.504
355.952 347.325
356.406 347.095
356.918 347.413
357.278 347.877
357.506 348.475
357.597 349.148
357.656 350.023
357.701 350.952
357.608 351.67
357.609 352.606
357.57 353.321
357.519 353.959
357.494 354.569
357.541 355.147
357.546 355.564
357.493 355.684
357.421 355.686
357.29 355.384
357.171 354.98
356.927 354.176
356.671 353.289
356.286 351.911
355.919 350.505
355.453 348.9
354.99 346.918
354.48 344.757
353.934 342.22
353.385 339.495
352.941 336.83
352.473 333.759
351.965 330.443
351.591 327.245
351.342 324.073
351.266 320.936
351.479 317.964
351.933 315.149
352.656 312.499
353.62 309.989
354.841 307.824
356.229 305.786
357.854 304.34
359.602 303.227
361.438 302.323
363.321 301.875
365.192 301.748
367.156 302.044
368.999 302.474
370.833 303.33
372.555 304.354
374.077 305.511
375.55 306.916
376.883 308.341
378.117 310.075
379.208 311.825
380.074 313.717
380.791 315.826
381.365 318.038
381.765 320.143
381.918 322.205
381.887 324.292
381.814 326.633
381.535 328.789
381.191 331.096
380.719 333.24
380.128 335.256
379.519 337.394
378.731 339.202
377.943 340.877
377.067 342.435
376.111 343.867
375.033 344.827
373.945 345.841
372.758 346.371
371.628 346.881
370.477 347.179
369.295 347.201
368.161 347.193
367.046 347.015
365.194 345.796
363.819 344.689
362.744 343.509
361.863 342.392
361.239 341.43
360.762 340.466
360.344 339.368
360.053 338.345
359.871 337.261
359.875 336.217
360.131 335.364
360.461 334.281
360.946 333.282
361.582 332.428
362.286 331.616
363.086 330.989
363.92 330.434
364.912 330.195
365.892 330.051
366.955 330.034
368.158 330.351
369.377 330.64
370.675 331.052
372.067 331.698
373.491 332.404
375.03 333.277
376.668 334.316
378.246 335.26
379.893 336.356
381.642 337.656
383.345 338.866
385.005 340.059
386.738 341.481
388.346 342.724
389.907 343.959
391.431 345.232
392.738 346.197
393.949 347.075
395.122 347.841
396.202 348.555
397.14 348.895
397.957 349.086
398.873 349.408
399.55 349.265
400.274 349.205
400.827 348.82
401.317 348.256
401.741 347.71
401.842 346.608
401.753 345.192
401.645 343.736
401.43 342.114
401.152 340.26
400.868 338.185
400.42 335.812
399.903 333.438
399.394 330.997
398.88 328.73
398.162 326.172
397.411 323.598
396.689 321.104
395.907 318.575
394.994 315.866
394.134 313.332
393.106 310.609
392.117 307.999
391.085 305.324
390.134 302.923
389.198 300.707
388.278 298.61
387.406 296.889
386.602 295.391
385.776 293.863
385.198 292.804
384.693 291.887
384.289 291.246
384.037 290.741
383.896 290.654
383.979 290.897
384.106 291.361
384.414 291.971
384.853 292.937
385.41 294.143
386.145 295.745
386.89 297.356
387.76 299.295
388.688 301.371
389.58 303.526
390.536 305.728
391.466 308.083
392.393 310.493
393.345 313.005
394.447 315.678
395.505 318.291
396.567 320.773
397.632 323.122
398.877 325.619
400.012 327.679
401.167 329.663
402.395 331.654
403.547 333.462
404.715 335.224
405.821 336.707
407.063 338.223
408.22 339.464
409.404 340.643
410.68 341.723
411.771 342.436
412.821 342.944
413.918 343.354
414.819 343.438
415.839 343.566
416.789 343.396
417.519 342.944
418.341 342.503
419.123 341.968
419.895 341.275
420.469 340.384
420.842 339.031
421.255 337.756
421.733 336.461
421.823 334.675
422.028 333.076
422.236 331.405
422.318 329.629
422.012 325.928
421.793 322.681
421.7 319.997
421.239 317.226
420.908 314.694
420.443 312.366
419.998 309.941
419.291 307.365
418.751 305.089
418.087 302.67
417.54 300.349
416.986 298.225
416.494 296.062
416.112 294.052
415.65 291.846
415.248 289.847
414.98 288.311
414.832 286.654
414.726 285.201
414.625 283.994
414.623 282.941
414.688 281.98
414.736 281.251
415.001 280.687
415.167 280.204
415.555 279.836
415.871 279.709
416.144 279.676
416.562 279.893
417.102 280.435
417.275 280.703
417.536 281.169
417.838 281.775
418.127 282.67
418.364 283.925
418.474 285.085
418.701 286.621
418.877 288.034
419.057 289.886
419.038 291.516
419.167 293.428
419.323 295.34
419.39 297.294
419.452 299.217
419.662 301.332
419.509 303.2
419.625 305.471
419.495 307.577
419.269 309.393
419.186 311.461
419.089 313.579
418.957 315.637
418.699 317.483
418.367 319.226
417.961 320.828
417.555 322.318
417.234 323.984
416.828 325.414
416.298 326.741
415.659 327.664
414.963 328.412
414.426 329.449
413.76 330.117
413.229 331.016
412.613 331.679
411.921 332.226
411.145 332.513
410.351 332.818
409.523 333.02
408.629 333.154
407.907 333.394
406.941 333.304
406.122 333.377
405.362 333.482
404.401 333.244
403.516 333.257
402.692 333.091
401.702 332.741
400.731 332.37
399.84 332.14
398.82 331.643
397.739 331.029
396.709 330.476
395.706 329.987