293.1685 383.402
291.8936 385.449
290.7665 387.075
289.5499 388.796
288.3411 390.231
287.2328 391.792
286.0524 393.148
284.9941 394.496
283.8434 395.896
282.6987 397.19
281.714 398.388
280.7412 399.704
279.7578 400.849
278.7742 401.858
278.1763 402.944
277.2227 404.042
276.4876 404.923
275.6822 406.042
274.9724 406.892
274.3072 407.879
273.6774 408.837
273.048 409.229
272.5183 409.913
271.9903 410.581
271.4635 411.215
270.944 411.979
270.3641 412.555
269.8036 412.997
269.1818 413.554
268.5238 414.041
267.8492 414.364
267.03 414.698
266.2663 414.704
265.4431 414.822
264.4309 414.876
263.4362 414.903
262.3359 414.861
261.385 414.447
260.199 414.314
258.9948 414.161
257.86046 413.722
256.61701 413.251
255.43409 412.835
253.98726 412.501
252.61401 412.074
251.0671 411.722
249.498356 411.542
247.88917 411.409
246.60529 410.86
245.49614 410.346
244.06222 409.957
242.5534 410.053
241.16737 409.923
239.6536 409.921
238.329 409.789
237.0157 409.428
235.6401 409.501
234.1655 409.266
232.8144 409.042
231.4038 409.208
229.9803 409.087
228.5767 409.06
227.0942 409.345
225.7803 409.301
224.4645 409.465
223.1907 409.328
221.9652 409.36
220.6069 409.365
219.4787 409.13
218.4504 409.136
217.4565 409.143
216.4594 409.262
215.5692 409.53
214.6504 409.695
213.8685 409.904
213.3567 409.895
212.4188 410.212
211.6461 410.385
210.8297 410.847
210.1108 410.926
209.3126 411.381
208.8855 411.023
208.1838 411.192
207.4936 411.391
206.7965 411.451
206.0901 411.503
205.4128 411.572
204.7696 411.577
204.1471 411.092
203.5256 410.911
203.199 410.357
202.6078 409.872
202.0402 409.402
201.3121 409.027
200.8204 408.531
200.4487 407.562
200.0831 406.73
199.8181 405.473
199.416 404.666
199.0783 403.534
198.5562 402.533
198.0469 401.187
197.7759 399.868
197.3167 398.379
196.9012 396.651
196.4887 394.962
196.1166 392.947
195.7218 391.029
195.3682 388.818
195.2836 386.797
194.82 384.835
194.7374 382.486
194.5947 380.036
194.2202 377.796
193.8173 375.409
193.3507 372.964
192.8236 370.597
192.2635 368.034
191.3091 363.703
190.5272 359.907
189.6001 356.615
188.8245 353.541
188.123 350.565
187.373 347.844
186.6761 345.058
186.0267 342.229
185.4872 339.55
184.6566 336.853
183.7928 334.583
182.9913 332.456
182.295 330.407
181.5385 328.755
181.1561 327.331
180.4931 326.002
179.8619 325.008
179.3983 324.246
178.9722 323.851
178.6783 323.708
178.5869 323.841
178.6124 324.33
178.7044 325.16
178.9194 326.425
179.2772 327.891
179.9757 329.664
180.4276 331.749
181.0293 333.923
181.7848 336.331
182.4229 338.742
183.03 341.505
184.0572 344.312
184.9051 347.161
186.1362 349.887
187.1589 352.846
188.048 355.946
189.139 358.884
190.6842 361.675
191.9687 364.551
193.3241 367.362
194.8261 370.052
196.2769 372.711
197.8839 375.021
199.6103 377.305
201.1127 379.629
202.7683 381.824
204.4629 384.054
206.2367 385.959
207.9697 387.765
209.6992 389.385
211.4502 390.863
213.0091 392.181
214.6884 393.368
216.2404 394.316
217.7044 395.124
219.0446 395.603
220.2778 395.887
221.3905 395.758
222.2177 395.637
223.0251 395.017
223.5304 394.115
223.8107 393.084
224.1665 391.588
224.4305 389.545
224.4342 387.52
224.4799 385.253
224.3603 382.845
224.1855 380.214
223.9223 377.637
223.6586 374.843
223.7023 371.654
223.2116 368.622
223.0995 365.463
222.6026 362.257
222.0614 359.007
221.6154 355.681
220.9918 352.319
220.3389 348.997
219.6844 345.766
219.0516 342.645
218.4604 339.828
217.9107 336.993
217.4111 334.411
216.9448 331.845
216.2364 329.443
215.5894 327.154
214.9862 325.074
214.431 323.166
213.935 321.425
213.5055 319.913
213.1633 318.724
212.9859 317.797
213.017 317.201
213.0984 316.789
213.0962 316.652
213.2304 316.583
213.4598 316.856
213.7904 317.34
214.2079 318.09
214.697 319.003
215.273 320.208
215.9357 321.443
216.6314 322.994
217.4034 324.587
218.2055 326.509
219.0684 328.665
219.9324 330.828
220.6933 333.184
221.6031 335.572
222.5814 338.146
223.6177 340.775
224.7168 343.412
225.9113 345.917
227.1993 348.434
228.4492 351.163
229.8937 353.579
231.3928 355.928
232.511 358.344
233.7532 360.576
234.9827 362.554
236.261 364.429
237.4236 366.252
238.4987 367.967
239.5632 369.588
240.90535 370.794
242.47002 372.686
243.50784 374.463
244.16272 375.831
244.86816 376.698
245.47007 377.417
246.00801 378.255
246.70286 378.486
246.98963 378.677
247.44482 378.755
247.59509 378.944
247.68392 378.664
247.68972 378.504
247.6225 378.215
247.62512 377.791
247.6062 377.281
247.59854 376.657
247.78628 375.798
247.81643 375.092
248.20562 374.077
248.54463 373.115
248.93417 372.002
249.574566 370.829
250.283452 369.771
251.02799 368.557
251.99641 367.357
253.18068 366.134
254.58019 365.112
256.30672 364.283
258.17395 363.715
260.3958 363.119
262.707 362.618
265.0223 362.364
267.5815 362.291
270.289 362.414
273.1515 362.597
276.1607 363.007
279.2182 363.619
282.2779 364.379
285.3748 365.374
288.3478 366.456
291.1836 367.5
293.9631 368.796
296.3793 370.255
298.7017 371.802
300.6416 373.327
302.3602 374.941
303.8766 376.36
304.9793 377.895
305.928 379.552
306.4868 381.032
306.7137 382.76
306.5981 384.232
306.2365 385.786
305.5137 387.227
304.5035 388.581
303.2649 389.977
301.9553 391.114
300.2414 392.239
298.4118 393.179
296.5574 393.797
294.5075 394.155
292.1844 394.415
289.8943 394.293
287.4454 394.332
284.9912 393.806
282.549 393.045
280.2787 391.858
278.0332 390.588
275.8893 389.262
273.8903 387.748
271.9426 385.995
270.0916 384.515
268.4343 382.531
266.7572 380.608
265.1982 378.513
263.8473 375.936
262.4509 373.505
261.1352 370.92
260.2332 368.063
259.06094 365.294
257.9841 362.483
257.03347 359.588
256.51652 356.66
255.84647 353.746
255.22163 350.687
254.62969 347.492
254.13345 344.354
253.84739 341.295
253.69839 338.349
253.79807 335.373
254.17438 332.548
254.7406 329.983
255.56129 327.464
256.50855 324.937
257.58759 322.415
258.78697 319.99
260.0717 317.597
261.4271 315.2
262.8979 313.083
264.4434 311.133
266.0555 309.406
267.7478 307.992
269.5174 306.881
271.3205 305.998
273.2065 305.591
275.1045 305.438
277.0453 305.696
279.0224 306.447
280.9737 307.533
282.942 309.059
284.8989 310.969
286.8332 313.205
288.7109 315.771
290.484 318.661
292.2679 321.835
293.991 325.166
295.6371 328.778
297.2169 332.558
298.6648 336.41
299.9687 340.251
301.2404 344.267
302.4197 348.353
303.5313 352.398
304.578 356.218
305.4965 360.012
306.8317 365.884
307.5802 370.283
308.2189 373.856
308.66 376.922
308.9339 379.337
309.1862 381.469
309.3344 383.164
309.4431 384.425
309.5325 385.603
309.5241 386.341
309.4293 386.751
309.2864 386.792
309.09 386.615
308.8137 386.089
308.4414 385.076
308.0369 383.692
307.5965 382.193
307.1437 380.386
306.8155 378.354
306.2623 375.943
305.8502 373.394
305.4436 370.59
305.1217 367.532
304.7915 364.244
304.5007 361.046
304.2727 357.521
304.2563 354.017
304.3025 350.485
304.3981 346.878
304.5777 343.283
304.8027 339.614
305.1233 336.048
305.4881 332.35
305.9879 328.804
306.6073 325.367
307.3111 321.817
308.2197 318.585
309.1905 315.508
310.225 312.663
311.3385 310.04
312.4964 307.659
313.7319 305.551
314.9846 303.583
316.2599 301.782
317.5985 300.364
319.028 299.402
320.5089 298.793
321.9903 298.386
323.5589 298.328
325.1535 298.547
326.8252 299.144
328.512 300.01
330.2479 301.314
331.9709 302.782
333.6741 304.601
335.3695 306.695
337.013 309.029
338.582 311.541
340.0858 314.241
341.4968 317.106
342.8953 320.341
344.1319 323.471
345.3258 326.778
346.3519 329.867
347.3785 333.108
348.3889 336.423
349.2818 339.607
350.212 342.869
351.104 346.134
351.87 349.236
352.52 352.229
353.199 355.391
353.726 358.252
354.123 360.924
354.564 363.794
354.838 366.421
355.18 369.159
355.311 371.302
355.454 373.682
355.569 375.869
355.662 378.012
355.721 380.032
355.737 381.869
355.718 383.503
355.67 384.993
355.567 386.197
355.396 387.123
355.207 387.792
355.09 388.476
354.813 388.588
354.501 388.429
354.166 388.309
353.791 387.781
353.365 387.031
352.915 386.002
352.553 384.964
352.147 383.54
351.661 381.58
351.324 379.543
350.965 377.213
350.568 374.322
350.276 371.409
350.154 368.599
350.035 365.477
350.019 362.477
349.9887 359.261
350.078 356.139
350.158 352.712
350.354 349.381
350.602 346.02
350.872 342.44
351.308 339.042
351.787 335.684
352.365 332.413
352.988 329.205
353.655 325.896
354.439 322.939
355.168 319.628
356.09 316.657
357.055 313.659
358.201 311.025
359.386 308.384
360.695 305.928
362.06 303.637
363.609 301.801
366.485 299.048
368.808 296.842
370.965 295.364
373.02 294.537
374.974 293.712
376.912 293.254
378.857 293.106
380.706 293.037
382.666 293.421
384.568 294.042
386.409 295.011
388.156 296.175
389.791 297.351
391.454 298.844
392.955 300.475
394.506 302.459
395.911 304.522
397.217 306.469
398.618 308.885
400.068 311.469
401.37 314.174
402.572 316.936
403.874 320.046
404.935 323.147
405.835 326.157
406.644 329.509
407.327 332.937
407.61 335.957
407.901 339.344
408.102 342.918
408.026 346.401
407.961 350.18
407.647 353.673
407.456 357.76
406.965 361.512
406.215 365.241
405.26 368.754
404.227 372.407
402.994 376.145
401.591 379.742
399.84 383.08
398.047 386.57
396.073 389.917
394.133 393.562
391.946 396.757
389.55 399.531
387.239 402.565
384.954 405.352
382.382 407.366
380.076 409.724
377.757 411.655
375.599 413.577
373.406 415.03
371.322 416.175
369.518 417.689
367.658 418.417
365.881 418.973
364.481 420.007
363.027 420.302
361.828 420.69
360.753 420.876
359.857 420.96
359.102 420.847
358.575 420.707
358.196 420.771
357.901 420.556
357.736 420.327
357.666 420.006
357.662 419.342
357.771 419.071
357.933 418.667
358.15 417.954
358.408 417.393
358.711 416.956
359.036 416.394
359.379 415.815
359.815 415.399
360.058 414.482
360.501 413.998
360.954 413.543
361.406 413.127
361.853 412.678
362.334 412.232
362.784 411.812
363.296 411.498
363.834 411.421
364.232 410.942
364.715 410.859
365.147 410.649
365.629 410.723
365.938 410.374
366.321 410.282
366.782 410.461
367.115 410.36
367.196 409.751
367.593 410.052
367.819 409.837
368.128 409.958
368.367 409.908
368.504 409.636
368.852 409.817
368.998 409.704
369.081 409.389
369.307 409.474
369.524 409.409
369.61 409.144
369.829 409.255
369.886 409.012
370.035 408.851
370.132 408.785
370.248 408.686
370.411 408.734
370.468 408.506
370.565 408.409
370.669 408.293
370.751 408.173
370.809 407.975
370.945 408.013
370.996 407.894
371.143 408.051
371.148 407.894
371.097 407.702
371.047 407.521
371.024 407.344
370.95 407.225
370.749 406.777
370.673 406.487
370.705 406.59
370.618 406.342
370.509 406.032
370.575 406.073