212.0236 422.449
211.8386 422.764
211.7374 423.012
211.7815 422.916
211.6824 423.394
211.8051 423.023
211.8052 423.312
212.1787 423.046
212.0691 423.291
211.9044 423.79
212.3043 423.736
212.3522 423.642
212.3259 423.99
212.663 423.796
212.5033 423.936
212.5893 423.917
212.5868 423.992
212.5637 424.16
212.5583 424.302
212.6233 424.58
212.9936 424.297
212.9274 424.379
212.6127 424.547
212.5788 424.475
212.5757 424.399
212.5963 424.44
212.6218 424.381
212.35 424.451
212.325 424.311
212.4299 423.784
212.34 423.834
212.3383 423.583
212.5615 423.107
212.7195 422.58
212.4148 422.066
212.204 421.551
212.0449 420.806
211.8008 420.09
211.919 418.835
212.0781 417.63
211.3787 416.73
210.9765 415.412
210.3866 413.971
209.7456 412.513
209.2557 410.6
208.9587 408.573
208.4264 406.174
207.8854 403.745
207.1507 401.064
206.4076 398.528
205.4945 395.724
204.695 392.806
203.8291 389.766
203.2323 386.855
202.5954 383.708
201.969 380.72
201.312 377.894
200.4849 375.195
199.7301 372.523
198.9966 369.917
198.1826 367.383
197.6879 364.904
197.1349 362.853
196.8071 360.725
196.403 359.031
195.9171 357.298
195.6788 356.093
195.333 354.928
195.1182 354.236
194.9308 353.519
194.9795 352.925
194.9864 352.704
194.9479 352.665
195.2044 353.008
195.347 353.408
195.7008 354.232
196.1584 355.088
196.5327 356.332
196.8881 357.841
197.4009 359.37
197.971 361.146
198.4547 363.031
199.2984 364.877
199.9943 366.826
200.7429 368.991
201.5771 371.067
202.3911 373.392
203.3186 375.606
204.327 378.061
205.0994 380.358
205.9739 382.935
207.0372 385.605
208.3985 387.764
209.6461 390.033
211.0113 392.462
212.3222 394.898
213.7579 397.033
215.2586 399.434
216.6269 401.843
217.9496 404.002
219.5924 405.701
221.3245 407.42
222.4814 409.377
223.8341 411.028
225.1333 412.574
226.5595 413.883
227.9472 415.191
229.2084 416.418
230.9525 416.862
232.4044 417.152
233.7837 417.011
234.7592 417.217
235.6183 417.11
236.4016 416.884
237.151 416.2
237.7019 415.512
238.2271 414.826
238.7374 413.549
239.3857 412.044
240.15386 410.099
240.399 408.509
240.67103 406.877
240.7824 405.061
240.76975 403.391
240.94545 401.45
240.97038 399.338
240.98026 395.449
241.00117 392.248
240.9954 389.309
240.82034 386.609
240.69618 383.853
240.70128 381.358
240.63366 378.811
240.34154 376.476
240.21279 374.212
240.05124 371.885
239.6659 369.877
239.3994 367.705
239.0712 365.724
238.761 363.641
238.464 361.613
238.2126 359.756
238.0589 358.062
237.8805 356.434
237.9836 355.103
237.9364 353.797
237.8896 352.756
237.7925 351.75
237.785 350.75
237.8347 349.882
237.8476 349.134
237.9213 348.429
238.0958 347.956
238.415 347.493
238.6298 347.123
239.1527 346.692
239.4767 346.423
240.28685 346.174
241.01589 346.063
241.53875 346.048
242.25046 345.928
242.96928 346.044
243.94325 346.16
244.9309 346.293
246.04164 346.472
247.46397 346.661
248.92935 346.878
250.513655 347.219
252.14819 347.523
253.89471 347.912
255.98399 348.184
258.18434 348.608
260.4022 349.005
262.7112 349.616
265.079 350.111
267.5346 350.917
270.1146 351.759
272.788 352.686
275.4318 353.689
278.1501 354.832
281.0053 356.153
283.8187 357.584
286.5238 359.134
289.152 360.719
291.6803 362.436
294.0154 364.128
296.1659 366.001
298.2471 367.955
299.9644 369.717
301.5655 371.705
302.9224 373.389
304.1867 375.305
305.0649 377.372
305.7144 379.445
306.199 381.446
306.5064 383.449
306.622 385.39
306.5247 387.405
306.3201 389.285
305.9348 391.103
305.3087 392.83
304.4021 394.413
303.3567 396.232
302.1359 397.586
300.7792 399.03
299.2593 400.122
297.7096 401.11
296.1044 401.647
294.4815 402.105
292.8452 402.444
291.1672 402.663
289.5183 402.513
287.9096 402.358
286.3657 401.917
284.8184 401.168
283.4737 400.275
282.1492 399.3
281.071 398.224
280.0421 396.943
279.1837 395.497
278.4155 394.103
277.7445 392.451
277.2837 390.723
276.9203 389.036
276.6266 386.996
276.4407 384.831
276.3243 382.62
276.2178 380.298
276.2518 377.946
276.4007 375.364
276.6811 372.721
276.863 370.095
277.1836 367.187
277.4279 364.276
277.7844 361.298
278.0976 358.273
278.5485 355.336
279.1462 352.404
279.8828 349.438
280.8468 346.781
281.9389 344.268
283.1404 341.881
284.578 339.846
286.0104 337.682
287.6401 336.028
289.3702 334.535
291.1449 333.192
293.0293 332.207
294.9469 331.377
296.993 330.81
299.0692 330.509
303.0286 331.278
306.3755 332.236
309.3069 333.398
311.9964 334.815
314.4872 336.465
316.8202 338.235
319.0484 340.196
321.153 342.301
323.2088 344.63
325.24 347.222
327.11 349.759
328.9883 352.69
330.6058 355.286
332.2113 358.293
333.7288 361.533
335.0145 364.313
336.3451 367.594
337.501 370.695
338.59 373.841
339.5737 376.997
340.4227 379.945
341.1957 383.073
341.8294 386.018
342.3317 389.019
342.6596 391.809
342.8929 394.643
342.9325 397.194
342.8762 399.677
342.5764 401.459
342.3429 403.66
342.0027 405.347
341.7188 407.062
341.4051 408.231
341.004 409.331
340.6344 410.131
340.2336 410.708
339.7044 410.977
339.1102 410.846
338.4751 410.524
337.8072 409.849
337.1186 408.958
336.479 407.738
335.9058 406.422
335.3674 404.729
334.9388 402.962
334.5504 400.855
334.3309 398.703
334.044 395.804
333.8743 393.028
333.7027 389.979
333.6395 387.079
333.5751 383.982
333.4972 380.595
333.4733 377.228
333.4452 373.589
333.5063 370.084
333.6543 366.567
333.7983 362.942
334.0458 359.441
334.3105 355.918
334.5431 352.142
334.8328 348.53
335.1615 344.871
335.5052 341.227
335.9409 337.702
336.4445 334.215
337.0966 331.169
337.8268 328.209
338.619 325.399
339.5036 322.735
340.4722 320.483
341.5529 318.463
342.6789 316.621
343.8477 315.018
345.1646 313.976
346.469 312.956
347.9316 312.534
349.5311 312.606
351.185 313.06
352.819 313.778
354.505 314.9
356.209 316.357
357.738 317.844
359.4 319.967
360.976 322.302
362.452 324.824
363.869 327.522
365.288 330.584
366.577 333.587
367.787 336.808
368.895 340.057
369.953 343.258
370.943 346.43
371.925 349.634
372.857 352.838
373.727 356.016
374.426 358.883
375.102 361.771
375.805 364.64
376.325 367.195
376.789 369.754
377.196 371.952
377.516 373.903
377.837 375.929
378.196 377.679
378.463 379.06
378.729 380.349
378.892 381.299
379.112 382.21
379.392 383.113
379.483 383.581
379.441 383.602
379.432 383.507
379.328 383.063
379.051 382.172
378.791 381.13
378.437 379.627
377.995 377.813
377.789 376.285
377.469 374.047
377.162 371.595
376.898 369.093
376.673 366.505
376.413 363.546
376.219 360.537
376.039 354.646
376.042 349.59
376.119 345.153
376.288 341.12
376.465 337.224
376.77 333.63
377.178 330.162
377.618 326.773
378.126 323.505
378.83 320.54
379.79 317.935
380.61 315.059
381.594 312.513
382.722 310.24
383.999 308.095
385.367 306.18
386.774 304.321
388.461 302.99
390.091 301.734
391.949 300.751
393.872 300.174
395.81 299.895
397.885 299.953
399.785 300.002
401.758 300.212
403.68 300.542
405.673 301.164
407.732 302.001
409.667 303.029
411.787 304.547
413.557 305.873
415.398 307.545
417.368 309.582
419.053 311.55
420.74 313.716
422.273 315.896
424.016 318.412
425.415 320.476
427.038 323.255
428.451 325.942
429.863 328.864
431.081 331.857
432.06 334.444
432.954 337.519
433.906 340.736
434.463 343.942
435.014 347.3
435.187 350.81
435.267 354.205
435.309 357.864
435.103 361.439
434.729 364.921
433.929 368.279
433.303 371.917
432.549 375.568
431.448 379.222
429.982 382.435
428.574 386.338
426.818 389.629
425.054 393.231
423.119 396.919
420.995 400.347
418.675 403.409
416.117 406.283
413.369 408.478
411.171 411.592
408.765 414.294
406.573 417.043
404.41 419.339
402.067 421.075
399.87 422.627
397.828 424.047
396.013 425.47
394.287 426.629
392.682 427.711
391.222 428.694
389.724 429.148
388.648 429.984
387.371 430.003
386.362 430.251
385.484 430.256
384.937 430.737
384.396 430.808
383.918 430.607
383.475 430.296
383.321 430.408
383.114 430.129
382.992 429.839
382.953 429.729
382.762 429.036
382.879 428.966
382.808 428.424
382.778 427.838
382.863 427.561
383.016 427.357
383.183 427.141
383.196 426.578
383.477 426.502
383.604 426.134
383.868 426.001
384.028 425.692
384.184 425.287
384.568 425.514
384.646 425.042
384.789 424.782
384.893 424.421
385.207 424.693
385.274 424.498
385.227 423.945
385.252 423.659
385.3 423.5
385.335 423.381
385.281 423.032
385.235 422.769
385.164 422.366
385.106 422.178
384.945 421.753