246.26516 391.388
246.18354 391.541
246.17563 391.442
246.21881 391.538
246.13653 391.658
245.97437 392.013
245.98232 392.005
245.96758 392.057
245.91784 392.135
245.91409 392.15
245.87335 392.213
245.88783 392.231
245.81653 392.471
245.805 392.559
245.76694 392.559
245.81006 392.58
245.78069 392.897
245.69379 392.955
245.55462 392.963
245.32529 393.473
245.12983 393.697
245.01144 393.562
244.83557 393.686
244.71071 393.722
244.58285 393.852
244.4606 393.804
244.35999 393.748
244.47304 393.622
244.12445 393.947
243.89244 394.067
243.5509 394.508
243.23752 394.536
243.03739 394.608
242.75668 394.928
242.43583 394.879
242.18232 394.799
241.96367 394.828
241.52744 394.876
241.28402 394.596
240.84618 394.722
240.44009 394.527
239.7861 394.368
239.0729 394.269
238.7353 393.35
237.8053 392.866
236.8646 392.236
235.7622 391.736
234.5351 391.006
233.2768 390.037
232.0988 388.672
230.7089 387.268
229.5477 385.249
227.7358 383.637
226.2009 381.699
224.6968 379.569
222.8096 377.591
221.2682 375.545
219.8407 373.291
218.5013 371.149
217.0309 369.042
215.6879 367.053
214.3953 364.891
213.2454 362.749
212.2451 360.514
211.4292 358.181
210.8969 356.133
210.2974 354.019
210.1355 351.813
209.9175 349.813
209.6549 348.101
209.6317 346.782
209.6866 345.509
209.6671 344.486
209.7821 343.516
210.0477 342.773
210.5001 342.348
211.0677 341.894
211.6606 341.643
212.1466 341.481
213.3542 341.122
214.4697 340.981
215.0926 341.116
216.1698 341.238
217.1238 341.46
218.2648 341.645
219.7413 341.921
221.1223 342.15
222.349 342.554
223.6067 342.844
224.9202 343.162
226.7676 343.516
227.9935 343.866
229.455 344.192
230.8401 344.525
232.3225 344.629
233.8807 345.096
235.4941 345.413
237.1742 345.936
238.9825 346.452
240.56599 347.182
242.19884 347.922
243.77174 348.909
245.28366 350.181
246.70925 351.381
248.04476 352.609
249.197474 354.073
250.355715 355.592
251.23871 357.245
252.11802 358.71
252.69131 360.348
253.13645 362.048
253.45374 363.548
253.65564 365.08
253.78251 366.678
253.74007 368.089
253.52353 369.641
253.18702 371.264
252.90906 372.599
252.37567 374.055
251.91577 375.255
251.25308 376.394
250.60755 377.489
249.825161 378.47
249.184916 379.34
248.36493 380.322
247.6288 381.277
246.94947 382.149
246.34776 383.051
245.84292 383.726
245.21042 384.06
244.81265 384.67
244.27481 385.313
243.96482 385.676
243.64529 386.063
243.36966 386.286
243.17873 386.499
243.3268 386.472
242.95908 386.997
242.80282 387.12
242.87153 387.18
242.84389 387.067
243.0356 386.881
243.15628 386.948
243.87547 386.743
244.61963 386.465
245.27804 386.475
245.98303 386.255
246.74219 386.224
247.69284 386.102
248.52301 386.403
249.635778 386.602
250.741667 386.81
251.92463 387.086
253.20382 387.529
254.66536 387.741
256.05252 388.03
257.41939 388.478
258.8376 388.896
260.3051 389.235
261.7779 389.563
263.2 389.796
264.4607 389.844
265.6901 389.691
266.8474 389.517
267.9635 389.245
268.9535 388.931
269.7986 388.355
270.6222 387.76
271.3001 386.906
271.7669 385.874
272.0944 384.753
272.2413 383.685
272.1164 382.263
272.0028 380.627
271.8152 378.954
271.5328 377.246
271.0858 375.379
270.4856 373.372
269.8785 371.309
269.1386 369.308
268.4621 367.323
267.6894 365.18
266.9181 363.11
266.2501 361.357
265.5659 359.271
264.8557 357.227
264.1294 355.422
263.4229 353.641
262.6951 351.936
262.0687 350.234
261.6391 348.79
261.1195 347.59
260.7152 346.524
260.4312 345.603
260.244 345.061
260.2479 344.504
260.6345 344.293
260.635 344.207
260.8378 344.335
261.196 344.512
261.8439 344.972
262.5856 345.619
263.1458 346.278
263.8334 347.037
264.4212 348.063
265.0296 349.099
265.8623 350.325
266.6738 351.603
267.5407 352.937
268.4341 354.413
269.362 355.965
270.3429 357.432
271.6661 358.615
272.6736 360.084
273.7765 361.47
274.9431 363.063
276.2582 364.34
277.3832 365.782
278.4443 367.154
279.5912 368.441
280.6872 369.666
281.7005 370.721
282.7653 371.803
283.7929 372.81
284.8078 373.749
285.8875 374.552
286.9459 375.114
288.0731 375.896
289.1622 376.256
290.4768 376.663
291.4483 377.006
292.5352 377.544
293.878 377.497
295.0351 377.61
296.156 377.669
297.3114 377.631
298.3736 377.215
299.3929 376.926
300.3466 376.633
301.1783 375.931
301.8778 375.262
302.5451 374.5
303.0746 373.572
303.5564 372.42
304.1114 371.359
304.3922 370.332
304.753 369.144
304.888 367.854
305.0279 366.682
305.1603 365.112
305.3987 363.677
305.3729 362.376
305.5383 360.802
305.4431 359.309
305.5157 357.756
305.3232 356.037
305.1021 354.417
304.9457 352.866
304.7381 351.216
304.5968 349.631
304.3815 347.997
304.1434 346.364
303.9479 344.787
303.7893 343.22
303.6437 341.69
303.4892 340.024
303.2553 338.489
303.0156 337.1
302.7326 334.816
302.5809 332.993
302.5643 331.551
302.5692 330.367
302.6691 329.368
302.9081 328.696
303.2236 328.089
303.6095 327.761
304.043 327.586
304.4966 327.547
305.0431 327.649
305.6924 328.061
306.3692 328.632
307.1015 329.392
307.8298 330.219
308.5563 331.341
309.1974 332.396
309.7789 333.477
310.2929 334.541
310.7578 335.723
311.169 336.935
311.5185 338.133
311.772 339.272
312.0452 340.32
312.2912 341.42
312.5208 342.534
312.7024 343.514
312.8705 344.442
312.9377 345.34
312.9887 346.331
312.9428 347.157
312.9311 347.715
312.782 348.428
312.584 348.836
312.5219 349.317
312.3746 349.668
311.9947 349.904
311.6715 350.163
311.3672 350.352
310.9881 350.335
310.6373 350.277
310.2625 350.206
309.9181 350.19
309.4847 349.919
309.1246 349.675
308.6856 349.44
308.324 349.18
307.9251 348.741
307.5001 348.415