196.4919 418.821
196.5883 418.746
196.6836 418.928
196.7442 418.985
196.8649 419.228
197.0539 419.192
197.1937 419.276
197.2516 419.361
197.235 419.449
197.4202 419.354
197.5021 419.36
197.6663 419.343
197.518 419.678
197.6277 419.613
197.7365 419.425
197.7986 419.395
197.8849 419.302
197.8436 419.445
197.9059 419.297
197.9212 419.201
198.0352 419.283
198.0849 419.343
198.0229 419.401
197.9498 419.585
198.2021 419.429
198.1042 419.429
198.3155 419.173
198.1192 419.513
198.0059 419.325
197.9384 419.384
197.9264 419.416
197.9271 419.384
197.8888 419.45
197.8715 419.43
197.8817 419.418
197.9157 419.441
198.1006 419.309
198.1838 419.342
197.9546 419.729
198.0746 419.764
198.2937 419.614
198.4849 419.482
198.5142 419.664
198.5134 419.718
198.7638 419.516
198.8088 419.567
198.7616 419.747
198.7536 419.798
198.7308 419.933
198.5014 420.343
198.4449 420.527
198.4377 420.327
198.2686 420.569
197.9633 420.953
197.7089 421.325
197.4736 421.449
197.2668 421.555
196.9539 421.512
196.5994 421.836
196.3547 421.836
196.1528 421.661
195.7191 422.135
195.2735 422.319
194.8554 422.753
194.4767 423.01
194.0101 423.386
193.5181 423.754
193.1205 424.147
192.4899 424.317
192.0285 424.441
190.5753 424.495
188.992 424.118
187.2825 423.708
185.673 423.004
184.1866 422.239
182.5269 421.357
180.5961 420.793
179.0527 419.476
177.112 418.401
175.4246 416.875
173.4862 415.631
171.8725 413.682
170.377 411.205
168.375 409.69
167.5038 407.053
165.9165 405.029
164.0318 402.183
163.2058 399.365
161.8667 396.028
161.8325 392.878
161.2016 390.589
161.0236 388.281
161.1892 386.516
161.6215 384.823
162.3799 383.354
162.9879 382.096
163.8712 380.994
164.7605 380.169
165.7621 379.321
166.6916 378.665
168.2146 377.751
169.6166 377.254
171.0279 376.622
172.5286 376.279
173.8483 376.169
175.3903 376.104
176.8853 376.12
178.3351 376.289
180.2416 376.224
181.964 376.725
183.7817 376.901
185.3188 377.622
187.0258 378.128
188.7509 378.793
190.5566 379.635
191.9724 380.655
193.5549 381.808
195.1648 382.75
197.1839 383.297
198.2387 384.946
199.6036 386.256
200.7455 387.693
201.9297 389.172
203.2659 390.456
204.5682 391.573
205.2398 393.438
206.004 394.818
206.4596 396.407
207.4524 397.241
207.6934 398.829
208.4863 400.017
208.6536 401.563
208.7273 403.207
208.8963 404.651
209.6177 405.312
210.1681 406.194
210.0535 407.515
210.2881 408.524
210.7976 409.066
210.5377 410.457
210.9099 410.643
210.5138 412.059
210.9164 411.928
210.8635 412.309
210.9758 412.415
210.8366 412.726
210.3413 413.497
210.1772 413.601
209.7514 414.068
209.5489 413.774
209.293 414.049
209.1157 413.922
208.9812 413.778
208.8293 413.722
208.7097 413.363
208.5988 413.251
208.6361 412.794
208.4574 412.389
208.6844 411.941
209.0118 410.823
208.4972 411.093
208.2358 411.009
208.5301 410.097
208.8303 409.226
208.4946 409.505
208.5715 409.365
208.4385 409.422
208.6399 409.179
208.566 409.369
208.4532 409.22
208.4959 409.407
208.6249 409.204
208.8732 409.042
209.3425 408.551
209.057 409.079
209.1956 408.897
209.1282 409.008
208.7006 409.659
208.9528 409.504
208.4842 410.029
208.444 410.108
208.0929 410.587
207.8811 411.021
207.5924 411.521
207.4661 411.694
207.6251 411.446
207.3957 411.938
207.0852 412.427
206.8095 413.326
206.7657 413.718
207.0605 413.409
207.2523 413.905
207.9079 413.833
207.9221 414.65
208.011 415.083
208.3622 415.328
208.7092 415.331
208.9819 415.451
209.3993 415.25
209.3927 415.88
209.752 415.852
209.8867 416.373
210.4501 416.015
210.5277 416.432
210.6846 416.75
211.0201 416.657
211.6079 416.559
212.0846 416.373
212.5555 416.253
212.7949 416.543
213.2184 416.298
213.5721 416.515
213.8513 416.769
214.3052 416.423
214.6299 416.45
215.5822 415.488
215.8098 415.257
215.9886 415.125
216.2092 414.732
216.5168 414.176
216.6843 413.672
216.8194 413.08
216.9315 412.562
217.0032 411.846
217.0599 410.806
217.6635 408.896
217.6435 407.488
217.3025 406.461
217.2011 405.026
217.4518 402.996
217.0481 401.634
216.6411 400.142
216.1759 398.721
215.7237 397.102
215.3865 395.46
215.0564 393.711
214.8317 391.772
214.5195 390.099
214.1954 388.56
214.2622 386.695
214.0594 385.195
214.0085 383.455
213.7953 382.284
214.082 380.729
214.4636 379.37
214.717 378.228
215.1894 377.322
215.7465 376.398
216.2442 375.72
216.9169 375.235
217.5664 374.701
218.2848 374.615
219.1376 374.405
219.9734 374.283
220.9333 374.42
222.0005 374.494
223.1367 374.791
224.3938 375.138
225.5441 375.691
226.711 376.339
228.0691 376.935
229.3276 377.71
230.7318 378.425
231.9575 379.192
233.0643 380.174
234.3445 380.938
235.6245 381.801
237.0171 382.617
238.2945 383.673
239.5407 384.752
240.96349 385.8
242.29488 386.77
243.79427 387.871
245.21884 388.941
246.7312 390.05
248.20234 391.437
249.630254 392.949
250.856642 394.708
252.25348 395.916
253.43012 397.434
254.51261 398.618
255.37634 400.389
256.14381 402.122
257.21369 403.084
257.62348 404.885
258.00394 406.56
258.39666 408.039
258.70798 409.055
258.91104 410.288
259.0227 411.413
258.96913 412.359
258.74773 413.24
258.47942 413.748
258.17872 414.484
257.74888 414.969
257.36403 415.177
256.87762 415.302
256.40799 415.317
255.9865 415.135
255.45699 415.241
254.98313 414.723
254.47386 414.511
253.99227 413.749
253.53266 413.032
252.95308 412.344
252.42051 411.441
251.87328 410.464
251.75921 408.731
251.131 407.831
250.578398 406.706
250.182959 405.321
250.0774972 403.441
249.47311 402.418
249.13292 400.966
248.75839 399.54
248.38777 397.843
247.62852 395.266
247.00057 393.103
246.60299 390.922
246.19609 389.104
246.10217 387.377
245.89628 385.919
246.07958 384.182
246.18531 382.654
246.4279 381.232
246.73066 379.821
247.17542 378.682
247.62153 377.538
248.19422 376.637
248.96193 375.982
249.608396 375.386
250.418811 374.782
251.2297 374.565
252.11418 374.276
253.19587 373.987
254.15228 373.982
255.23317 373.916
256.18735 374.173
257.13617 374.711
258.07592 375.118
259.08214 375.693
260.0579 376.362
261.0087 377.207
262.0089 378.148
263.2045 378.948
264.0463 380.377
264.9838 381.638
265.8862 382.957
266.7948 384.451
267.7537 385.609
268.8623 386.811
269.6703 388.37
270.5169 389.781
271.3457 391.386
272.1775 392.702
273.0423 394.145
273.801 395.629
274.6461 396.94
275.3098 398.285
276.0668 399.344
276.725 400.894
277.3439 402.283
278.0367 403.266
278.5033 405.039
279.2115 405.829
280.0104 406.685
280.4747 407.866
280.9467 409.185
281.1601 410.402
281.5206 411.282
281.7835 412.081
281.8076 413.505
281.807 414.615
282.0197 415.206
282.0828 415.646
282.2482 416.403
282.1876 417.158
281.9447 418.169
281.6951 418.647
281.442 419.324
281.1851 419.837
280.9264 420.379
280.6155 420.104
280.3349 420.051
280.1947 419.859
279.8358 419.975
279.5396 419.603
279.4638 418.885
279.1391 418.567
278.9324 417.714
278.7493 416.998
278.6878 415.448
278.7544 413.524
278.7027 411.658
278.2853 410.487
278.1385 408.846
277.9623 406.97
277.7811 405.505
277.6369 403.668
277.4495 401.976
277.2184 399.8
277.0437 398.088
276.8689 395.873
276.6601 393.876
276.4713 391.526
276.1806 389.315
275.8055 386.983
275.6994 384.61
275.4169 382.295
275.148 380.172
274.7616 378.224
274.4903 376.456
274.3428 374.764
274.1623 373.43
274.0412 372.091
273.9882 371.074
273.8461 370.02
273.8454 369.188
273.8919 368.578
273.9358 368.078
273.9815 368.017
274.1063 368.277
274.1965 368.559
274.431 369.339
274.7235 370.448
275.0684 371.729
275.4513 372.999
275.8099 374.375
276.1854 375.844
276.627 377.387
277.0857 378.915
277.5565 380.543
278.105 382.248
278.7788 383.764
279.4262 385.532
280.2464 387.252
281.2879 388.671
282.0939 390.189
283.0488 392.169
284.1308 393.661
285.2863 395.247
287.7868 397.319
289.9394 399.187
291.8469 400.659
293.7245 401.896
295.611 403.132
297.4314 403.989
299.2752 404.379
301.2112 404.858
303.2143 405.207
305.2421 405.233
307.3526 405.567
309.3426 405.734
311.3277 405.83
313.3333 405.5
315.0731 405.401
316.8353 404.998
318.4014 404.862
319.7865 404.615
320.9797 404.105
322.1197 403.553
323.0653 402.503
323.9265 402.261
324.5901 401.504
325.1172 400.846
325.4845 400.256
325.7255 399.794
325.8563 399.294
325.995 398.684
325.8481 398.146
325.5782 397.902
325.2865 398.183
324.9065 397.895
324.5841 398.128
324.1365 398.321
323.6987 398.523
323.3108 399.023
322.7984 399.22
322.3343 399.836
321.8866 400.585
321.3116 401.188
320.72 401.771
320.1143 402.272
319.5475 402.606
318.8996 403.336
318.2317 403.823
317.48 404.694
316.9389 404.674
316.2648 405.446
315.5239 406.04
314.922 406.602
314.2168 407.352
313.5445 407.657
312.8124 408.053
312.2817 407.772
311.5915 408.15
310.7773 408.333
310.1659 408.157
309.3995 407.924
308.6456 407.758
307.9773 407.805
307.307 407.632
306.8363 406.973
306.0662 406.714
305.4805 406.715
304.8975 406.752
304.3271 406.723
303.9137 406.2
303.4271 406.273
302.9496 406.212
302.6969 405.734
302.2353 405.957
301.8324 405.934
301.7006 405.106
301.2884 405.189
301.004 405.454
300.6388 405.344
300.3456 405.067
300.0581 405.098
299.7886 404.709
299.4932 404.593
299.4759 404.118
299.2373 403.923
298.9936 403.737
298.7397 403.794
298.4963 403.894
298.4051 403.475
298.2453 403.301
298.0802 402.974