296.3225 383.334
296.0888 383.1
295.8676 382.867
295.6533 382.988
295.3704 382.612
295.0768 382.579
294.8485 382.68
294.4506 382.553
294.1951 382.407
293.8316 382.446
293.5472 382.745
293.2118 382.689
292.8228 382.854
292.4303 383.184
292.0043 383.366
291.4892 383.62
291.0156 383.93
290.5087 384.144
289.9513 384.462
289.3737 384.671
288.7683 384.871
288.3048 385.177
287.6212 385.397
287.0006 385.959
286.3834 386.324
285.7541 386.701
285.1138 387.071
284.6006 387.549
284.0333 387.973
283.6131 388.452
283.0914 389.068
282.615 389.686
282.2395 390.244
281.991 390.973
281.6621 391.807
281.3099 392.543
281.0638 393.278
280.7816 394.224
280.5054 395.253
280.2394 396.162
279.9304 397.146
279.5897 398.41
279.2628 399.206
278.904 400.32
278.4762 401.58
277.9892 402.324
277.4243 403.167
276.8575 403.989
276.2305 404.824
275.5414 405.384
274.7175 406.01
273.8582 406.693
272.8919 407.418
271.9547 407.8
270.9025 408.274
269.8853 408.543
268.8768 408.955
267.8636 409.745
266.8521 409.956
265.7841 410.242
264.7586 410.65
263.742 410.964
262.7262 411.351
261.784 411.338
260.7747 411.44
259.80142 411.355
258.85395 411.203
257.92774 411.204
257.07099 411.169
256.26024 410.934
255.6408 410.441
254.8683 410.01
254.13698 409.638
253.33346 409.181
252.57533 408.653
251.87072 408.122
251.30002 407.255
250.526096 406.502
250.149031 405.361
249.524647 404.85
248.94015 404.09
248.39368 403.502
247.89706 402.858
247.57853 402.03
247.24032 401.118
247.00181 400.532
246.77057 399.962
246.5875 399.361
246.44121 398.745
246.35566 398.304
246.31515 398.03
246.27117 397.702
246.30816 397.217
246.5172 396.95
246.66417 396.781
246.72733 396.894
246.88386 396.953
246.88422 396.964
246.81997 397.242
246.78036 397.27
246.62358 397.435
246.34691 397.614
245.89306 397.918
245.42641 398.251
244.81804 398.486
244.06603 398.866
243.24185 399.073
242.30303 399.327
241.13256 399.342
239.8228 399.449
238.2995 399.368
236.7049 398.869
234.8792 398.551
232.8422 398.05
230.8951 397.285
228.7754 396.255
226.8184 395.148
224.7518 394.014
222.614 392.855
220.7308 391.322
218.8804 389.739
217.0585 388.136
215.279 386.654
213.6873 385.073
212.3125 383.5
211.0533 382.002
210.0038 380.522
209.2657 378.921
208.6714 377.323
208.0298 376.105
207.5708 374.618
207.196 373.286
206.8998 371.889
206.7416 370.437
206.6071 369.207
206.6876 367.784
206.9286 366.47
207.1367 365.179
207.4335 363.939
207.6215 362.894
208.0443 361.711
208.4527 360.413
208.7445 359.37
209.3825 357.854
209.9121 356.714
210.5051 355.427
210.9346 354.428
211.6211 353.262
212.1903 352.13
212.8826 351.043
213.5736 349.884
214.2992 348.853
215.0175 348.056
215.7564 347.052
216.5275 346.203
217.3248 345.4
218.2376 344.629
219.0583 343.723
219.8914 343.035
220.6337 342.357
221.3821 341.678
222.1328 341.077
222.9566 340.391
223.7278 339.78
224.5575 339.278
225.3539 338.709
226.0941 338.204
226.8418 337.711
227.5702 337.244
228.3406 336.846
229.0474 336.481
229.7728 336.089
230.5546 335.843
231.2871 335.645
231.9265 335.515
232.6376 335.308
233.3359 335.105
233.9767 335.125
234.796 335.053
235.4984 335.086
236.2127 335.168
236.8953 335.304
237.6099 335.463
238.2298 335.586
238.9385 335.886
239.5402 336.156
240.21049 336.351
240.95098 336.558
241.64198 336.87
242.39889 337.179
243.18095 337.483
244.0429 337.738
244.8664 337.963
245.71168 338.256
246.59207 338.42
247.46918 338.685
248.4055 338.804
249.358587 338.986
250.352307 339.015
251.41507 339.152
252.45999 339.248
253.53077 339.06
254.61971 338.89
255.78755 338.46
256.865 337.875
257.95925 337.143
259.05977 336.224
260.2487 335.289
261.38 334.165
262.4071 332.788
263.379 331.326
264.2887 329.938
265.091 328.607
265.7871 327.361
266.3568 326.041
266.8104 324.892
267.1562 323.685
267.3762 322.45
267.3033 320.202
267.161 318.33
266.8738 316.529
266.5652 315.062
266.1371 313.553
265.6381 312.168
265.0493 310.889
264.3982 309.614
263.6511 308.37
262.8358 307.233
262.002 306.154
261.0431 305.235
260.0233 304.119
258.9137 303.033
257.69242 301.931
256.51796 301.019
255.25776 300.084
253.86046 299.002
252.50377 298.194
251.09059 297.378
249.603352 296.395
248.11212 295.664
246.59377 294.906
245.12447 294.236
243.55058 293.593
241.94405 292.976
240.32712 292.24
238.7484 291.634
237.189 290.975
235.6378 290.541
234.1044 290.179
232.5541 289.889
231.0654 289.848
229.4543 289.701
227.8733 289.592
226.4429 289.575
224.9924 289.698
223.5662 289.84
222.1929 289.993
220.8805 290.178
219.6427 290.525
218.4306 290.902
217.3259 291.382
216.2499 291.861
215.2397 292.413
214.2924 292.95
213.3844 293.586
212.543 294.269
211.7546 294.958
211.0189 295.585
210.3601 296.294
209.739 297.011
209.1382 297.676
208.6428 298.318
208.2395 298.923
207.8538 299.517
207.5217 300.111
207.235 300.609
207.0299 301.031
206.7837 301.458
206.5828 301.712
206.399 302.03
206.2267 302.336
206.125 302.412
206.108 302.589
206.1217 302.8
206.242 302.863
206.4056 302.731
206.6071 302.723
206.9356 302.613
207.337 302.395
207.7996 302.379
208.3422 302.271
208.9544 302.175
209.6434 302.1
210.4297 302.144
211.3061 302.281
212.2536 302.405
213.304 302.818
214.5153 303.052
215.8629 303.574
217.1925 303.909
218.7255 304.535
220.3694 305.172
222.0613 306.036
223.7314 306.789
225.5509 307.701
227.4985 308.691
229.5506 309.869
231.7707 311.136
234.0827 312.365
236.5296 313.718
238.9308 314.919
241.55714 316.293
244.0599 317.618
246.61905 319.043
249.146643 320.414
251.70717 321.709
254.25173 323.088
256.84571 324.306
259.43232 325.626
261.955 326.873
264.4263 328.184
266.91 329.532
269.3682 330.894
271.7594 332.146
274.0736 333.344
276.2031 334.458
278.2839 335.685
280.2061 336.744
282.1402 337.858
283.9433 338.924
285.6582 339.825
287.243 340.781
288.8192 341.777
290.0269 342.531
291.0541 343.109
291.9345 343.854
292.6454 344.382
293.0536 344.658
293.419 345.134
293.5664 345.534
293.6185 345.774
293.571 346.099
293.4197 346.214
292.9585 346.36
292.5318 346.505
292.1182 346.569
291.677 346.737
291.1314 346.821
290.5549 346.933
290.0015 347.096
289.5184 347.376
289.1317 347.664
288.6289 347.988
288.1444 348.231
287.7098 348.584
287.2647 348.789
286.8459 348.822
286.1835 348.886
285.4727 349.033
284.6375 348.966
283.7028 349.004
282.6525 348.88
281.637 348.89
280.4782 348.828
279.233 348.456
278.0539 348.056
276.6817 347.467
275.0786 346.703
273.4712 345.909
271.7644 344.977
270.1046 343.956
268.447 342.725
266.8711 341.587
265.372 340.149
263.9403 338.699
262.5478 337.014
261.2103 335.236
259.92549 333.312
258.68616 331.112
257.62903 328.927
256.62941 326.806
255.80265 324.664
255.02675 322.704
254.39757 320.784
253.9812 319.083
253.61185 317.308
253.38754 315.606
253.28775 314.163
253.33286 312.628
253.45196 311.079
253.74075 309.594
254.21627 308.266
254.70202 307.005
255.41025 305.86
256.16942 304.844
256.94503 303.751
257.87577 302.942
258.9091 302.177
260.0133 301.549
261.1732 301.025
262.2898 300.406
263.5324 299.879
264.8272 299.435
266.2627 299.256
267.6498 298.906
269.1474 298.803
270.6009 298.544
272.132 298.568
273.6415 298.635
275.1698 298.714
276.6696 298.769
278.2285 298.908
279.7798 299.145
281.3512 299.472
282.8586 299.614
284.4897 300.078
286.1055 300.512
287.7296 300.975
289.34 301.473
291.0054 302.106
292.6608 302.788
294.2417 303.21
295.9306 303.933
297.6119 304.684
299.2852 305.358
301.0045 306.241
302.6947 307.069
304.3535 307.948
306.0895 309.298
307.586 310.146
308.9769 310.855
310.2943 311.609
311.6143 312.595
312.8544 313.502
314.0373 314.407
315.2277 315.503
316.291 316.458
317.3519 317.639
318.2508 318.559
319.1062 319.653
319.8356 320.698
320.5437 322.021
321.091 323.199
321.5839 324.499
321.9915 325.904
322.2954 327.248
322.5904 328.868
322.8228 330.427
322.9388 331.828
323.0372 333.319
323.0644 334.678
323.1228 336.173
323.0898 337.573
323.0134 338.76
322.8995 340.055
322.7491 341.23
322.6043 342.617
322.378 343.69
322.1663 344.956
321.9114 346.029
321.698 347.205
321.4251 348.162
321.1327 348.947
320.8809 349.826
320.5937 350.592
320.3211 351.194
320.1429 352.168
319.8483 352.76
319.4599 353.587
319.124 354.129
318.7909 354.481
318.466 354.718
318.0638 354.743
317.7169 354.747
317.215 354.463
316.7248 354.098
316.127 353.541
315.5398 352.935
314.7904 352.084
314.0104 351.109
313.1637 350.017
312.3591 348.679
311.4116 347.192
310.5228 345.535
309.5924 343.889
308.6304 341.926
307.7559 340.082
306.8613 338.138
305.95 336.2
305.0586 334.183
304.2381 332.278
303.4763 330.297
302.7557 328.198
302.2687 326.298
301.8348 324.227
301.6172 322.234
301.5135 320.234
301.5641 318.265
301.7326 316.384
302.0619 314.613
302.4716 312.948
302.9804 311.302
303.5518 309.608
304.2539 308.115
305.0279 306.782
305.9413 305.863
306.8772 304.943
307.6183 302.792
308.7453 302.466
310.709 302.702
311.6466 302.416
313.917 302.783
314.5005 302.155
316.1816 302.563
316.4081 300.328
317.039 299.025
318.9614 300.571
319.5783 299.564
321.5773 301.414
323.1054 302.53
323.9945 303.144
324.4331 302.267
325.1445 302.128
326.2063 303.176
327.261 304.305
328.4895 306.246
329.528 307.834
330.4819 309.42
331.2989 311.042
332.0342 312.654
332.6573 314.223
333.184 315.757
333.5902 317.189
333.8706 318.636
334.0312 320.03
334.1019 321.384
334.0906 322.843
333.9808 324.315
333.6612 325.481
333.2701 326.675
332.8006 327.834
332.214 328.945
331.6039 330.133
330.8438 331.065
330.0548 332.08
329.2174 332.949
328.3116 333.767
327.48 334.699
326.5458 335.365
325.5222 335.873
324.4766 336.289
323.4877 336.797
322.4703 337.048
321.5369 337.225
320.6013 337.529
319.7097 337.522
318.8916 337.415
318.2551 337.457
317.7416 337.301
317.3587 337.101
317.1834 336.843
317.0915 336.537
317.1128 336.166
317.3721 336.008
317.6047 335.564
318.0596 335.34
318.6382 335.241
319.369 335.216
320.1837 335.104
321.1281 335.198
322.1795 335.471
323.3025 335.796
324.4419 336.206
325.5861 336.578
326.7739 337.072
327.9094 337.448
329.0527 337.855
330.147 338.232
331.3003 338.826
332.4001 339.387
333.5465 340.23
334.6766 341.201
335.7671 342.085
336.7733 343.005
337.6786 343.966
338.5867 345.092
339.4254 346.281
340.106 347.224
340.7307 348.255
341.3689 349.436
341.9613 350.574
342.4494 351.406
342.925 352.263
343.6207 353.365
344.1579 354.148
344.6233 354.742
344.9338 354.806
345.3244 355.078
345.6807 355.065
346.0407 354.789
346.5016 354.511
346.9566 353.991
347.4702 353.371
347.9003 352.304
348.3252 351.16
348.7197 349.855
349.0435 348.332
349.2849 346.625
349.4626 344.727
349.5493 342.69
349.6688 340.751
349.6872 338.628
349.6726 336.472
349.5374 334.13
349.3745 331.744
349.1933 329.425
348.9504 326.949
348.6711 324.491
348.2439 321.745
347.8212 319.078
347.454 316.642
347.0377 314.265
346.6826 312.125
346.2397 309.988
345.667 307.709
345.3089 305.939
344.7989 303.95
344.5855 302.714
344.2888 301.416
344.0463 300.404
343.8508 299.618
343.4607 298.595
343.3539 298.298
343.2624 298.189
343.2869 298.528
343.2728 298.966
343.4573 299.974
343.7262 301.296
344.0198 302.742
344.4319 304.433
344.812 305.79
345.2956 307.439
345.8677 309.182
346.4204 310.863
347.0649 312.687
347.7292 314.555
348.3884 316.343
349.0886 318.149
349.7307 319.786
350.412 321.315
351.173 322.753
351.958 324.112
362.999 324.286
360.438 325.985
359.281 327.32
359.004 328.431
359.444 329.689
355.513 327.099
360.778 330.954
362.076 331.874
363.47 332.633
364.83 333.15
366.341 333.768
367.915 334.261
369.449 334.656
371.026 334.851
372.542 334.79
374.221 335.02
375.724 335.01
377.181 334.923
378.504 334.714
379.777 334.553
380.908 334.315
381.753 333.848
382.47 333.5
383.124 333.273
383.584 333.166
383.82 332.982
383.701 332.538
383.398 332.3
382.848 331.954
382.03 331.595
381.109 331.423
379.905 330.948
378.607 330.644
377.22 330.287
375.765 329.947
374.121 329.407
372.596 329.27
370.946 328.95
369.269 328.564
367.694 328.286
366.175 328.048
364.689 327.676
363.166 327.04
361.889 326.778
360.542 326.14
359.311 325.495
358.234 324.977
357.152 324.257
356.064 323.311
355.201 322.667
354.399 321.807
353.659 320.928
353.048 320.028
352.633 319.33
352.297 318.473
352.091 317.601
352.038 316.745
352.048 315.777
352.256 314.94
352.48 313.798
352.842 312.642
353.249 311.325
353.764 309.997
354.355 308.547
355.161 307.345
356.999 305.541
358.83 304.062
360.221 302.744
361.536 301.553
362.898 300.614
364.319 299.812
365.805 299.076
367.498 298.614
369.193 298.228
371.007 297.896
372.683 297.361
374.804 297.421
377.057 297.637
379.298 297.675
381.569 297.948
383.56 297.914
385.708 298.163
387.772 298.292
389.935 298.639
392.054 299.076
393.993 299.322
396.026 299.911
397.966 300.393
399.511 300.873
401.185 301.721
402.525 302.4
403.933 303.609
405.015 304.642
405.935 305.735
406.987 307.09
407.7 308.54
408.447 310.273
408.749 311.639
409.12 313.125
409.408 314.678
409.5 316.264
409.408 317.758
409.213 319.419
408.713 320.848
408.191 322.438
407.653 324.036
406.872 325.519
406.001 327.104
404.976 328.666
404.048 330.487
402.752 331.791
401.385 333.062
399.952 334.215
398.505 335.447
396.844 336.403
395.337 337.459
393.474 337.786
391.717 338.294
389.812 338.491
387.981 338.693
386.156 338.799
384.27 338.619
382.503 338.376
380.717 337.911
378.944 337.038
377.26 336.084
375.665 335.018
374.324 334.176
372.994 333.057
371.654 331.729
370.332 330.249
369.047 328.61
367.943 327.052
366.848 325.343
365.827 323.46
364.594 319.905
363.711 318.408
362.329 315.735
361.461 312.678
360.911 311.559
360.525 310.48
360.078 308.898
359.619 307.149
359.153 305.04
359.103 302.962
359.319 301.425
359.381 299.863
359.438 298.046
360.157 296.731
360.994 295.577
361.889 294.624
363.278 294.117
368.065 288.482
369.572 285.978
373.246 285.092
375.919 283.756
378.397 281.167
381.546 281.337
403.359 282.286
403.219 281.567
403.959 281.59
404.643 281.329
405.384 282.212
407.229 285.728
407.642 285.166
407.975 285.559
408.182 286.268
408.645 288.442
408.699 288.589
408.726 288.903
408.576 289.5
408.873 291.899
408.622 292.795
408.218 292.801
407.996 293.351
407.707 294.645
407.157 295.11
406.406 294.783
405.69 295.477
404.894 295.881
404.29 296.412
403.557 297.046
403.196 298.005
403.015 299.187
402.441 300.329
401.374 300.775
400.913 301.688
399.653 302.118
398.738 302.718
397.969 303.155
397.144 303.936
396.953 304.811
396.084 305.326
395.198 305.428
394.109 305.79
393.212 306.276
392.179 306.469
391.975 307.282
391.24 307.813
390.215 308.15
389.24 308.417
389.174 309.334
388.536 309.717
362.32 315.488
370.839 313.129
375.834 311.694
378.674 311.123
380.023 310.497
380.765 310.361
381.019 310.305
381.089 310.376
380.572 310.126
380.36 310.474
379.98 310.673
379.269 310.474
378.948 310.793
378.269 310.765
377.894 311.087
377.213 310.954
376.662 311.088
376.164 311.342
374.757 310.064
374.452 310.568
374.012 310.741
373.697 311.158
373.367 311.442
372.824 311.401
372.17 311.057
371.922 311.427
371.369 311.159
371.008 311.327
370.557 311.292
370.168 311.318
369.696 311.313
369.061 310.939
368.694 311.121
368.364 311.246
367.962 311.33
367.442 311.151
366.719 310.531
366.431 310.701
366.213 310.998
366.198 311.165
365.676 311.004
365.082 310.728
364.663 310.704
364.354 310.885
363.855 310.64
363.589 310.885
363.308 311.176
362.892 311.255
362.51 311.538
362.113 311.717
362.146 312.218