234.5162 397.294
234.2353 397.473
234.224 397.584
234.2439 397.424
234.3003 397.564
234.2482 397.533
234.2674 397.646
234.2736 397.581
234.3687 397.73
234.3145 397.762
234.1902 397.911
234.1069 398.108
234.1707 397.956
234.0848 398.062
233.9462 398.062
233.8685 397.994
233.7175 398.249
233.7208 398.052
233.6884 398.18
233.7174 397.93
233.6043 398.06
233.5062 398.007
233.367 397.928
233.2758 398.178
233.2605 398.162
233.3145 397.943
233.2192 398.132
233.1473 398.141
233.1223 398.162
233.0712 398.34
233.0999 398.358
233.0579 398.464
233.1159 398.343
233.0835 398.44
233.125 398.435
233.1033 398.403
233.0864 398.557
233.0916 398.398
233.4368 398.185
233.3091 398.4
233.2026 398.415
233.3918 398.403
233.1875 398.652
232.9911 399.104
232.7934 399.262
232.6852 399.462
232.4913 399.599
232.2123 399.96
231.8009 400.807
231.3228 400.977
230.6944 401.663
230.1352 402.022
229.5599 402.745
229.1556 402.946
228.2957 403.49
227.0182 404.166
225.7222 404.602
224.3419 405.136
222.976 405.42
221.5706 405.642
219.9853 406.016
218.228 406.475
216.4047 406.673
214.4764 406.812
212.4889 406.845
210.3089 407.276
208.255 407.36
206.3221 407.185
203.9886 406.817
201.7873 406.174
199.4686 405.936
197.4963 404.978
195.4566 404.305
193.3419 403.302
191.5019 402.511
189.6423 401.505
188.1784 400.497
186.5725 399.299
185.5743 397.775
184.4871 396.473
183.4723 395.188
182.6058 394.005
181.3478 393.256
180.9801 392.047
180.4766 390.03
180.4435 388.259
179.5594 386.818
179.4458 385.283
179.4551 384.083
179.5046 383.073
179.7566 381.961
179.9098 381.257
180.2037 380.433
180.7521 379.223
181.1345 378.408
181.5807 377.484
182.0699 376.765
182.916 375.759
183.3708 375.189
184.1311 374.356
184.8531 373.704
185.4952 372.957
186.3532 372.12
187.045 371.803
187.9602 371.073
188.8096 370.672
190.0492 370.034
192.0499 369.321
193.6905 369.143
195.2068 368.89
196.6532 368.703
198.0495 368.475
199.3846 368.425
200.5069 368.619
201.6541 368.69
203.0174 368.675
203.9539 369.201
205.3821 369.231
206.5572 369.715
207.8106 370.039
209.1497 370.386
210.3949 370.644
211.7656 370.97
213.0994 371.337
214.448 371.441
215.493 371.898
216.6961 372.146
217.8142 372.282
218.9372 372.396
219.9315 372.454
221.0128 372.358
222.0328 372.11
223.0175 371.914
223.9413 371.671
224.7973 371.427
225.4909 371.13
226.2684 370.482
226.8753 369.947
227.4301 369.272
227.9963 368.468
228.5096 367.498
228.7777 366.403
229.1027 365.259
229.3499 364.037
229.4438 362.916
229.4 361.826
229.486 360.657
229.4983 359.45
229.6861 358.157
229.2909 357.095
228.9409 355.875
229.0031 354.549
228.6039 353.296
228.0934 351.954
227.5245 350.68
226.9063 349.421
226.2279 348.119
225.4162 346.772
224.5368 345.657
223.5742 344.503
222.5919 343.495
221.5922 342.309
220.5745 341.4
219.5065 340.436
218.4835 339.661
217.7545 338.825
216.588 338.221
215.2443 337.661
213.9211 337.098
212.6418 336.685
211.3814 336.341
210.0425 336.2
208.8204 335.955
207.5862 335.891
206.3295 336.064
205.3196 336.29
204.0408 336.585
202.9083 336.87
201.7259 337.236
200.5802 337.78
199.795 338.266
198.9597 338.561
197.8426 339.254
197.0719 339.786
196.1093 340.397
195.2424 340.93
194.4119 341.646
193.7276 342.109
193.065 342.706
192.5064 343.128
192.0296 343.517
191.5194 344.034
191.1019 344.623
190.8058 344.989
190.6853 345.283
190.5328 345.669
190.6954 345.716
190.6196 346.028
190.6591 346.155
190.8121 346.145
191.1385 346.157
191.6634 346.033
192.2283 345.939
192.8886 345.871
193.3712 345.884
194.1679 345.77
195.0969 345.734
195.7553 345.831
196.5834 345.826
197.7231 345.702
198.5722 345.718
199.499 345.746
200.4771 345.778
201.4963 345.657
202.5168 345.654
203.5488 345.669
204.573 345.675
205.8654 345.474
206.7468 345.599
207.6051 345.759
208.4504 346.123
209.3226 346.331
210.4801 346.347
211.2198 346.675
212.0797 346.9
213.1002 347.105
214.2293 347.287
215.111 347.611
216.0584 347.949
217.1811 348.254
218.3652 348.728
219.3396 349.185
221.5544 350.24
223.5183 351.117
225.0932 352.168
226.8731 353.033
228.2079 354.164
229.6841 355.28
231.2497 356.265
232.9074 357.192
234.5589 358.174
236.2034 358.953
237.7838 360.053
239.2543 361.066
240.85933 361.849
242.36406 362.756
243.78795 363.577
245.26235 364.282
246.72301 364.816
248.02709 365.322
249.316305 365.622
250.502938 366.127
251.77194 366.386
253.14764 366.433
254.35441 366.517
255.53751 366.637
256.8352 366.495
258.2537 366.282
259.62528 365.92
261.0077 365.719
262.5535 365.495
264.2146 365.48
265.6893 365.453
267.4047 365.421
268.8567 365.609
270.3632 365.945
271.7611 366.461
272.8731 367.263
273.871 368.179
274.7204 369.25
275.4213 370.381
276.0147 371.288
276.4098 372.502
276.766 373.465
276.7567 374.717
276.6303 375.917
276.5583 376.896
275.968 378.18
275.2481 379.492
274.4994 380.498
273.4815 381.736
272.3923 382.641
271.1394 383.584
269.7734 384.328
268.3075 385.053
266.7286 385.481
265.1549 385.837
263.5447 385.929
262.0821 385.862
260.5028 385.853
259.33263 385.127
258.03847 384.245
256.61917 383.54
255.53976 382.258
254.62251 380.837
253.70151 379.606
252.96657 378.107
252.42452 376.496
252.09275 374.96
251.9427 373.595
252.03157 371.999
252.12443 370.602
252.51276 369.102
252.78682 367.905
253.2905 366.345
253.85021 365.001
254.52467 363.626
255.28509 362.331
256.41087 360.748
257.08917 359.231
257.91937 357.875
258.94839 356.322
259.62678 354.844
260.3251 353.148
261.0801 351.739
261.7851 350.29
262.5944 349.194
263.3907 348.01
264.1805 346.984
265.0572 346.362
266.2296 345.994
267.1666 345.751
268.3399 345.741
269.5882 346.084
270.5572 346.456
271.6393 347.006
272.6936 347.92
274.0578 349.084
275.3202 350.502
276.5107 351.995
277.7789 354.027
279.0226 356.267
280.2487 358.534
281.428 361.051
282.4383 363.554
283.4165 366.095
284.2909 368.501
285.1033 370.631
285.7035 372.941
286.3669 375.246
286.8146 377.586
287.2976 379.589
287.752 381.594
288.2908 383.345
288.7533 385.051
289.1878 386.461
289.5698 387.801
289.921 388.926
290.2179 389.841
290.4753 390.502
290.6301 390.936
290.8327 391.379
290.9362 391.636
291.1238 391.71
291.1924 391.546
291.3381 391.158
291.4027 390.56
291.2936 388.721
291.2043 386.597
291.019 384.34
290.8514 381.889
290.6816 379.418
290.6692 376.764
290.5796 374.194
290.5094 371.456
290.4593 368.982
290.3199 366.331
290.4519 363.935
290.3358 361.609
290.2612 359.175
290.2504 356.806
290.3962 354.673
290.601 352.497
291.0189 350.477
291.5824 348.609
292.2643 346.717
293.0444 345.146
294.0772 343.847
295.1141 342.713
296.3321 342.043
297.6705 341.503
299.0478 341.106
300.4289 341.068
301.9111 341.317
303.6021 341.824
305.1911 342.408
306.7203 343.276
308.2904 344.35
309.8634 345.597
311.3074 347.157
312.6913 348.861
314.0613 350.812
315.204 352.949
316.2699 355.251
317.3318 357.622
318.238 360.008
319.0695 362.496
319.7415 364.822
320.3719 367.291
320.8629 369.622
321.2526 371.956
321.5338 374.292
321.7645 376.738
321.9495 379.028
322.0827 381.351
322.1865 383.671
322.2344 385.615
322.3131 387.627
322.2781 389.415
322.1906 391.184
322.1146 392.417
321.9908 394.018
321.7826 394.823
321.4992 395.46
321.221 395.952
320.8621 395.987
320.4523 396.133
320.0474 395.765
319.5634 394.903
319.0921 393.942
318.5682 392.282
317.9493 390.582
317.4631 388.238
316.8177 386.161
316.2027 383.669
315.6779 381.339
315.2539 378.669
314.8642 376.304
314.5419 373.833
314.3114 371.371
314.3225 369.11
314.3493 366.694
314.5228 364.331
314.8612 361.981
315.4203 359.972
316.0412 357.961
316.8244 355.98
317.8269 353.991
318.8977 352.28
320.2312 350.946
321.7398 349.471
323.3349 348.136
325.0618 346.881
326.9233 345.862
328.9619 345.186
331.0717 344.568
333.2493 344.107
335.5756 344.112
337.9146 344.181
340.1792 344.271
342.5611 344.924
344.813 345.544
347.0366 346.656
349.0414 347.667
350.958 349.031
352.755 350.478
354.448 352.13
355.882 353.617
357.165 355.133
358.223 356.562
359.206 358.346
359.771 359.673
360.193 361.193
360.36 362.677
360.399 364.389
360.155 365.886
359.748 367.401
359.246 369.04
358.728 370.744
357.867 371.805
357.094 373.195
356.162 374.358
355.134 375.381
354.024 376.207
352.862 377.006
351.414 377.174
349.9985 377.436
348.5678 377.424
347.1073 377.223
345.6912 376.481
344.2787 375.491
342.9617 374.104
341.3112 370.872
340.1023 367.941
339.1363 364.851
338.38 361.744
337.8647 358.62
337.4869 355.67
337.2945 352.582
337.1327 349.207
337.261 346.153
337.4698 342.845
337.8594 339.591
338.4317 336.488
338.3648 330.978
339.4216 328.736
340.5299 326.385
340.9237 322.229
342.6911 321.687
345.4792 321.729
346.8156 320.952
348.2777 320.276
350.096 320.373
351.978 320.652
353.894 321.268
355.899 322.366
357.887 324.054
359.623 325.725
361.488 328.073
363.141 330.479
364.771 333.081
366.236 335.781
367.585 338.518
368.935 341.603
370.242 344.773
371.506 348.121
372.623 351.255
373.638 354.449
374.625 357.669
375.566 360.857
376.422 363.97
377.256 367.112
377.906 370.041
378.398 372.735
378.915 375.597
379.376 378.533
379.595 380.971
379.789 383.334
379.864 385.393
379.939 387.305
379.977 388.922
379.896 390.215
379.86 391.237
379.706 391.841
379.731 392.699
379.701 393.095
379.457 392.713
379.383 392.498
379.188 391.706
378.904 390.49
378.656 389.045
378.261 387.048
377.952 385.076
377.408 382.345
376.916 379.656
376.36 376.84
375.705 373.702
375.084 370.88
374.321 367.671
373.486 364.472
372.486 360.904
371.69 357.673
370.882 354.517
369.961 351.208
369.12 347.936
368.229 344.695
367.405 341.523
366.671 338.558
366.094 335.937
365.402 333.023
364.93 330.637
364.542 328.411
364.174 326.309
363.92 324.402
363.886 322.965
363.812 321.557
363.882 320.583
364.069 319.871
364.426 319.617
364.905 319.617
365.637 320.454
366.255 321.1
367.261 322.373
368.126 323.989
369.096 325.776
370.171 327.963
371.21 330.054
372.336 332.364
373.504 334.77
374.678 337.177
375.931 339.69
377.145 342.165
378.441 344.848
379.73 347.552
380.762 349.812
381.949 352.293
383.205 354.906
384.385 357.214
385.733 359.562
386.974 361.571
388.213 363.299
389.583 365.012
390.967 366.579
392.351 367.904
393.659 368.926
394.796 369.453
395.984 370.008
397.174 370.446
398.317 370.657
399.644 371.098
400.63 370.85
401.638 370.6
402.545 370.061
403.342 369.317
404.052 368.398
404.584 367.08
405.174 365.882
405.831 363.506
406.085 361.099
406.207 358.806
406.33 356.758
406.189 354.588
406.056 352.546
405.708 350.421
405.473 348.488
404.934 346.165
404.617 344.265
404.319 342.422
403.947 340.409
403.622 338.529
403.327 336.752
403.005 334.85
402.717 333.044
402.419 331.304
401.95 329.265
401.588 327.675
401.126 325.939
400.652 324.182
400.205 322.597
399.991 321.424
399.598 320.111
399.375 319.004
399.206 318.215
398.787 317.01
398.802 316.457
398.599 315.451
398.501 314.878
398.596 314.725
398.747 314.617
399 314.632
399.296 314.888
399.468 315.184
399.9 315.84
400.216 316.641
400.526 317.443
400.992 318.666
401.415 320.112
401.666 321.362
402.163 323.12
402.288 324.471
402.624 326.301
402.752 327.979
402.846 329.761
402.791 331.395
402.863 333.391
402.878 335.283
402.761 337.005
402.518 338.489
402.319 339.973
402.105 341.472
401.792 342.792
401.471 344.017
401.249 345.45
401.027 346.884
400.599 347.991
400.391 349.408
399.722 350.054
399.416 351.404
398.796 352.24
398.043 352.921
397.417 353.846
396.512 354.284
395.634 354.876
394.727 355.417
393.74 355.825
392.556 355.838
391.594 356.362
390.672 356.847
389.578 357.09
388.613 357.591
387.619 358.017
386.577 358.438
385.517 358.74
384.415 359.141
383.13 359.094
381.795 358.985
380.486 358.829
379.214 358.793
377.841 358.416
376.469 358.076
375.104 357.627
373.799 357.333
372.38 356.666
371 356.059
369.76 355.577
368.555 355.141
367.456 354.759
366.374 354.304
365.424 353.981
364.43 353.509
363.519 353.068
362.654 352.765
361.812 352.439
360.944 352.008
360.154 351.699
359.314 351.273
358.576 351.072
357.85 350.745
357.187 350.593
356.497 350.274
355.723 349.892
355.187 349.922
354.468 349.403
353.871 349.199
353.157 348.806
352.527 348.568
351.941 348.46
351.352 348.242
350.707 347.93
350.13 347.786
349.4166 347.375
348.8073 347.16
348.359 347.12
347.8566 347.063
347.3035 346.866
346.8892 346.827
346.4548 346.792
345.8999 346.564
345.4885 346.606
345.0343 346.562