237.9806 426.925
237.6751 426.806
237.2681 427.215
236.8764 427.107
236.5279 427.131
236.069 427.249
235.6738 427.461
235.3887 427.266
234.8641 427.523
234.3257 427.468
233.8753 427.207
233.4594 427.237
233.0477 427.329
232.596 427.185
232.5282 426.876
232.1344 426.981
231.7421 426.968
231.421 426.936
231.0764 426.807
230.8054 426.761
230.6403 426.875
230.3836 426.994
230.0335 427.04
229.9095 426.86
229.8471 426.679
229.6868 426.257
229.5536 425.81
229.395 425.653
229.0133 425.587
229.0471 424.98
228.6845 424.74
228.4174 424.27
227.979 423.844
227.6507 423.157
227.165 422.507
226.7218 421.892
226.2242 421.118
225.6864 420.192
225.1641 419.396
224.5217 418.507
224.0359 416.98
223.5098 415.514
222.8106 413.695
222.0026 411.849
221.1594 409.601
220.3541 407.042
219.404 404.081
218.2707 400.904
217.0886 397.301
215.7884 393.543
214.174 389.923
212.7382 386.055
211.1782 382.19
209.5689 378.484
208.003 374.656
206.2196 370.879
204.4324 367.249
202.8208 363.854
201.139 360.458
199.4241 357.415
197.9097 354.666
196.2321 352.123
194.6458 349.811
193.283 347.487
192.0483 345.35
191.1576 343.7
190.3666 342.055
189.9357 340.821
189.5159 339.804
189.3761 339.113
189.5681 338.861
189.8903 338.793
190.314 338.837
190.6647 339.068
191.6638 340.028
192.5318 340.77
193.2865 341.564
193.9887 342.227
194.6362 342.757
195.2492 343.162
195.7747 343.65
196.291 343.945
196.7509 344.203
197.1987 344.335
197.6237 344.383
198.3602 344.498
198.5408 344.611
198.8679 344.534
199.3636 344.518
200.0542 344.591
200.3026 344.557
200.6969 344.296
201.1219 344.221
201.7159 344.185
202.2112 344.22
202.8899 344.096
203.4523 343.987
204.0636 343.888
204.7233 343.737
205.4218 343.628
206.2204 343.425
207.0596 343.463
207.9642 343.32
208.8648 343.386
209.8361 343.378
210.8554 343.492
211.8092 343.614
212.9202 343.723
213.8982 343.987
214.9735 344.235
216.0093 344.591
217.0403 344.946
218.0808 345.501
219.0965 345.932
220.0632 346.542
221.124 347.188
222.1109 347.777
223.0372 348.643
223.9589 349.37
224.8681 350.158
225.8233 351.277
226.3958 352.152
226.9501 353.17
227.4407 354.275
227.8751 355.243
228.1986 356.392
228.3937 357.46
228.5252 358.508
228.5677 359.733
228.5005 360.669
228.2294 361.855
227.7854 362.833
227.2303 363.909
226.4974 365.021
225.6204 366.118
224.6098 367.268
223.7501 368.276
222.5044 369.34
221.1941 370.478
219.8697 371.424
218.7412 372.239
217.3046 373.243
215.8359 374.221
214.3454 375.191
212.887 375.96
211.4025 376.759
209.7594 377.476
208.4245 378.02
206.8695 378.712
205.4842 379.252
204.2381 379.735
203.0895 380.26
202.3225 380.205
201.5126 380.461
200.8494 380.446
200.2171 380.381
199.6154 380.246
199.2757 379.887
199.1161 379.477
199.0537 379.171
199.2021 378.767
199.4875 378.269
199.9559 377.709
200.556 377.195
201.1496 376.59
202.212 375.908
203.5085 375.159
204.6912 374.67
206.0974 374.179
207.5892 373.783
209.2842 373.331
211.1223 373.039
213.0144 372.618
214.9163 372.548
216.9436 372.421
218.9904 372.285
221.1015 372.353
223.2875 372.238
225.5103 372.244
227.9125 372.088
230.0575 372.234
232.2119 372.273
234.4009 372.296
236.4296 372.315
238.2955 372.256
240.17316 372.203
241.88058 372.31
243.41749 372.484
244.92851 372.592
246.28933 372.818
247.56523 372.94
248.82791 373.176
249.752434 373.726
250.469614 374.259
251.17863 374.855
251.66447 375.47
252.0902 376.201
252.3859 376.868
252.57175 377.794
252.77426 379.506
252.90994 381.121
252.99545 382.642
253.01146 384.222
253.19522 385.806
253.33561 387.56
253.49301 389.069
253.71928 390.637
254.04934 392.298
254.25451 394.199
254.64542 395.883
255.05385 397.562
255.50471 399.133
256.02955 400.615
256.60101 402.231
257.16435 403.771
257.70736 405.1
258.22578 406.506
258.70994 407.518
259.19999 408.308
259.67909 408.957
260.0997 409.458
260.4767 409.619
260.8009 409.539
260.9968 409.155
261.0269 408.746
260.9248 408.146
260.7419 407.319
260.4634 406.064
260.1085 404.312
259.53174 402.546
258.95502 400.497
258.19362 398.128
257.37308 395.679
256.47544 392.996
255.35213 390.039
254.1333 386.85
252.7892 383.495
251.42778 379.995
249.9370621 376.529
248.47097 373.057
247.12681 369.675
245.64873 366.289
244.37091 362.873
242.97269 359.768
241.73908 356.485
240.57619 353.429
239.4042 350.297
238.3752 347.381
237.2737 344.679
236.2613 342.129
235.3742 339.907
234.687 337.941
234.0416 336.231
233.6036 334.935
233.2825 333.832
232.9752 333.045
232.7906 332.484
232.8039 332.143
232.9213 332.118
233.0306 332.176
233.3309 332.449
233.6807 333.103
234.1861 333.965
234.855 334.925
235.4762 336.245
236.1822 337.587
236.9886 339.18
237.9135 340.781
238.7545 342.427
239.72 344.156
240.64948 345.904
241.58881 347.596
242.58816 349.316
243.66951 350.856
244.86372 352.422
246.0207 353.901
247.46664 355.356
248.60426 356.751
250.040711 358.099
251.2134 359.47
252.42611 360.846
253.65153 362.089
254.94123 363.286
256.35458 364.236
257.50939 365.312
258.68927 366.23
259.9177 366.981
261.0217 367.745
262.1376 368.119
263.1972 368.672
264.2228 368.914
265.2177 369.126
266.3241 369.012
267.164 369.06
267.9815 368.998
268.7203 368.851
269.3204 368.446
269.8155 367.701
270.112 367.04
270.2667 366.311
270.2722 365.295
270.0553 364.176
269.8998 362.735
269.4052 361.449
268.8144 359.88
268.1999 358.378
267.6046 356.669
266.9185 354.9
266.2806 353.048
265.6541 351.156
265.0181 349.344
264.418 347.443
263.8745 345.679
263.4938 344.153
263.1075 342.505
262.8838 341.055
262.7698 339.759
262.7039 338.534
262.7626 337.247
262.9466 336.166
263.234 334.995
263.6158 334.013
264.1208 333.185
264.6923 332.344
266.0685 331.492
267.3647 330.992
268.4949 330.571
269.5761 330.43
270.7131 330.354
271.8686 330.498
272.9585 330.649
274.0803 331.094
275.2278 331.448
276.4648 332.053
277.639 332.765
278.9278 333.707
280.1446 334.722
281.4425 335.868
282.7251 337.186
284.0671 338.527
285.389 339.921
286.693 341.378
288.0466 342.718
289.235 344.212
290.447 345.666
291.6548 347.023
292.9768 348.324
294.1292 349.597
295.4009 350.652
296.5756 351.755
297.4525 352.669
298.3819 353.549
299.1497 354.215
299.8678 354.601
300.3466 354.979
300.7395 355.254
300.9528 355.127
301.0386 354.85
301.0285 354.491
300.8224 353.754
300.5184 352.824
300.1016 351.803
299.6917 350.56
299.0022 349.133
298.2416 347.51
297.4928 345.873
296.715 344.08
295.9357 342.257
295.1927 340.225
294.4527 338.372
293.7202 336.463
293.0059 334.572
292.3408 332.828
291.7499 331.04
291.2349 329.347
290.7671 327.594
290.4478 326.035
290.1813 324.486
290.0621 323.203
290.0064 321.96
289.9936 320.827
290.0693 319.969
290.223 319.316
290.4161 318.821
290.6357 318.615
290.9327 318.678
291.2256 319.016
291.5312 319.638
291.8493 320.382
292.2405 321.431
292.6403 322.799
293.1286 324.532
293.537 326.042
294.0398 328.178
294.5426 330.317
295.0906 332.842
295.6892 335.632
296.2888 338.41
296.8696 341.034
297.4738 343.844
298.2521 346.677
298.8001 349.168
299.4087 351.645
300.0232 354.129
300.6451 356.416
301.1601 358.527
301.7443 360.729
302.2521 362.631
302.7061 364.413
303.2617 366.043
303.7359 367.583
304.0592 369.017
304.3461 370.265
304.5777 371.165
304.7459 372.091
304.879 372.906
304.985 373.417
304.9304 373.894
304.811 373.98
304.5736 373.954
304.1746 374.036
303.7656 373.489
303.3084 372.899
302.8754 372.207
302.4452 371.342
302.0081 370.358
301.6631 369.232
301.4509 367.942
301.231 366.452
301.2125 365.001
301.2266 363.46
301.4219 361.792
301.6944 360.176
302.0399 358.519
302.501 356.992
303.0275 355.436
303.6774 354.071
304.4064 352.925
305.2017 352.022
306.0317 351.154
306.8293 350.459
307.6924 349.917
308.4756 349.601
309.2343 349.505
309.9897 349.509
310.7316 349.524
311.488 349.674
312.2687 349.795
313.1622 350.157
315.0222 350.596
316.686 350.84
318.1569 351.021
319.6408 351.231
321.0301 351.05
322.4747 351.077
323.8962 351.065
325.2948 350.732
326.8 350.444
328.4282 350.147
330.0169 349.609
331.783 349.268
333.5582 348.764
335.3794 348.275
337.19 347.87
338.9058 347.422
340.5451 347.011
342.0226 346.671
343.2876 346.339
344.3447 346.075
345.0965 345.684
345.6535 345.473
345.9725 345.275
346.0188 344.94
345.8949 344.783
345.4769 344.503
344.7996 344.179
343.9303 343.989
342.8082 343.717
341.4131 343.298
339.8447 342.856
338.0504 342.357
336.1541 341.888
334.1564 341.154
332.1905 340.284
330.3541 339.651
328.4704 338.796
326.7246 337.862
325.0169 336.737
323.5185 335.693
322.1039 334.325
320.8793 332.935
319.8571 331.523
319.0609 330.109
318.5081 328.656
318.2336 327.182
318.2395 325.804
318.4477 324.466
318.95 323.263
319.6181 322.024
320.4613 320.84
321.3763 319.603
322.4496 318.501
323.5386 317.28
324.6687 316.012
325.8616 314.803
327.0612 313.474
328.2084 312.005
329.3372 310.512
330.4563 309.134
331.5033 307.739
332.5194 306.52
333.4695 305.36
334.3014 304.144
335.0603 303
335.7087 301.878
336.2849 300.797
336.7597 299.696
337.1176 298.608
337.3715 297.626
337.504 296.633
337.5144 295.563
337.4463 294.619
337.2749 293.82
336.9813 293.068
336.484 292.216
335.8644 291.622
335.0485 291.089
334.0326 290.616
332.8123 290.177
331.4027 289.796
329.8302 289.566
328.0742 289.409
326.153 289.281
324.1181 289.284
322.0105 289.419
319.8034 289.573
317.5176 289.668
315.2509 289.985
312.9974 290.364
310.7671 290.893
308.5911 291.498
306.4954 292.203
304.6125 293.11
302.9085 294.016
301.4539 295.057
300.2614 296.147
299.295 297.308
298.5528 298.469
298.1166 299.849
297.8379 301.114
297.7338 302.417
297.8029 303.753
297.952 305.033
298.2508 306.38
298.7468 307.68
299.293 309.037
299.9532 310.249
300.7605 311.545
301.6339 312.68
302.5547 313.692
303.564 314.757
304.5933 315.665
305.642 316.59
306.6805 317.343
307.7744 318.136
308.8263 318.891
309.8256 319.685
310.8526 320.345
311.77 320.973
312.6928 321.561
313.6146 322.175
314.447 322.771
315.2146 323.339
315.9967 323.923
316.932 324.576
317.6669 325.115
318.1783 325.646
318.4766 325.901
318.674 326.127
318.6764 326.278
318.5827 326.299
318.3527 326.373
318.053 326.374
317.7168 326.429
317.3195 326.417
316.862 326.511
316.285 326.459
315.6587 326.36