235.5218 427.893
235.4799 427.756
235.3517 427.706
235.0268 427.904
235.0532 427.759
234.7329 428.01
234.9762 427.623
234.6626 427.855
234.6375 427.491
234.4377 427.87
234.3003 427.94
234.1559 427.929
234.0054 427.911
233.8884 427.717
233.7752 427.526
233.5646 427.791
233.3167 427.832
232.8462 428.138
232.7477 428.201
232.5655 427.647
232.0977 428.407
231.9098 428.359
231.6685 428.27
231.4726 428.152
231.1144 428.54
230.47 428.875
229.8462 429.366
229.6613 428.951
229.0749 429.393
228.9648 429.228
228.3933 429.596
227.9847 429.53
227.4122 429.993
227.1087 429.903
226.6535 430.031
226.2006 430.158
225.6684 430.659
225.1669 430.722
224.6889 430.875
223.9991 431.677
223.5081 431.949
223.1999 432.131
222.6045 432.544
222.001 432.891
221.0523 433.818
220.4624 434.384
219.978 434.499
219.1781 435.301
218.8108 435.42
218.3871 435.703
217.8018 436.071
217.0966 436.647
216.6753 436.626
216.1651 436.864
215.5426 436.815
215.1688 436.889
214.4566 437.258
214.2087 436.882
213.9849 436.071
213.6448 435.668
213.5232 434.926
213.1886 434.35
212.8062 434.192
212.7526 432.848
212.6202 431.825
212.6791 430.08
212.9443 427.782
213.2388 425.484
213.1747 423.349
213.5594 420.787
213.8847 418.273
214.3496 415.327
214.5267 412.853
214.7446 410.066
215.0988 406.91
215.2819 404.054
215.5356 401.18
215.7083 398.289
216.32 394.894
216.7741 392.089
217.2165 389.582
217.7114 387.129
218.2034 385.106
218.7041 383.4
219.1695 382.125
219.9196 380.989
220.5186 380.304
221.2156 380.28
221.978 380.645
222.8685 381.349
223.9617 382.17
224.9149 383.991
226.3246 385.698
227.4047 387.919
228.6592 390.442
230.065 393.071
231.4337 395.884
233.1458 398.383
234.3176 401.657
235.574 404.63
237.0824 407.379
238.1068 410.386
239.2811 412.922
240.56319 414.945
241.36823 417.665
242.01375 420.245
242.8073 421.964
243.42773 423.738
244.11677 424.881
245.03836 425.243
245.45111 426.136
245.95587 426.755
246.27644 427.229
246.73683 426.756
246.76343 426.511
246.93882 425.523
246.78389 424.679
246.43788 423.511
245.95488 421.857
245.29491 420.014
244.47322 418.124
243.54386 415.715
242.41935 413.141
241.10749 410.588
239.9363 407.004
238.1579 404.308
236.3576 401.18
234.3112 398.168
232.1321 395.112
230.1169 391.643
227.5951 388.702
225.271 385.632
222.8801 382.661
220.4298 379.543
218.1469 376.453
215.7251 373.541
213.2341 370.917
210.9862 368.37
208.8793 365.797
206.753 363.524
204.582 361.598
202.7693 359.673
201.0479 358.021
199.5392 356.483
198.2217 355.209
197.0465 354.233
196.1889 353.374
195.3909 352.988
195.1277 352.634
194.8259 352.534
195.2146 353.116
195.8472 353.695
196.6383 354.495
197.6377 355.313
198.8281 356.239
200.0009 357.282
201.497 358.327
202.9491 359.477
204.5711 360.56
206.1872 361.736
207.7344 362.978
209.3065 364.24
210.9967 365.728
212.6715 366.852
214.3962 368.163
216.1344 369.453
217.9581 370.746
219.6907 372.132
221.6576 373.222
223.4597 374.595
225.158 375.722
226.833 377.085
228.5683 378.044
230.1801 379.412
231.8299 380.513
233.6751 381.481
235.3079 383.009
237.1648 383.91
239.0004 384.887
240.76352 385.911
242.60317 386.584
244.41547 387.373
246.27161 387.837
248.13152 388.374
249.864265 389.035
251.55729 389.649
253.24578 390.186
254.9774 390.148
256.72002 390.164
258.44787 389.966
260.0476 389.836
261.7234 389.123
263.4611 388.324
265.2327 387.827
267.1162 387.002
269.177 386.21
271.3379 385.504
273.5655 385.146
275.8022 384.759
278.1111 384.812
280.4967 385.033
282.8588 385.194
285.214 385.259
287.604 385.663
289.932 386.019
292.1915 386.483
294.322 387.086
296.3371 387.718
298.2397 388.523
299.8611 389.221
301.3497 390.332
302.6446 391.167
303.7264 391.937
304.6752 392.993
305.5285 394.17
306.1754 395.174
306.6394 396.129
307.0066 397.083
307.1443 398.244
307.1348 399.411
306.9867 400.413
306.7537 401.458
306.3523 402.568
305.9378 403.57
305.3938 404.424
304.6985 405.591
303.9729 406.485
303.1409 407.556
302.2449 408.275
301.3596 408.954
300.4067 409.59
299.3889 410.189
298.348 410.821
297.3007 411.128
296.0652 411.366
294.8055 411.673
293.504 411.197
291.8562 410.986
290.0917 410.215
288.3155 409.916
286.7023 408.639
284.9155 407.746
283.1224 406.902
281.3983 405.934
279.8222 404.687
278.3496 403.207
276.9361 401.758
275.5966 400.221
274.3399 398.532
273.1568 396.866
271.9665 395.503
271.0294 393.915
270.2157 392.385
269.558 391.005
268.9332 389.225
268.4158 387.903
267.8686 386.431
267.4657 384.953
267.1066 383.344
266.8929 381.702
266.8497 379.945
266.9209 378.442
267.1006 376.795
267.3561 375.449
267.734 374.038
268.1938 372.588
268.8692 371.339
269.6 369.941
270.3725 368.73
271.2514 367.582
272.1398 366.389
273.0377 365.373
274.078 364.23
275.177 363.298
276.2427 362.428
278.5903 361.312
280.4015 360.434
281.9873 359.938
283.5768 359.487
285.2126 359.198
286.7675 358.977
288.343 358.946
289.9572 358.885
291.5908 358.999
293.2248 359.208
294.8538 359.195
296.4658 359.47
298.0859 359.712
299.7202 360.067
301.3938 360.659
303.1051 361.247
304.8177 361.743
306.567 362.667
308.3257 363.435
309.9994 364.1
311.7115 364.864
313.4 365.826
315.138 367.022
316.7682 368.096
318.3567 369.187
319.9043 370.6
321.3363 371.744
322.5799 372.825
323.8265 374.366
324.8775 375.569
325.8149 376.806
326.6264 377.954
327.3603 379.244
327.9842 380.546
328.4811 381.593
328.9227 382.813
329.2626 384.124
329.4814 385.3
329.6129 386.617
329.6739 387.782
329.653 388.914
329.5224 390.07
329.2618 391.079
328.9303 392.232
328.4352 393.097
327.7846 393.692
327.0363 394.399
326.2029 395.102
325.3017 395.644
324.3239 396.036
323.2857 396.282
322.2445 396.554
321.1426 396.659
320.0378 396.76
318.8959 396.994
317.7161 396.875
316.4941 396.737
315.1869 396.469
313.8442 396.19
312.5244 395.474
311.1819 394.769
309.8881 393.984
308.7688 392.956
307.6451 391.987
306.6506 390.875
305.7346 389.625
304.9545 388.132
304.1914 386.858
303.5066 385.342
303.048 383.729
302.6643 381.827
302.5289 380.288
302.5055 378.423
302.6562 376.627
302.9645 374.925
303.4083 373.415
304.1101 372.011
304.8985 370.617
305.8981 369.579
307.0057 368.463
308.2894 367.527
309.7182 366.875
311.2496 366.248
312.958 365.794
314.7884 365.744
316.6404 365.647
318.5528 365.638
320.5298 366.132
322.4912 366.598
324.3845 367.243
326.3354 368.445
328.0935 369.46
329.7087 370.702
331.2249 372.012
332.5458 373.356
333.7964 374.924
334.9039 376.654
335.9042 378.308
336.74 379.983
337.5596 381.915
338.1975 383.773
338.6016 385.361
338.9534 387.057
339.1503 388.487
339.2457 390.056
339.1473 391.256
339.0253 392.418
338.7831 393.508
338.4825 394.49
338.118 395.296
337.6171 395.611
337.1307 395.943
336.6254 396.171
335.9751 395.878
335.3241 395.707
334.5617 395.096
333.8282 394.517
333.0164 393.541
332.2076 392.382
331.3901 390.914
330.5789 389.226
329.8817 387.635
329.2352 385.871
328.6048 384.028
328.047 382.104
327.2561 378.457
326.5837 375.167
326.1042 372.384
325.7431 369.695
325.4167 367.261
325.2713 365.424
325.1966 363.424
325.2379 361.664
325.3106 359.67
325.5468 358.191
325.8353 356.844
326.3168 355.95
326.8806 355.242
327.5132 354.666
328.2598 354.311
329.0935 354.214
330.0804 354.53
331.0879 354.965
332.2682 355.884
333.4635 356.966
334.646 358.11
335.9634 359.764
337.2297 361.519
338.565 363.696
339.7642 365.627
340.8931 367.68
342.0373 370.012
343.0378 372.134
344.0841 374.527
345.0704 376.731
346.064 379.082
346.9673 381.087
347.9212 383.123
348.889 385.226
349.7592 387.226
350.696 389.324
351.509 391.164
352.301 392.933
352.997 394.508
353.664 396.144
354.413 398.024
354.995 399.314
355.568 400.59
356.192 402.278
356.646 403.146
357.135 404.427
357.625 405.715
357.897 406.381
358.166 407.208
358.387 407.855
358.572 408.238
358.765 409.122
358.792 409.173
358.887 409.514
358.821 409.491
358.804 409.853
358.668 409.995
358.473 409.786
358.123 409.412
357.656 408.518
357.232 408.139
356.688 407.045
356.265 406.416
355.853 405.866
355.293 404.355
354.715 402.82
354.265 401.508
353.839 399.994
353.405 398.394
352.935 396.511
352.421 394.413
351.898 391.982
351.35 389.503
350.821 386.963
350.271 384.286
349.7166 381.556
349.0821 378.522
348.5036 375.648
347.9519 372.793
347.3783 369.855
346.788 366.822
346.3325 364.084
345.8888 361.42
345.4846 358.753
345.0805 356.124
344.8268 353.926
344.543 351.645
344.3547 349.599
344.2813 347.907
344.253 346.258
344.2719 344.792
344.3309 343.455
344.584 342.704
344.8679 342.02
345.1339 341.449
345.4918 341.313
345.8517 341.401
346.2843 341.886
346.6507 342.444
347.0284 343.22
347.4152 344.279
347.8382 345.581
348.2296 347.059
348.7295 348.904
349.1767 350.693
349.669 352.624
350.231 354.663
350.787 356.708
351.463 358.874
352.127 360.906
352.737 362.707
353.506 364.807
354.209 366.484
355.013 368.251
355.828 369.856
356.746 371.423
357.762 372.946
358.728 374.052
359.801 375.069
360.987 376.021
362.262 377.11
363.441 377.629
364.79 378.384
366.151 378.888
367.609 379.405
370.059 379.224
372.306 379.262
374.273 379.209
376.017 378.855
377.513 378.213
378.892 377.537
380.167 377.024
381.3 376.389
382.188 375.592
382.862 374.647
383.536 373.967
384.144 373.389
384.55 372.559
384.968 371.961
385.328 371.301
385.643 370.706
386.106 370.404
386.638 370.329
387.243 370.314
387.822 370.231
388.545 370.384
389.417 370.806
390.246 371.035
391.209 371.447
392.407 372.254
393.64 373.07
394.827 373.732
396.192 374.773
397.632 375.882
398.955 376.867
400.279 378.006
401.5 379.179
402.693 380.466
403.688 381.782
404.458 383.011
404.891 383.972
405.181 385.055
405.197 386.197
404.862 387.148
404.316 388.202
403.418 389.148
401.95 389.623
400.371 390.414
398.341 390.888
396.015 391.217
393.463 391.4
390.839 391.659
388.02 391.443
385.217 391.08
382.394 390.325
379.762 389.512
377.469 388.979
375.13 387.735
373.196 386.742
371.51 385.536
370.159 383.987
369.031 382.225
368.315 380.667
367.715 378.62
367.452 376.749
367.389 374.885
367.624 372.978
367.889 370.813
368.325 368.597
369.136 366.881
370.035 364.981
370.904 362.818
371.895 360.786
373.142 359.074
374.301 357.002
375.769 355.55
377.134 353.7
378.642 352.146
380.165 350.52
381.836 349.197
383.607 348.062
385.335 346.975
387.196 346.201
388.851 345.296
390.572 344.657
392.1 344.082
393.584 343.692
394.947 343.377
396.277 343.151
397.458 342.972
398.538 342.747
399.624 342.671
400.519 342.42
401.312 342.163
402.065 342.087
402.578 341.826
402.891 341.332
403.059 340.851
403.3 340.607
403.225 339.985
403.016 339.388
402.509 338.41
402 337.709
401.291 336.798
400.411 335.737
399.371 334.543
398.282 333.557
396.954 332.469
395.585 331.45
394.196 330.632
392.532 329.537
390.783 328.513
388.951 327.461
387.135 326.594
385.141 325.684
383.125 324.87
380.918 323.895
378.723 323.096
376.601 322.585
374.5 322.13
372.414 321.719
370.317 321.257
368.525 321.236
366.614 321.032
364.936 321.171
363.35 321.264
361.889 321.451
360.498 321.536
359.27 321.784
358.213 322.027
356.908 322.609
356.037 323.209
355.466 323.84
355.222 324.661
354.994 325.11
355.083 325.841
355.219 326.362
355.416 326.808
355.796 327.351
356.25 327.877
356.736 328.31
357.405 329.001
358.025 329.54
358.649 330.016
359.369 330.676
360.056 331.178
360.814 331.829
361.436 332.222
362.223 332.784
362.923 333.242
363.569 333.581
364.321 334.09
364.89 334.328
365.359 334.402
365.96 334.727
366.494 334.909
366.992 335.073
367.557 335.317
368.074 335.604
368.452 335.582
368.899 335.759
369.225 335.755
369.609 335.951
369.861 335.993
370.062 336.075
370.175 336.078
370.189 336.035
370.166 336.041
370.212 336.271
370.077 336.202
369.852 335.999
369.85 336.23
369.724 336.293
369.613 336.342
369.512 336.391
369.464 336.625
369.293 336.56
369.216 336.668
369.074 336.6
369.035 336.769
368.958 336.919
368.851 337.009
368.724 337.096
368.608 337.216
368.546 337.416
368.404 337.474
368.257 337.555
368.164 337.728
368.042 337.864
367.907 337.97
367.77 337.946
367.663 338.116
367.617 338.374
367.548 338.545
367.414 338.559
367.33 338.587
367.226 338.604
367.215 338.711
367.168 338.691
367.072 338.55
367.096 338.638
367.077 338.66
367.128 338.753
367.1 338.68
367.084 338.561
367.104 338.566
367.196 338.633
367.126 338.518
367.195 338.673
367.142 338.564
367.25 338.738
367.079 338.486
367.15 338.725
367.106 338.713
367.047 338.715
367.066 338.785
367.005 338.862
366.897 338.821
366.844 338.903
366.822 339.017
366.744 339.136
366.612 339.142