225.1291 384.649
224.418 384.881
223.6448 385.271
222.7618 385.482
221.7927 385.552
220.7197 385.812
219.6056 386.085
218.4518 385.931
217.2226 385.791
215.9265 385.487
214.5574 385.085
213.1421 384.966
211.7075 384.381
210.1834 383.699
208.6354 382.801
207.0792 381.844
205.5483 380.892
203.9991 379.862
202.5398 378.419
200.9968 377.427
199.5074 376.057
198.1189 374.314
196.7019 372.549
195.2462 370.989
193.8123 369.366
192.4483 367.628
191.1259 365.667
189.9137 363.404
188.6626 361.378
187.4547 359.272
186.2484 357.39
185.1078 355.28
184.0843 353.223
183.2002 350.873
182.392 348.634
181.6123 346.749
180.9309 345.012
180.5116 342.808
180.1933 340.718
180.0262 338.731
180.0292 336.894
180.114 335.17
180.3646 333.437
180.6715 331.98
181.1492 330.534
181.6713 329.622
182.4122 328.333
183.1727 327.487
184.0025 326.545
184.9728 325.981
186.0719 325.314
187.2181 324.78
188.379 324.31
189.5403 324.146
190.7972 324.127
192.161 324.163
193.531 324.612
194.9702 325.084
196.395 325.735
197.806 326.456
199.1597 327.362
200.5636 328.366
201.9245 329.657
203.2737 330.945
204.622 332.375
205.912 334.071
207.1581 335.739
208.393 337.287
209.5451 339.109
210.6614 340.973
211.6839 342.996
212.6634 344.862
213.5725 347.061
214.4638 348.83
215.2596 350.756
216.076 352.807
216.7973 355.181
217.5963 357.097
218.3781 359.225
219.1499 361.336
219.9746 363.303
220.8063 365.255
221.6266 367.644
222.4788 369.661
223.4018 371.688
224.3214 373.766
225.2995 375.219
226.2959 376.673
227.1669 378.49
227.9839 379.645
228.7091 381.23
229.4014 382.573
229.9481 384.306
230.4726 385.505
230.8762 386.739
231.2329 387.279
231.5089 387.454
231.6844 387.777
231.772 387.945
231.7625 388.199
231.6944 388.365
231.5067 388.436
231.3192 388.174
231.1018 387.981
230.8558 387.43
230.6009 386.765
230.3487 385.93
230.1189 385.02
229.8693 384.371
229.6535 383.66
229.4955 382.296
229.3526 381.143
229.2121 379.974
229.099 378.663
228.9337 377.174
228.8135 375.532
228.6944 373.552
228.4854 371.739
228.345 369.712
228.2508 367.366
228.1486 365.087
228.0813 362.719
228.087 360.265
228.1945 357.958
228.3966 355.623
228.6465 353.319
228.953 351.145
229.3394 349.051
229.7653 347.054
230.274 345.034
230.8383 343.218
231.4809 341.467
232.1626 340.01
232.8694 338.81
233.612 337.558
234.3929 336.299
235.1842 335.266
235.9747 334.288
236.7887 333.545
237.6024 332.917
238.4403 332.264
239.2539 331.923
240.02981 331.74
240.79195 331.614
241.48887 331.692
242.17091 331.851
242.8045 331.958
243.42946 332.175
244.0243 332.53
244.56357 333.129
245.10067 333.469
245.55533 333.969