253.24124 375.788
253.05197 375.761
252.83059 376.037
252.4842 376.318
252.06972 376.621
251.45267 376.677
250.730554 377.255
249.849314 377.295
248.77999 377.204
247.48752 377.08
246.10295 377.112
244.43476 376.97
242.70256 376.825
240.78731 376.475
238.7119 376.182
236.5858 375.845
234.3195 375.731
232.1288 374.746
229.8726 373.842
227.5894 372.99
225.221 371.986
222.7815 371.061
220.2979 369.886
217.7588 368.592
215.1355 367.404
212.5197 366.03
209.9357 364.702
207.4305 363.105
204.986 361.566
202.6768 359.933
200.4383 358.311
198.2251 356.65
196.0216 355.149
193.8373 353.692
191.7786 351.869
189.7052 350.287
187.7301 348.52
185.8545 346.798
183.9681 345.134
182.0761 343.575
180.2873 341.849
178.4941 340.263
176.9042 338.207
175.3784 336.374
173.7935 334.656
172.3854 332.772
171.0871 330.838
169.7274 329.182
168.4799 327.282
167.313 325.426
166.2924 323.337
165.2855 321.438
164.3087 319.778
163.4907 317.874
162.7841 316.04
162.1055 314.414
161.521 312.65
161.2203 310.87
160.9016 309.074
160.5627 307.252
160.1889 305.435
159.8701 303.335
159.6472 301.571
159.348 299.696
159.102 297.807
158.9911 295.908
158.8369 294.064
158.7196 292.251
158.6386 290.386
158.5296 288.593
158.5963 286.58
158.5997 284.724
158.6198 282.934
158.687 281.298
158.9749 279.648
159.3383 277.896
159.6557 276.205
159.863 274.448
160.3686 272.704
160.8341 271.146
161.4218 269.53
162.1113 267.929
162.6965 266.401
163.4445 265.155
164.3687 263.949
165.3403 262.721
166.4182 261.404
167.5564 260.216
168.7048 259.081
169.9259 258.314
171.0896 257.517
172.3263 256.569
173.6668 255.788
175.0747 255.069
176.5124 254.524
178.0349 254.019
179.6451 253.407
181.2168 253.038
182.8834 252.564
184.5256 252.356
186.2294 252.117
187.9292 252.124
189.6614 252.292
191.4638 252.416
193.2747 252.673
195.1453 253.129
197.0376 253.556
198.9147 254.265
200.8233 254.912
202.7399 255.872
204.6535 256.78
206.5431 257.96
208.4261 259.197
210.3 260.467
212.107 261.632
213.9097 262.932
215.6663 264.288
217.384 265.994
219.0183 267.625
220.5875 269.329
222.0977 271.19
223.572 272.993
224.9985 274.856
226.3647 276.662
227.6563 278.321
228.8362 280.246
229.9003 282.133
230.8725 284.089
231.7735 286.145
232.6244 288.033
233.4569 289.845
234.251 291.726
234.9954 293.556
235.6823 295.389
236.3015 297.272
236.8907 299.138
237.4676 301.18
238.0435 303.28
238.6353 305.291
239.245 307.368
239.8369 309.415
240.40193 311.47
240.96397 313.416
241.51746 315.424
242.08457 317.359
242.65467 319.142
243.19451 321.137
243.75619 322.906
244.25815 324.601
244.66923 326.316
245.01046 328.223
245.33577 330.067
245.63973 331.926
245.91372 333.627
246.13087 335.259
246.30568 337.014
246.47839 338.625
246.67325 340.027
246.85192 341.671
247.02215 343.25
247.18076 344.563
247.3269 345.766
247.45347 347.034
247.58066 348.237
247.72738 349.567
247.89142 350.767
248.07883 351.972
248.27723 353.124
248.47035 354.033
248.65006 354.944
248.82359 355.817
248.97822 356.924
249.113189 357.923
249.26689 358.662
249.421507 359.486
249.526736 360.359
249.647253 361.229
249.813787 361.846
249.9716595 362.434
250.16457 363.064
250.349231 363.539
250.543357 364.436
250.692203 364.999
250.857326 365.733
251.00697 366.529
251.20713 367.107
251.35253 367.575
251.50556 367.78
251.62569 367.871
251.68622 368.019
251.69416 368.145
251.73629 368.214
251.71863 368.212
251.68039 368.396
251.64108 368.301
251.59274 368.118
251.53908 367.805
251.42566 367.242
251.23588 366.615
251.00411 365.944
250.723092 364.948
250.464832 363.895
250.217187 362.729
249.99551719 361.282
249.79757 359.832
249.614984 358.36
249.408946 356.841
249.206052 355.038
249.003025 353.114
248.82032 351.19
248.68932 349.149
248.60656 347.163
248.50543 345.281
248.41512 343.118
248.31969 340.936
248.22873 338.9
248.13606 336.642
248.03942 334.322
247.95831 331.804
247.83769 329.546
247.75279 327.088
247.64436 324.873
247.59821 322.473
247.62589 320.279
247.69907 318.241
247.89948 316.191
248.14495 314.029
248.43363 311.797
248.76145 309.888
249.121579 308.042
249.468768 306.295
249.803151 304.435
250.213123 302.528
250.658252 300.695
251.11861 298.83
251.60217 297.036
252.12364 295.184
252.64073 293.643
253.19366 291.804
253.81223 290.104
254.41718 288.515
255.06171 286.998
255.78927 285.263
256.49883 283.908
257.26892 282.444
258.05414 281.072
258.82938 279.726
259.65953 278.347
260.5429 276.933
261.4572 275.608
262.4188 274.421
263.4501 273.211
264.5392 271.922
265.5906 270.667
266.6582 269.526
267.6798 268.566
268.6907 267.681
269.7029 266.777
270.7679 265.969
271.8486 265.18
272.9317 264.494
273.9462 263.973
275.0223 263.571
276.1057 263.188
277.2949 262.735
278.3471 262.447
279.39 262.176
280.4506 262.039
281.4978 262.107
282.4995 262.189
283.453 262.383
284.3833 262.626
285.2827 262.953
286.0767 263.305
286.7863 263.717
287.4062 264.204
287.9873 264.682
288.4942 265.204
288.9687 265.781
289.3896 266.364
289.7005 266.838
289.9823 267.345
290.1783 267.894
290.294 268.407
290.3115 269.01