323.6686 368.044
323.6578 368.149
323.6418 368.374
323.6129 368.896
323.4744 369.244
323.2356 369.491
322.894 369.731
322.4449 369.925
321.881 370.035
321.3103 370.439
320.5951 370.777
319.8167 371.223
318.8931 371.395
317.9079 371.633
316.8363 371.915
315.7268 372.321
314.4572 372.328
313.1453 372.452
311.7362 372.272
310.3588 372.465
308.7682 372.379
307.1147 372.073
305.4558 371.926
303.6391 371.444
301.7884 370.746
299.9381 370.203
298.086 369.33
296.1103 368.208
294.1487 367.354
292.2137 366.447
290.1738 365.211
288.1641 364.079
286.141 362.486
284.1859 361.009
282.2961 359.431
280.4786 357.692
278.7541 355.869
277.1596 354.085
275.6557 352.102
274.3396 350.245
273.1717 348.247
272.1746 346.406
271.3114 344.583
270.6116 342.756
270.0901 341.038
269.7283 339.433
269.5449 337.699
269.5549 335.905
269.68 334.428
269.9776 332.965
270.5122 331.487
271.1051 330.31
271.9119 329.469
272.8158 328.625
273.8978 327.866
275.1562 327.233
276.5625 326.961
278.0382 326.645
279.6289 326.601
281.2916 326.715
283.0302 327.249
284.7954 327.887
286.4927 328.572
288.1461 329.442
289.7263 330.445
291.2916 331.611
292.9127 332.841
294.4559 334.147
295.9305 335.685
297.3035 337.268
298.5465 338.921
299.7113 340.805
300.7193 342.509
301.6608 344.699
302.4547 346.778
303.1629 348.918
303.758 350.893
304.3455 353.061
304.8763 354.916
305.4601 356.926
305.9329 359.012
306.3224 360.838
306.712 362.719
307.0034 364.431
307.2544 366.11
307.4845 367.79
307.6241 369.222
307.7432 370.685
307.8661 372.041
308.0245 373.314
308.1643 374.729
308.2334 375.691
308.2666 376.412
308.315 377.143
308.2729 377.336
308.2997 377.595
308.2926 377.695
308.2523 377.55
308.204 377.269
308.1716 376.873
308.124 376.09
308.1079 375.303
308.0472 374.331
307.9387 372.896
307.9795 371.643
307.9798 370.066
308.1408 368.449
308.3037 366.634
308.4421 364.86
308.7202 363.129
308.9631 361.176
309.3281 359.09
309.8371 357.123
310.3306 355.237
310.8829 353.181
311.4215 351.34
311.9312 349.407
312.4413 347.72
312.9425 345.862
313.4776 344.211
314.0411 342.515
314.8011 340.974
315.5738 339.341
316.2674 338.021
316.9879 336.409
317.6884 335.09
318.3724 333.64
319.1412 332.564
319.9021 331.507
320.7154 330.559
321.5596 329.598
322.3607 328.733
323.3 327.692
324.1462 326.708
325.0031 326.202
325.9492 325.906
326.7522 325.611
327.6054 325.457
328.3987 325.159
329.2087 325.146
330.0452 325.166
330.8951 325.339
331.6877 325.629
332.407 325.994
333.0133 326.468
333.4765 326.808