212.6898 426.78
212.692 425.889
212.649 425.091
212.5817 424.27
212.4567 423.614
212.3478 422.541
212.2247 421.358
212.1209 419.76
211.9586 417.76
211.7525 415.945
211.55 414.01
211.3804 411.896
211.2224 409.637
211.0922 407.256
210.9739 405.006
210.8346 403.047
210.7923 400.517
210.7384 398.189
210.6881 395.517
210.6932 392.551
210.6804 389.7
210.7054 386.748
210.685 384.067
210.7105 381.229
210.6789 378.354
210.5967 375.556
210.4992 372.881
210.4322 370.578
210.4423 368.456
210.5577 366.477
210.7473 364.803
210.9902 363.454
211.252 362.17
211.5099 360.975
211.715 359.973
211.9374 358.979
212.1441 358.191
212.3209 357.795
212.4853 357.254
212.5797 356.976
212.6882 356.234
212.7356 355.384
212.7215 354.313
212.6337 353.439
212.4933 352.414
212.2681 351.107
212.0024 349.625
211.7595 347.905
211.5051 346.086
211.1787 344.476
210.9954 342.701
210.8363 340.858
210.7088 338.958
210.6049 336.744
210.5147 334.297
210.4039 332.061
210.3211 329.916
210.2153 327.988
210.1709 325.868
210.1221 323.898
210.0635 322.174
210.0497 320.415
209.9902 318.925
209.947 317.514
209.9974 315.765
210.0215 314.359
210.0708 313.192
210.1184 312.131
210.191 310.932
210.2221 309.888
210.1653 309.188
210.1064 308.415
210.0427 307.579
209.873 306.991
209.6547 306.527
209.4033 306.074
209.114 305.517
208.7847 305.037
208.3756 304.746
207.964 304.466
207.5683 304.159
207.1668 304.145
206.8762 304.016
206.6322 303.913
206.4627 303.854
206.3111 303.776
206.2189 303.663
206.1204 303.824
206.0496 304.15
206.0363 304.464
206.0808 304.781
206.1795 305.119
206.278 305.636
206.4433 306.193
206.6451 306.821
206.8292 307.659
207.0848 308.531
207.3098 309.776
207.5959 310.844
207.8658 312.015
208.1617 313.112
208.4211 314.436
208.7369 315.624
208.9958 317.292
209.3257 318.756
209.6605 320.271
210.026 321.782
210.386 323.528
210.7951 325.368
211.2377 327.079
211.6431 328.935
212.1203 330.829
212.649 332.672
213.2713 334.295
213.9282 336.261
214.6209 338.001
215.327 339.702
216.0159 341.491
216.7702 343.011
217.5397 344.646
218.3898 346.126
219.2499 347.603
220.1351 349.181
221.092 350.317
222.0912 351.365
223.2129 352.166
224.3832 352.888
225.5667 353.724
226.7933 354.534
228.0622 355.08
229.4099 355.274
230.7868 355.575
232.1771 356.064
233.5014 356.527
234.8415 356.559
236.1391 356.674
237.3916 356.701
238.6151 356.489
239.842 355.704
240.98836 355.116
242.03157 354.417
242.99852 353.775
243.92359 353.34
244.8538 352.513
245.70956 351.681
246.5732 350.791
247.34935 349.618
248.05994 348.406
248.6514 347.269
249.110592 345.986
249.499694 344.612
249.825709 343.433
250.117102 341.913
250.301178 340.499
250.366783 339.18
250.298533 337.95
250.0976434 336.7
249.79971 335.484
249.392197 334.092
248.85714 332.968
248.24471 331.857
247.53746 330.72
246.64919 329.593
245.69088 328.833
244.68662 328.027
243.7551 326.687
242.72183 325.484
241.64044 324.677
240.52219 323.82
239.4219 323.032
238.1449 322.273
236.9174 321.566
235.719 320.927
234.6547 320.166
233.4622 319.846
232.3044 319.421
231.2059 319.005
230.132 318.458
229.0792 318.037
228.061 317.448
227.0395 317.071
225.9733 316.709
224.8718 316.453
223.7592 316.205
222.6336 316.046
221.576 315.677
220.5976 315.238
219.6228 315.022
218.6062 315.042
217.6888 314.817
216.8023 314.589
215.9556 314.409
215.1762 314.276
214.46 314.004
213.7878 313.915
213.1414 314.039
212.6175 313.894
212.0857 313.929
211.6427 313.777
211.2123 313.787
210.8626 313.779
210.5877 313.73
210.3818 313.713
210.2496 313.596
210.1652 313.617
210.1723 313.495
210.1881 313.561
210.2665 313.629
210.4253 313.616
210.642 313.577
210.9064 313.501
211.2049 313.568
211.5127 313.589