212.1454 393.264
212.2879 392.739
212.403 391.823
212.4371 391.146
212.4084 390.278
212.3941 389.668
212.3755 388.753
212.398 387.455
212.3301 386.253
212.3104 384.575
212.196 382.821
212.1611 380.918
212.061 379.026
211.9217 376.921
211.7743 374.672
211.6384 372.084
211.4972 369.33
211.3356 366.394
211.2051 363.315
211.0893 360.267
210.9777 357.113
210.745 353.913
210.5377 350.586
210.3243 346.853
210.0896 343.297
209.7895 339.965
209.5406 336.218
209.2943 332.482
209.1525 328.769
209.02 325.203
208.984 321.502
208.9025 318.016
208.8923 314.492
208.9024 310.946
208.9211 307.35
209.0087 303.621
209.066 299.903
209.1919 296.1
209.2111 292.515
209.3304 288.657
209.2985 285.035
209.1659 281.493
209.0055 278.011
208.7663 274.601
208.5442 271.114
208.3208 267.691
208.1157 264.316
207.9034 261.105
207.7025 258.078
207.5901 255.019
207.5564 252.056
207.5036 249.344
207.5685 246.546
207.6314 243.982
207.6796 241.638
207.8327 239.228
207.9603 237.083
208.0831 235.051
208.1695 233.121
208.2546 231.139
208.2098 229.433
208.0884 227.878
208.002 226.245
207.8058 224.909
207.5968 223.663
207.3678 222.435
207.13 221.305
206.8263 220.448
206.5698 219.588
206.339 218.815
206.1145 218.286
205.8671 217.996
205.6673 217.616
205.4186 217.412
205.09 217.469
204.8375 217.363
204.5566 217.468
204.2669 217.788
204.0521 218.089
203.8549 218.516
203.6365 219.142
203.4422 219.75
203.2023 220.515
202.9006 221.516
202.6531 222.513
202.4869 223.503
202.308 224.865
202.2928 226.069
202.4079 227.347
202.5492 228.881
202.8906 230.226
203.2393 231.802
203.6903 233.31
204.1894 234.869
204.6103 236.701
205.0639 238.541
205.6237 240.248
206.2196 242.024
206.7784 243.891
207.3858 245.697
207.9761 247.497
208.6389 249.161
209.2902 250.866
210.0266 252.49
210.7727 254.108
211.5612 255.73
212.4159 257.312
213.3152 258.933
214.2831 260.468
215.3592 261.831
216.4548 263.17
217.6449 264.41
218.9817 265.366
220.3295 266.338
221.6657 267.416
223.0429 268.439
224.5535 269.253
226.1023 269.929
227.6921 270.448
229.1897 270.938
230.7383 271.174
232.2961 271.148
233.8273 271.153
235.3879 271.02
236.9373 270.778
238.605 270.458
240.14919 270.206
241.72574 269.833
243.26882 269.384
244.78438 268.779
246.16459 268.046
247.51457 267.159
248.84472 266.159
250.120765 265.149
251.31078 263.988
252.46679 262.791
253.46082 261.455
254.33238 260.093
255.0744 258.624
255.65897 256.981
256.06102 255.444
256.52448 253.708
256.79916 252.055
257.03189 250.339
257.11232 248.685
256.94234 247.046
256.76129 245.292
256.39045 243.727
255.96905 242.123
255.4581 240.564
254.81155 239.26
254.1198 238.039
253.43761 236.933
252.61505 235.89
251.67673 234.889
250.745311 233.803
249.808414 232.594
248.6884 231.502
247.57936 230.268
246.43823 229.044
245.09373 228.02
243.76449 226.908
242.35103 225.923
240.86018 225.123
239.3819 224.355
238.0462 223.397
236.6908 222.492
235.1574 221.884
233.5595 221.317
231.9804 220.64
230.308 220.079
228.5757 219.676
226.7891 219.44
224.9928 219.194
223.1732 218.977
221.4239 218.628
219.6019 218.646
217.8406 218.69
216.1686 218.774
214.5698 219.007
213.1125 219.164
211.6322 219.817
210.3028 220.441
209.1561 221.062
208.209 221.559
207.3481 222.308
206.6474 223.083
206.1107 223.995
205.7398 225.034
205.6247 225.956