267.5601 332.388
267.5557 332.613
267.4598 332.854
267.2315 332.769
266.9417 332.638
266.5633 332.429
266.1147 332.298
265.5392 332.097
264.9251 331.866
264.18 331.772
263.37 331.796
262.658 331.658
261.6665 331.291
260.6063 330.761
259.50994 330.535
258.38301 330.218
257.22237 329.958
256.07282 329.571
255.0365 329.129
253.7815 328.658
252.46151 328.139
251.06372 327.609
249.5902 326.924
248.08305 326.141
246.53797 325.326
245.00541 324.246
243.44319 323.152
241.86624 322.076
240.36591 320.943
238.8536 319.806
237.4058 318.642
236.0064 317.463
234.6802 316.103
233.3878 314.736
232.1106 313.326
230.892 311.962
229.6683 310.7
228.5139 309.324
227.4096 307.866
226.3834 306.354
225.4785 304.697
224.6548 303.047
223.8481 301.588
223.1615 299.98
222.6143 298.224
222.1879 296.46
221.7912 294.964
221.5919 293.448
221.5356 291.802
221.6042 290.165
221.7561 288.565
221.9733 287.022
222.2316 285.541
222.5962 284.048
223.0136 282.671
223.5757 281.165
224.242 279.674
225.0294 278.238
225.9461 276.76
226.8926 275.568
227.9256 274.368
229.0526 273.14
230.2706 271.819
231.5215 270.644
232.768 269.56
234.0765 268.397
235.4517 267.288
236.8645 266.154
238.242 265.211
239.6134 264.327
240.89014 263.745
242.22903 262.978
243.55276 262.237
244.89397 261.516
246.20482 260.883
247.49678 260.352
248.7919 259.743
250.0994553 259.11
251.28369 258.78
252.48538 258.27
253.67392 257.815
254.94353 257.31
256.22979 256.694
257.41108 256.372
258.66057 256.118
259.9075 255.774
261.144 255.498
262.3609 255.189
263.5092 254.955
264.5808 254.794
265.5916 254.591
266.5093 254.576
267.401 254.589
268.2402 254.612
269.0927 254.665
269.9552 254.731
270.7572 254.843
271.5264 255.027
272.2914 255.093
272.9722 255.361
273.5564 255.476
274.0383 255.656
274.4637 255.774
274.7706 256.029
275.0165 256.243
275.2212 256.551
275.3033 256.939
275.323 257.285
275.2575 257.369
275.1255 257.639
274.9354 257.845
274.7152 258.091
274.4401 258.322
274.135 258.468
273.8146 258.658
273.4879 258.865
273.1528 259.066
272.9214 258.992