301.3036 396.878
301.1697 397.021
301.0591 397.607
300.7401 397.727
300.3581 397.849
299.9954 398.398
299.4503 398.443
298.9414 398.9
298.3426 399.281
297.6444 399.666
296.8099 399.962
295.9502 400.34
294.9487 400.774
293.8845 401.474
292.6617 401.718
291.4165 402.245
290.1141 402.475
288.7159 402.556
287.221 402.595
285.6791 402.84
283.9701 402.906
282.1923 403.152
280.3216 403.223
278.3996 403.008
276.4261 402.632
274.4816 402.339
272.5151 401.734
270.5681 401.086
268.6124 399.957
266.6506 399.111
264.733 398.226
262.8023 397.39
260.9332 396.499
259.10023 395.274
257.33394 393.886
255.66366 392.517
254.04792 391.131
252.44253 389.952
250.949701 388.539
249.556176 387.081
248.24117 385.687
247.05903 384.103
245.99566 382.183
245.02803 380.27
244.17283 378.516
243.35071 376.936
242.6803 375.236
242.14355 373.363
241.69626 371.426
241.33254 369.622
241.12817 367.742
241.00023 365.962
240.88942 364.058
240.82402 362.184
240.80788 360.238
240.86616 358.474
241.06546 356.724
241.38219 354.808
241.81475 353.07
242.3313 351.308
242.94361 349.617
243.61119 348.056
244.33581 346.502
245.09273 344.938
245.87011 343.62
246.72246 342.332
247.57602 340.967
248.52938 339.719
249.539882 338.479
250.561436 337.378
251.58266 336.169
252.60745 335.051
253.62543 334.077
254.66003 333.151
255.70097 332.23
256.75743 331.3
257.87196 330.518
258.92698 329.948
260.0619 329.249
261.2436 328.74
262.5267 328.353
263.8326 327.998
265.174 327.767
266.4935 327.452
267.8551 327.356
269.2164 327.136
270.565 326.947
271.8733 327.012
273.2206 327.137
274.5386 327.327
275.7647 327.301
276.9904 327.579
278.1214 327.836
279.1673 328.109
280.154 328.41
281.1149 328.806
282.0488 329.129
282.9588 329.386
283.883 329.736
284.7661 330.201
285.6006 330.799
286.3885 331.347
287.1092 331.991
287.7109 332.487
288.2549 333.106
288.7551 334.077
289.177 334.817
289.4217 335.268
289.7757 335.666
290.0618 336.429
290.2558 336.931
290.46 337.804
290.5849 338.496
290.6229 339.177
290.5639 339.716
290.4352 340.343
290.2072 340.984
289.8826 341.485
289.4951 341.827
289.1374 342.23
288.8117 342.793
288.3482 343.057
287.9756 343.184
287.5498 343.13
287.0869 343.216
286.6556 343.285