277.9408 409.457
278.0134 409.748
277.9115 409.821
277.7555 410.203
277.4176 410.507
276.9571 411.433
276.3043 412.116
275.4488 412.713
274.3848 413.07
273.1563 413.651
271.7746 414.761
270.2653 414.703
268.767 414.77
267.2643 414.858
265.8196 415.365
264.3018 415.41
262.7362 414.679
261.1547 414.123
259.61037 414.091
258.03818 413.611
256.47412 413.31
254.84507 412.807
253.22451 412.127
251.61766 411.36
250.0527872 410.557
248.50751 409.671
246.96766 408.532
245.4543 407.516
243.97847 406.805
242.52178 405.604
241.14505 404.358
239.8245 402.893
238.5513 401.815
237.3913 400.213
236.2195 398.643
235.1146 396.974
234.0884 394.742
233.183 392.939
232.3095 391.374
231.5103 389.857
230.8121 388.387
230.1977 386.593
229.6853 384.494
229.155 382.638
228.7038 380.519
228.2992 378.389
227.9813 376.415
227.7157 374.375
227.5217 372.318
227.4016 370.371
227.362 368.741
227.4203 367.256
227.5538 365.7
227.7978 364.089
228.1103 362.553
228.516 361.041
229.0037 359.539
229.5586 358.193
230.2223 356.697
230.9883 355.218
231.7223 353.833
232.4837 352.563
233.3216 351.24
234.2356 349.989
235.1514 348.969
236.1056 347.931
237.0708 346.737
238.0308 345.614
239.0328 344.855
240.04765 343.932
241.05621 343.091
242.11717 342.22
243.21997 341.457
244.37293 340.668
245.53226 340.159
246.7136 339.602
247.91454 339.122
249.075353 338.777
250.25027 338.485
251.41844 338.156
252.63203 337.933
253.88892 337.94
255.12495 337.804
256.35348 337.613
257.61207 337.604
258.80726 337.401
260.0184 337.388
261.2159 337.656
262.3581 337.77
263.4235 337.932
264.5281 338.128
265.5633 338.206
266.576 338.525
267.5276 338.675
268.4418 339.028
269.2631 339.63
270.0169 340.018
270.6783 340.518
271.2511 341.089
271.6942 341.749
272.0112 342.48
272.1991 343.294
272.2483 344.103
272.2183 344.962
272.1134 345.508
271.9428 345.833
271.7116 346.199