272.9981 356.098
272.9216 356.534
272.7192 356.851
272.4489 357.163
272.1262 357.777
271.6428 358.134
271.0312 358.38
270.3681 358.776
269.6338 359.312
268.7347 359.697
267.7712 359.945
266.7369 360.144
265.6469 360.469
264.4618 360.595
263.2352 360.753
261.9961 360.668
260.7139 360.564
259.37954 360.636
258.02524 360.54
256.62305 360.255
255.16779 359.944
253.66361 359.509
252.12511 358.952
250.577279 358.341
249.06054 357.837
247.58866 356.974
246.12475 356.12
244.67646 355.117
243.208 354.168
241.73456 353.138
240.32931 351.908
238.9526 350.613
237.6342 349.26
236.3839 348.066
235.2131 346.598
234.1309 345.246
233.1483 343.759
232.2442 342.249
231.4463 340.883
230.8048 339.271
230.3081 337.759
229.9945 336.088
229.8386 334.317
229.8603 332.537
230.0613 330.723
230.4626 328.846
231.0086 327.069
231.6312 325.48
232.3316 323.727
233.0547 322.13
233.7809 320.593
234.6027 319.089
235.4212 317.705
236.3216 316.285
237.3212 314.853
238.345 313.424
239.4403 312.071
240.58013 310.755
241.75781 309.48
242.97041 308.15
244.25397 306.984
245.56397 306.035
246.92249 304.951
248.32927 303.899
249.75781 303.004
251.18019 302.19
252.65567 301.689
254.15076 301.137
255.63939 300.739
257.13367 300.6
258.55173 300.662
259.80793 300.742
260.9762 300.896
262.0495 301.063
263.1303 301.089
263.9301 301.206
264.3379 301.616
264.576 301.995
264.7775 302.26
264.7844 302.785
264.6758 303.569
264.4066 304.17
264.0225 304.728
263.5843 305.564
263.0767 306.24