274.6293 345.639
271.5144 346.336
267.953 346.433
264.0341 345.731
259.85537 343.839
255.63844 341.025
251.47891 337.105
247.6899 332.287
244.2943 327.059
241.50129 321.607
239.491 316.502
238.1949 311.909
237.5476 307.782
237.3499 303.856
237.6654 300.537
238.5283 298.017
239.86 295.997
241.65246 294.509
243.95612 293.507
246.69548 293.093
249.897177 293.996
253.3448 295.329
256.92259 297.299
260.4826 300.036
263.8416 303.67
266.9276 308.078
269.6977 313.111
272.1947 319.154
274.4062 325.695
276.3868 333.051
278.0522 341.028
279.4644 349.237
280.7067 357.68
281.8272 366.474
282.7374 374.849
283.33 382.726
283.8376 389.967
284.383 396.682
284.9548 402.658
285.3609 407.263
285.8075 410.837
286.402 414.551
286.7862 417.742
287.1058 420.422
287.3871 422.934
287.6617 425.339
287.8134 427.78
287.8364 429.453
287.7749 430.335
287.5458 430.16
287.3996 430.42
287.3219 430.501
287.374 430.516
287.023 429.206
286.6313 427.304
286.2122 425.389
285.8856 423.186
285.4527 420.338
284.8766 416.025
284.2401 411.063
283.6254 405.564
282.9249 398.933
282.2393 391.138
281.566 382.741
281.0235 374.493
280.4961 365.902
279.9983 357.32
279.6258 348.982
279.2654 341.284
279.006 334.279
278.7316 327.752
278.5678 322.161
278.5063 317.173
278.6861 312.954
279.0421 309.562
279.5241 307.03
280.1651 304.796
280.9164 303.05
281.6791 301.867
282.5298 301.082
283.4442 300.829
284.374 300.931
285.2601 301.102
286.0372 301.368
286.7567 301.981
287.484 302.756
288.181 303.61
288.8639 304.559
289.6585 305.319
290.4009 306.501
291.1417 307.707
291.8305 309.127
292.4598 310.617
293.079 312.024
293.6581 313.289
294.2062 314.612
294.7506 316.205