241.06812 331.041
240.51797 331.361
239.8763 331.736
239.118 332.206
238.2383 332.712
237.2145 333.177
236.0032 333.74
234.6459 334.346
233.1118 334.939
231.4305 335.28
229.6098 335.396
227.6492 335.256
225.5058 335.05
223.2301 334.642
220.7912 333.929
218.197 333.149
215.6217 331.829
213.2792 330.318
211.0505 328.726
209.0548 326.924
207.2366 325.012
205.5594 323.133
204.0028 321.207
202.6273 319.168
201.5198 316.907
200.4724 314.792
199.6243 312.306
198.9544 309.906
198.4303 307.667
198.2223 305.501
198.119 303.201
198.1572 300.887
198.229 298.732
198.4639 296.697
198.8066 294.652
199.2838 292.78
199.8826 291.008
200.5804 289.355
201.3971 287.828
202.3561 286.554
203.4339 285.279
204.6268 284.308
205.9117 283.536
207.3117 283.286
208.7839 283.364
210.3408 283.735
211.9945 284.439
213.7444 285.274
215.5414 286.418
217.3703 287.89
219.2026 289.187
221.0689 290.85
222.9892 292.473
224.9466 294.384
226.9374 296.367
228.9141 298.446
230.8041 300.743
232.5432 303.207
234.0952 306.153
235.4345 309.222
236.6547 312.858
237.8986 316.748
239.1888 320.908
240.6264 325.289
242.10576 329.557
243.53447 333.718
244.88392 337.567
246.22104 341.508
247.54304 345.244
248.91932 348.939
250.308372 352.742
251.6208 356.482
252.83032 360.306
254.00161 363.799
255.09982 367.064
256.13641 370.477
257.20297 373.713
258.1636 376.782
258.97845 379.75
259.65923 382.433
260.1438 385.274
260.4311 387.873
260.5774 390.153
260.8474 392.648
260.9075 394.526
261.2201 397.111
261.558 399.094
261.9324 401.076
262.2881 402.981
262.6045 405.097
262.8844 406.997
263.3479 409.188
263.3907 410.124
263.3947 411.086
263.4656 412.238
263.5529 413.152
263.6441 414.011
263.6974 414.569
263.7037 415.057
263.6381 415.75
263.5751 416.085
263.4266 416.6
263.3124 417.226
263.1116 417.784
262.8807 417.767
262.5828 417.815
262.2575 417.729
261.9253 417.61
261.6197 416.838
261.5736 416.991
261.289 416.55
260.9436 416.211
260.5755 415.677
260.3922 415.363
259.99813 414.427
259.62186 413.249
259.08091 411.5
258.40596 409.198
257.62465 406.672
256.84698 404.247
256.00943 401.595
255.1302 398.934
254.27081 396.243
253.3894 393.676
252.56099 390.856
251.65246 387.873
250.677741 384.132
249.57348 379.878
248.48782 375.335
247.52327 371.148
246.74553 367.38
246.15028 364.024
245.68479 360.5
245.31368 357.194
245.04572 354.124
244.76911 351.235
244.40617 348.193
243.95801 345.118
243.44495 341.953
242.98752 338.607
242.5851 335.036
242.27131 331.61
242.08106 328.194
241.97375 324.895
242.02434 321.621
242.21295 318.441
242.50471 315.304
242.85458 312.294
243.29705 309.398
243.89129 306.459
244.62832 303.408
245.44538 300.503
246.30627 297.825
247.21919 295.526
248.13083 293.561
249.070219 291.939
250.0116249 290.508
250.940819 289.224
251.84975 288.238
252.75673 287.603
253.6593 287.177
254.54745 286.929
255.4467 286.841
256.28945 287.024
257.0723 287.271
257.74965 287.569
258.28597 288.02
258.67628 288.433
258.91366 289.004
259.03456 289.738
259.08877 290.597
259.06568 291.58
258.97494 292.61
258.82623 293.75
258.66742 294.978
258.45858 296.063
258.25363 296.938
257.96669 297.684
257.58069 298.568
257.084 299.614
256.53905 300.52