273.4914 356.77
272.6721 357.275
271.6915 357.729
270.4872 358.069
269.0735 358.21
267.4714 358.184
265.7192 357.634
263.8761 356.907
262.0125 356.083
260.1536 354.897
258.32279 353.331
256.53111 351.355
254.84321 349.671
253.23196 347.666
251.75119 345.376
250.381811 342.901
249.120714 340.358
247.9784 337.676
247.05151 334.556
246.36324 331.462
245.98653 328.263
245.81688 325.24
245.82966 322.257
246.02942 319.291
246.45976 316.549
247.02951 314.076
247.75712 311.98
248.64968 309.937
249.746292 308.377
250.953441 306.969
252.31248 306.25
253.7865 305.879
255.38847 306.172
257.03725 306.767
258.80161 307.449
260.6953 308.655
262.73 310.378
264.831 312.901
267.051 315.94
269.2329 319.808
271.4029 324.197
273.503 328.933
275.3978 334.045
277.0535 339.135
278.3642 344.063
279.2278 349.235
279.7042 354.527
279.9088 359.906
280.0818 365.259
280.2409 370.703
280.451 375.805
280.8339 380.879
281.354 385.751
281.9349 390.119
282.5687 394.084
283.2394 398.321
283.8097 401.909
284.309 405.162
284.7386 408.677
285.1425 412.418
285.2695 415.35
285.5013 418.626
285.6526 421.6
285.6448 423.394
285.5274 424.679
285.6834 426.887
285.831 429.015
285.8907 430.548
285.9003 432.189
285.7011 432.938
285.517 433.947
285.2533 434.315
284.957 434.449
284.5745 434.112
284.1376 432.915
283.7797 431.621
283.4932 430.225
283.0341 427.683
282.5158 424.155
282.072 420.602
281.583 416.473
281.0891 411.854
280.6894 406.865
280.4158 402.049
280.1028 396.897
279.7469 391.199
279.4104 384.86
278.904 377.676
278.3173 370.081
277.7698 362.433
277.3813 354.809
277.2164 347.274
277.373 340.446
277.7054 333.92
278.3491 327.77
279.1891 322.403
280.1078 317.697
281.0923 314.178
282.0808 311.918
283.0199 310.659
283.8831 310.119
284.6618 310.114
285.4354 310.613
286.2106 311.423
286.9892 312.255
287.7646 313.215
288.4541 314.389
289.0552 315.627
289.5503 316.642
289.9921 317.663
290.3748 318.658
290.6615 319.228
290.8959 319.754
291.0171 320.065
291.1163 320.136
291.1982 320.067
291.1807 320.344
291.1558 320.336
291.1449 319.958
291.1657 319.363
291.0813 319.254
291.0124 318.483
290.9932 317.601