221.6591 282.927
223.9482 283.039
226.5239 283.453
229.3052 284.446
232.1708 285.958
234.9571 287.956
237.527 290.545
239.8184 293.666
241.77488 297.284
243.25064 301.087
244.21959 305.257
244.6892 309.197
244.82743 313.143
244.72406 317.092
244.43979 320.612
243.90094 324.084
243.06225 326.846
241.97518 329.073
240.64452 330.931
239.1485 332.238
237.5474 332.858
235.9281 332.918
234.3286 332.393
232.7085 331.382
231.0685 329.73
229.4926 327.124
227.9856 323.611
226.6404 319.336
225.4514 314.724
224.5325 309.928
223.9378 305.081
223.6888 300.629
224.0407 296.583
224.8127 292.77
226.0444 289.357
227.6877 286.312
229.7553 283.695
232.1898 281.478
234.9349 279.416
237.946 278.072
241.15247 277.082
244.46628 276.433
247.59796 276.581
250.33944 277.407
252.72702 278.555
254.88636 279.917
256.91665 281.367
258.74397 283.095
260.2553 285.097
261.5187 287.036
262.5639 288.989
263.5471 290.75
264.3861 292.867
265.0844 295.017
265.4346 297.249
265.6802 299.116
265.6968 300.727
265.5751 302.132
265.3656 303.263
265.0571 304.093
264.7432 304.701
264.4459 305.213
264.1938 305.645
263.9784 305.986
263.7466 306.373
263.473 306.727
263.1374 307.059
262.7556 307.266
262.3901 307.449
262.0102 307.524
261.6938 307.641
261.4536 307.703
261.3048 307.84