208.537 338.182
208.3767 338.426
208.3378 338.218
208.3056 337.958
208.3768 337.306
208.4907 336.706
209.0545 335.319
209.777 333.997
210.7167 332.739
212.5603 331.098
215.2381 329.548
218.5367 328.346
222.2733 327.944
226.2486 328.686
230.0346 330.774
233.4474 334.474
235.8067 337.839
237.3798 340.936
237.8996 344.448
236.9752 347.999
235.5652 350.537
232.7063 352.227
229.0983 353.131
226.0924 353.216
223.5005 352.514
221.1591 350.884
218.9783 348.665
216.4311 344.246
214.1962 337.997
212.6533 330.721
212.1748 323.833
212.856 317.942
214.8981 312.866
217.1166 309.23
220.7608 305.695
225.129 303.113
229.7414 301.29
233.4823 300.176
237.3612 299.958
240.86457 300.628
243.53078 301.321
246.00783 302.465
247.86226 303.437
249.448013 304.682
250.572347 305.994