210.0623 370.743
209.8005 370.628
209.6067 370.13
209.6194 369.543
209.6704 368.888
210.2566 368.153
211.171 367.482
212.4413 366.635
214.1292 366.056
215.5923 365.684
217.5429 365.342
219.3103 365.156
220.9256 364.896
222.515 364.629
224.0124 364.474
225.472 364.448
226.9356 364.695
228.424 364.914
229.9161 365.183
231.4465 365.397
233.5694 365.856
236.0752 366.433
238.8541 367.252
241.83133 367.978
244.95057 369.081
248.15511 370.276
250.814789 371.347
253.64922 372.534
256.03425 373.926
258.07768 374.761
259.92417 375.798
262.2386 377.529
264.2005 378.556
266.326 380.03
268.462 381.544
270.1956 383.17
271.6499 384.993
273.2171 387.087
274.5229 388.855
275.5532 390.693
276.4041 392.303
277.2668 394.458
277.8422 396.809
278.1922 398.906
278.3755 401.131
278.384 403.42
278.3114 405.145
278.1268 406.471
277.679 407.772
276.9598 409.173
275.9234 410.172
274.5922 411.105
273.3782 411.633
272.1682 411.92
270.5858 412.343
269.1634 412.775
267.7845 412.898
265.9294 412.558
264.2612 412.649
262.6549 411.916
261.1018 412.074
259.60327 411.622
257.64638 411.237
255.42276 410.673
253.04685 409.718
250.580427 408.638
248.55734 407.35
246.81529 406.541
245.26936 405.386
243.41818 403.866
241.4275 401.546
239.4126 399.531
237.3388 397.616
235.2494 395.207
233.0831 392.794
231.01 390.402
229.1171 388.145
227.5351 385.699
226.1402 383.314
225.0978 381.182
224.2775 379.101
223.7168 377.155
223.1953 375.302
222.7599 373.056
222.4352 371.04
222.2062 369.305
222.0869 367.699
221.9699 366.159
221.893 364.537
221.8153 363.032
221.7548 360.746
221.8112 358.003
222.0441 355.166
222.6777 351.95
223.5616 348.485
224.5679 345.3
225.4789 342.616
226.3645 340.446
227.7163 338.161
228.9837 335.993
230.2072 334.278
231.4043 332.844
233.085 331.239
234.5961 329.839
236.4702 328.629
238.5999 327.388
240.94462 326.221
242.86642 325.474
244.50111 324.838
245.93797 324.4
247.67504 323.694
249.600051 322.878
251.60755 322.078
253.58635 321.531
255.53321 321.168
257.12513 320.934
258.89562 321.061
260.7429 321.197
262.2365 321.253
263.7817 321.653
265.3866 322.031
267.0423 322.592
268.41 322.824
269.8506 322.934
271.1532 323.004
272.2507 322.977
273.0943 322.884
273.7438 322.398
274.1606 322.441
274.4794 322.334
274.376 322.647
274.0527 323.167
273.7253 323.649
273.3674 324.059
273.2009 324.213
273.1138 324.709
272.912 325.875
272.6076 326.443
272.355 326.907