253.60257 321.489
253.49663 321.422
253.37802 321.005
253.29283 320.527
253.25646 320.281
253.25768 320.115
253.44419 319.717
253.6607 319.477
253.96525 319.166
254.29525 319.04
254.67838 318.843
255.12722 318.883
255.65917 318.87
256.29646 318.856
256.94954 318.881
257.66316 318.907
258.41696 318.871
259.18768 318.843
259.94355 318.818
260.7157 318.962
261.5088 319.234
262.3375 319.616
263.2016 319.973
264.0772 320.345
265.0126 320.737
266.4087 321.379
268.1183 322.365
269.5637 323.35
271.2754 324.464
273.2077 326.118
275.3932 327.788
277.6509 329.611
279.517 331.471
281.121 333.349
282.5218 335.083
283.728 336.716
284.7844 338.496
285.7359 340.124
286.6315 341.759
287.4875 343.562
288.4185 345.848
289.1454 347.742
289.8517 350.527
290.3553 353.189
290.7847 355.934
290.933 358.554
290.868 361.269
290.6236 363.292
290.115 365.101
289.5902 366.703
288.9025 367.591
288.1005 368.248
287.3171 368.433
285.8859 368.157
284.5531 367.537
283.3497 367.311
282.1128 366.586
280.9658 366.079
279.7796 365.218
278.6351 364.175
277.0241 362.343
275.021 359.881
273.2207 357.416
271.6006 355.05
270.1353 353.012
268.36 350.37
266.4652 347.455
264.9745 344.842
263.7543 342.321
262.4766 338.62
261.3606 334.163
260.6227 330.539
260.1642 327.385
259.89073 324.377
259.97451 320.673
260.5193 316.556
261.5297 311.889
262.6893 307.748
264.2023 303.107
265.4641 299.652
267.1134 296.519
269.311 293.975
272.2686 292.014
274.9517 290.894
277.5701 290.342
280.221 290.225
282.8416 290.653
285.4165 291.249
287.85 292.012
290.0554 293.015
292.0496 294.035
293.9589 295.252
295.6928 296.502
297.6074 298.392
299.1447 300.03
300.4463 301.634
301.5395 302.957
302.4438 304.088
303.1649 305.05
303.9656 305.769
304.5892 306.444
305.101 306.932
305.4609 307.245
305.7443 307.625
305.9713 307.95
306.1352 308.323
306.2615 308.919
306.3212 309.47
306.2915 309.795
306.2551 310.333
306.2161 310.751
306.1812 311.297
306.1148 311.694
305.895 311.885
305.5944 312.197
305.3354 312.609