220.6825 289.995
220.5761 289.953
220.4927 289.82
220.4457 289.741
220.4557 289.61
220.5836 289.253
220.7666 288.963
221.2466 288.548
221.8134 288.24
222.8367 288.117
223.9005 287.842
224.9906 287.819
226.1666 287.829
227.4018 287.87
228.7034 287.98
230.0382 288.057
231.4056 288.277
232.8104 288.574
234.2462 288.935
235.7168 289.339
237.2342 289.704
238.7815 290.177
240.35035 290.635
241.93005 291.25
243.55873 291.829
245.1998 292.487
247.5521 293.401
250.37844 294.437
252.79414 295.399
254.94101 296.35
256.9442 297.421
258.82369 298.589
260.6292 299.872
262.4019 301.147
264.1664 302.493
266.5749 304.219
268.6133 305.725
270.4246 307.096
272.0405 308.638
273.878 310.818
275.3162 312.902
276.423 314.841
277.3017 316.599
277.9596 318.23
278.4732 319.793
278.9544 321.263
279.3757 322.731
279.676 324.082
279.7959 325.819
279.593 328.077
279.0715 330.49
278.1478 332.901
276.9443 334.808
275.4056 336.188
273.9706 337.208
272.6578 337.939
271.3774 338.442
270.1576 338.833
268.8687 338.89
267.5491 338.779
266.2982 338.405
265.1154 337.854
263.8749 336.828
262.6233 335.586
261.4256 334.175
260.3021 332.763
259.25573 331.181
258.25918 329.547
257.2908 327.921
256.35828 326.323
255.40197 324.844
254.49521 323.3
253.61479 321.772
252.7772 320.255
251.93799 317.904
251.30307 314.437
250.885418 311.33
250.622164 308.389
250.476105 305.688
250.459049 303.108
250.564286 300.464
250.782644 297.696
251.11675 294.953
251.57055 292.356
252.10722 289.916
252.71973 287.485
253.42728 284.961
254.20689 282.436
255.10221 279.858
256.1291 277.348
257.32313 275.034
258.71306 272.811
260.2902 270.709
262.8576 268.365
265.2675 266.478
267.636 264.737
269.9531 263.511
272.2569 262.605
274.5776 261.836
276.9556 261.28
279.2878 261.054
281.6086 260.931
283.8958 261.036
286.1974 261.193
288.4247 261.459
290.5214 261.834
293.187 262.519
295.954 263.537
298.1513 264.333
300.4167 265.201
302.4856 266.185
304.1022 267.177
305.2182 267.918
306.2235 268.904
307.1204 270.231
307.9212 272.005
308.4051 273.346
308.6514 274.558
308.6347 275.813
308.55 276.726
308.1534 278.026
307.8739 278.721