277.9095 382.149
277.8331 384.16
277.5291 386.081
277.0771 388.336
276.4528 390.891
275.6459 393.535
274.6736 395.961
273.6873 398.669
272.6202 400.993
271.4495 403.246
270.103 404.989
268.5741 406.41
266.8238 407.54
264.9269 408.486
262.928 409.873
260.8416 410.65
258.68163 411.02
256.62507 411.432
254.73959 410.819
253.03917 410.169
251.48688 409.383
250.0353181 408.331
248.66506 406.128
247.35365 403.299
245.88283 398.663
244.92548 391.687
244.93592 383.874
245.26825 376.798
246.17024 367.601
247.43553 356.871
248.58476 347.926
249.9343378 337.58
251.10946 326.737
252.04367 316.001
252.95939 305.96
253.75459 297.011
254.40304 288.706
254.8547 282.005
255.10898 276.88
255.22266 273.181
254.91255 271.602
254.12987 272.436
252.90177 274.979
251.72874 278.081
250.589404 281.123
248.84822 286.142
247.18182 291.116
245.50016 296.198
243.01771 303.629
240.07826 311.66
237.6617 318.151
235.5493 323.331
233.5933 327.749
231.0127 332.369
227.8402 336.613
224.6242 340.089
221.7336 342.714
219.3949 344.316
217.666 344.718
216.4769 344.104
215.8049 343.147
215.5055 342.208
215.5151 341.375
215.8489 340.715
216.3982 340.308
217.2129 339.746
218.2734 339.191
219.649 338.902
221.4592 338.503
225.0557 338.609
230.2676 339.231
236.5633 340.168
243.49989 341.294
249.217671 342.104
254.21834 342.529
260.0683 342.992
264.9911 343.63
269.1572 344.157
272.7375 344.603
275.7777 345.166
278.2781 345.404
280.3119 345.626
281.8977 346.022
283.0733 346.516
283.7019 346.949
283.9876 347.481
283.9688 347.991
283.7326 348.451
283.4174 349.127
282.8854 349.516
282.2939 350.272
281.5082 350.838
280.6363 351.215
279.6963 351.929
278.6961 352.512
277.296 352.846
276.0826 353.22
275.0033 353.545