326.6092 370.889
328.4976 373.741
329.1033 378.363
328.3229 384.626
325.816 391.771
321.5373 398.415
317.4429 403.373
312.9547 408.385
309.3088 412.126
306.3691 414.398
304.0619 415.722
302.2146 415.979
300.7876 415.637
299.6213 414.866
298.2865 412.222
296.8982 407.546
295.6372 399.791
294.9718 389.986
294.6271 379.125
294.6366 367.706
295.1548 355.588
296.2756 342.443
297.9796 328.54
299.7287 315.362
301.4739 304.177
302.7288 296.231
303.7085 290.012
304.5054 284.874
305.1278 280.561
305.4159 275.767
304.7943 271.202
303.3481 267.776
301.8997 266.004
299.9425 266.173
297.5916 268.123
294.8318 272.072
291.5321 277.466
288.6129 282.377
284.6602 288.818
279.5962 296.096
273.9062 303.609
267.8782 310.859
263.0067 316.522
257.89752 322.357
253.87333 327.032
250.536892 330.736
247.72488 333.715
244.52572 336.622
241.23918 339.154
238.1528 340.944
235.4093 342.17
233.2834 342.912
232.0647 343.121
231.6734 343.218
232.0728 342.77
233.207 342.266
234.9479 341.669
237.3364 340.897
242.61378 340.519
251.40176 340.851
263.1847 342.067
276.8227 343.867
288.1076 345.172
297.7073 346.416
307.6012 347.752
315.7493 349.307
321.2683 350.844
324.7338 352.022
326.5406 353.874
326.8052 355.945
326.4991 357.736
325.8 359.234
325.0341 360.806
324.1834 361.927
323.2697 362.637
322.2579 363.316
321.2201 363.858
319.7881 364.322
318.4177 364.628
316.6523 364.814
315.0605 365.006
313.6755 365.209
312.4627 365.142
311.2655 365.23