261.712 371.672
262.0739 373.136
262.4507 375.189
262.5638 377.472
262.2829 380.143
261.2407 382.619
259.2605 384.568
256.65208 385.915
253.62774 386.377
250.0367767 385.947
245.81108 383.803
241.06569 379.972
237.3082 376.094
233.3881 370.634
229.5545 364.248
226.3156 356.684
223.8712 348.967
222.5611 341.541
221.9528 335.953
221.8562 331.829
222.1879 328.844
222.8717 326.618
223.9101 325.12
225.3065 324.102
227.0317 323.894
228.9903 324.137
231.2331 324.98
233.635 326.158
236.0918 327.634
239.3074 330.31
242.56044 334.135
245.5769 338.921
248.09658 344.77
250.00295548 350.859
251.40545 356.264
252.51974 361.259
253.14141 365.718
253.43446 369.667
253.5408 372.895
253.51216 375.012
253.41919 375.85
253.26468 375.266
253.06128 374.071
252.93175 372.277
253.08389 370.185
253.50899 367.805
253.92945 365.756
254.36113 363.605
254.71892 360.025
255.15535 355.601
255.77881 350.624
256.44174 344.8
256.89378 338.032
256.86643 330.671
256.65869 322.225
256.14629 312.674
255.42808 303.914
254.54139 296.356
253.33464 290.053
251.70792 285.014
249.632772 281.158
247.13175 278.231
244.27959 276.608
241.19961 275.866
238.2207 275.917
235.7384 277.209
233.9828 279.37
232.9988 282.511
232.8226 286.418
233.3766 290.586
234.5776 294.662