337.8784 396.405
337.8579 397.287
337.7012 398.249
337.509 399.363
337.0909 400.266
336.6132 401.421
336.0078 402.805
335.1073 403.78
333.8952 404.712
332.4339 405.498
330.5955 405.619
328.6312 405.85
326.5901 406.109
324.3976 406.335
321.9116 405.936
319.2533 405.309
316.377 404.098
313.5339 402.911
310.7398 401.691
307.9336 399.624
305.3046 397.508
302.7789 394.688
300.3699 391.248
298.1109 387.414
296.0451 383.339
294.2235 379.016
292.6592 374.854
291.3511 370.949
290.3624 367.668
289.661 364.852
289.1584 361.971
288.9379 359.197
288.9871 356.41
289.309 353.419
289.9722 350.591
290.8484 347.72
291.8918 344.814
293.1073 342.476
294.4384 340.393
295.9566 339.044
297.5516 337.822
299.3625 337.328
301.315 337.239
303.3655 337.684
305.4714 338.44
307.5775 339.395
309.7491 340.993
311.8253 342.926
313.836 345.336
315.7595 347.878
317.6859 350.727
319.6228 353.575
321.4393 356.36
323.0487 359.227
324.4352 362.145
325.5921 365.018
326.4662 367.668
327.1366 370.589
327.7384 373.544
328.1248 376.548
328.2463 379.218
328.3805 381.773
328.5442 384.334
328.4859 386.105
328.5413 387.909
328.5854 389.724
328.6679 391.693
328.6434 393.243
328.5396 394.475
328.5597 395.93
328.582 397.216
328.745 398.861
328.773 399.72
328.6246 399.946
328.7481 400.613
328.8325 401.163
328.7843 401.01
328.7634 400.834
328.8728 400.77
328.9315 400.099
329.0193 399.041
329.1074 397.564
329.2701 395.764
329.5372 394.133
329.8684 392.399
330.1962 389.941
330.4479 386.303
330.654 382.176
330.8824 377.188
331.1171 371.477
331.2892 365.253
331.3629 358.691
331.5239 352.66
331.7146 346.677
331.8989 341.203
332.3326 336.015
332.8104 330.759
333.2576 325.567
333.7007 320.634
334.2733 316.119
334.6673 311.569
334.9262 307.528
335.1896 303.753
335.2721 300.472
335.3865 297.231
335.2571 294.197
335.1181 291.273
334.8243 287.953
334.4326 284.829
333.859 282.028
333.1322 278.997
332.3487 276.377
331.4598 273.401
330.5761 270.455
329.4615 267.899
328.2744 265.688
326.9362 263.377
325.4284 260.989
323.7591 258.754
321.7909 256.684
319.6315 255.218
317.0485 254.427
314.1849 253.891
311.0454 253.862
307.7289 254.371
304.3428 255.875
301.2165 257.714
298.6148 259.838
296.6382 262.371
295.3434 265.054
294.6991 267.946
294.6071 270.774
294.9263 273.573
295.4896 276.444
296.239 279.361
297.0655 281.846
297.8921 284.327
298.6772 286.682