169.4049 391.482
169.287 391.895
169.2204 392.035
169.089 392.415
168.9703 392.674
168.619 393.287
168.1306 393.671
167.3941 394.231
166.3924 394.873
165.1289 395.444
163.5366 395.976
161.8932 395.795
159.9133 395.852
157.6301 395.891
155.3507 395.127
152.9409 394.131
150.4271 393.115
147.905 392.007
145.538 390.83
143.493 389.351
141.886 387.089
140.32 385.021
138.843 383.216
137.755 380.831
136.949 378.251
136.879 374.979
137.014 371.646
137.209 368.417
137.754 365.281
138.355 363.238
139.249 361.531
140.484 360.297
142.25 359.673
144.247 359.567
146.394 360.195
149.033 360.566
151.623 361.491
154.1774 362.262
156.4953 363.307
158.7221 364.698
160.8342 366.738
162.9175 368.906
164.8319 371.205
166.6597 373.509
168.3436 375.896
169.9605 378.044
171.449 380.047
172.8556 381.691
173.9372 383.798
174.7836 385.496
175.4336 386.747
175.7796 388.038
175.9665 389.456
176.052 390.572
176.0619 391.731
175.9959 392.517
175.8945 393.03
175.7003 393.06
175.3835 393.148
175.0086 393.012
174.5729 392.877
174.2198 392.531
174.0412 391.624
173.823 390.931
173.6075 390.283
173.4854 389.094
173.3609 387.683
173.2024 386.244
172.902 384.989
172.6802 382.969
172.4172 380.725
172.0761 377.949
171.5483 374.823
170.9015 371.171
170.1976 366.881
169.5223 361.98
169.0219 356.212
168.5145 350.778
168.2812 344.693
168.1982 338.531
168.3089 332.358
168.568 325.987
168.7503 320.225
168.8684 314.987
168.8997 310.233
168.7651 306.242
168.4429 302.435
167.9072 299.157
167.0355 296.729
165.7267 294.295
164.0483 292.19
161.9975 290.261
159.6173 288.573
156.965 287.356
154.0175 286.636
150.9066 286.238
147.561 286.393
144.125 287.283
140.519 288.861
137.355 290.559
134.475 292.899
132.039 295.667
130.459 298.777
129.478 302.074
128.902 305.751
128.737 309.386
128.894 313.42
129.525 317.281
130.509 320.703
131.586 324.101
133.17 327.01
134.896 329.684
136.658 332.289
138.784 334.556
140.984 336.781
143.104 338.533