201.8068 357.281
201.9982 358.133
202.1843 358.863
202.3142 359.813
202.4718 360.697
202.6665 361.43
202.826 362.025
202.9247 362.394
202.9838 362.222
202.9259 362.106
202.8431 361.531
202.7049 360.579
202.5708 358.85
202.3145 356.892
201.9529 354.564
201.5786 351.161
201.1869 346.917
200.8171 341.762
200.5065 335.717
200.3212 328.834
200.2868 321.331
200.3242 313.443
200.3982 305.551
200.4828 297.731
200.6052 290.372
200.7634 283.495
200.9688 277.139
201.1988 271.499
201.4463 266.557
201.6636 262.894
201.8171 259.955
201.9123 257.582
201.9904 255.682
202.0625 254.049
202.1121 252.643
202.1373 251.518
202.1123 250.76
202.0405 250.418
201.9413 250.489
201.7953 251.027
201.5804 251.966
201.2438 253.413
200.8222 255.291
200.4203 257.207
200.1674 259.258
200.0814 261.371
200.1105 263.412
200.16 265.439
200.2288 267.504
200.2904 269.736
200.4314 272.2
200.6392 274.724
200.9116 277.588
201.2954 280.611
201.8052 283.659
202.4546 286.564
203.2098 289.089
203.9605 291.469
204.634 293.597
205.2561 295.444
205.8746 297.038
206.5309 298.442
207.2098 299.807
207.9453 300.859
208.7157 301.532
209.5175 301.85
210.4022 301.751
211.3055 301.382
212.2567 300.725
213.2018 299.849
214.1405 298.927
215.0691 297.757
216.0192 296.301
216.9207 294.49
217.8348 292.156
218.6784 289.427
219.4471 286.417
220.1389 283.387
220.8254 280.338
221.4834 277.296
222.0163 274.519
222.5342 271.473
222.9495 268.293
223.2621 265.006
223.4859 261.747
223.679 258.678
223.8819 255.903
224.0748 253.562
224.1629 251.963
224.2582 250.639
224.3856 249.611
224.5307 248.835
224.6865 248.231
224.7945 247.872
224.8493 247.762
224.8105 247.921
224.7803 248.05
224.5645 248.881
224.4254 249.625
224.2942 250.71
224.213 252.029
224.2478 253.368