218.2409 394.579
218.3128 394.523
218.3474 394.297
218.3542 393.979
218.3363 393.699
218.3082 393.614
218.287 393.329
218.2781 393.239
218.2387 392.813
218.2396 392.047
218.1817 391.266
218.0775 390.675
217.9661 389.982
217.896 388.836
217.8543 387.77
217.8452 386.616
217.8381 385.477
217.8432 384.036
217.7854 382.712
217.76 381.288
217.7344 379.429
217.6976 377.582
217.6481 375.834
217.5634 374.26
217.5369 372.607
217.5312 370.844
217.5565 368.8
217.544 366.861
217.5566 364.784
217.5487 362.722
217.5074 360.874
217.4688 358.804
217.4108 357.025
217.4139 354.982
217.3945 352.906
217.3614 350.708
217.244 348.682
217.0705 346.688
216.8759 344.599
216.6747 342.543
216.4958 340.658
216.3481 338.963
216.3071 337.018
216.2793 335.079
216.2521 333.403
216.2175 331.865
216.1822 330.273
216.1326 328.96
216.1161 327.564
216.0776 326.226
216.114 324.527
216.0888 323.115
216.0059 321.812
215.8955 320.463
215.7742 319.277
215.6298 317.956
215.4555 316.679
215.2488 315.575
215.0367 314.358
214.8165 313.235
214.5649 312.081
214.2692 310.97
213.9607 309.807
213.6482 308.848
213.4069 307.754
213.1648 306.988
212.9866 306.322
212.8716 305.82
212.8222 305.419
212.8355 305.054
212.8743 304.971
212.9675 305.06
213.1212 305.34
213.3323 305.806
213.6379 306.302
213.9884 307.063
214.3976 307.805
214.8058 308.75
215.2149 309.756
215.5813 310.808
215.9152 311.926
216.2049 313.227
216.5035 314.483
216.7656 315.745
217.0175 317.021
217.2139 318.385
217.3896 319.789
217.5422 321.231
217.6825 322.729
217.8236 324.088
217.9546 325.532
218.0681 327.056
218.1426 328.56
218.2288 329.752
218.285 330.927
218.3137 332.143
218.3566 333.42
218.4497 334.55
218.6125 335.635
218.8131 336.781
219.0573 338.104
219.3545 339.11
219.6922 340.189
220.0589 341.23
220.4736 342.22
220.9464 343.314
221.5099 344.221
222.1036 345.131
222.718 346.102
223.3794 347.073
224.0716 347.872
224.7357 348.812
225.3894 349.695
226.0364 350.502
226.6586 351.288
227.2801 352.128
227.9391 352.567
228.5476 353.153
229.1184 353.683
229.7214 354.071
230.3262 354.526
230.9647 354.994
231.578 355.277
232.1814 355.445
232.767 355.604
233.3078 355.839
233.8454 355.931
234.3904 355.831
234.945 355.911
235.5052 355.893
236.0143 355.933
236.5252 355.585
237.0123 355.182
237.4508 355.003
237.8677 354.765
238.2776 354.449
238.6446 354.404
239.0327 354.197
239.4069 353.755
239.7445 353.376
240.05278 353.274
240.3401 353.038
240.61955 352.749
240.85243 352.481
241.0668 352.119
241.26153 351.825
241.38638 351.619
241.45384 351.354
241.48806 350.901
241.51449 350.382
241.47499 349.999
241.40874 349.617
241.34584 349.256
241.30869 348.815
241.28053 348.346
241.28504 347.723
241.30268 347.098
241.33334 346.619
241.37984 346.141
241.45278 345.522
241.55913 344.923
241.67651 344.375
241.78849 343.819
241.92613 343.265
242.06151 342.819
242.21088 342.166
242.39795 341.847
242.61795 341.177
242.83677 340.594
243.06234 339.98
243.29145 339.309
243.52051 338.561
243.81404 337.95
244.12046 337.206
244.40315 336.341
244.62436 335.377
244.77118 334.737
244.90336 333.976
244.99724 333.175
245.04518 332.192
245.05813 331.36
245.08794 330.54
245.10017 329.432
245.08683 328.216
245.00311 327.352
244.98307 326.341
244.93836 325.5
244.84555 324.73
244.75712 323.83
244.65883 323.078
244.58122 322.225
244.55201 321.457
244.5754 320.682
244.62389 320.081
244.70975 319.428
244.80892 318.726
244.88948 318.048
244.95628 317.543
245.00146 317.039
245.01708 316.701
245.04971 316.276
245.03839 315.751
244.99728 315.38
244.91389 315.032
244.80789 314.589
244.67057 314.143
244.56689 313.673
244.45599 313.365
244.334 313.217
244.25062 312.981
244.21232 312.581
244.16647 312.301
244.10365 311.961