170.9205 421.076
170.8894 420.816
170.8287 421.002
170.9605 419.988
170.9724 419.458
171.0779 418.72
171.1373 418.136
171.2061 417.429
171.2239 416.837
171.2938 415.848
171.4654 414.583
171.6974 412.82
171.8557 411.467
171.9758 410.064
172.007 408.749
172.1856 406.795
172.2148 404.931
172.2434 402.895
172.284 400.49
172.1896 398.454
172.0493 396.213
171.9084 393.778
171.87 390.689
171.7234 387.926
171.6337 384.748
171.527 381.607
171.4644 378.088
171.3257 374.678
171.2259 370.977
171.0208 367.483
170.8684 364.202
170.8227 360.827
170.8925 357.465
170.9769 354.008
171.1121 350.508
171.2102 347.094
171.3486 343.649
171.4914 339.837
171.5792 336.144
171.6426 332.489
171.663 328.93
171.7515 325.241
171.7928 321.71
171.7448 318.236
171.702 314.716
171.6047 311.266
171.5011 307.793
171.4309 304.213
171.3095 300.761
171.189 297.417
171.0359 294.257
170.8523 291.323
170.6484 288.58
170.4877 285.863
170.3129 283.334
170.1207 281.018
169.9867 278.738
169.8574 276.605
169.7372 274.589
169.5778 272.789
169.3475 271.296
169.1441 269.954
168.9355 268.94
168.7868 268.067
168.729 267.364
168.7563 266.811
168.9204 266.171
169.0701 265.757
169.1825 265.679
169.3311 265.709
169.5013 265.79
169.6819 266.035
169.9216 266.345
170.1672 266.86
170.4448 267.419
170.7258 268.03
171.0088 268.719
171.3086 269.439
171.5677 270.353
171.8832 271.323
172.2213 272.415
172.5951 273.655
173.0161 274.979
173.5326 276.22
174.105 277.439
174.7059 278.691
175.3314 279.997
175.9887 281.334
176.688 282.74
177.4401 284.172
178.2477 285.618
179.0741 287.109
179.954 288.596
180.861 290.04
181.6951 291.583
182.6714 292.83
183.6062 294.163
184.6074 295.355
185.5868 296.634
186.5851 297.916
187.6156 299.251
188.6747 300.566
189.7793 301.804
190.835 303.042
191.8701 304.188
192.9304 305.249
193.9723 306.39
195.0409 307.444
196.1236 308.592
197.2571 309.708
198.4127 310.766
199.5817 311.793
200.8268 312.628
202.0698 313.498
203.2959 314.415
204.5391 315.198
205.8074 315.978
207.073 316.78
208.3766 317.449
209.6457 318.277
210.9496 318.919
212.284 319.488
213.5613 319.962
214.7897 320.427
215.99 320.744
217.178 321.052
218.353 321.282
219.5423 321.421
220.7118 321.54
221.8976 321.603
223.0722 321.632
224.2462 321.563
225.3948 321.632
226.5542 321.454
227.7101 321.105
228.821 320.715
229.9159 320.314
230.9409 319.834
231.981 319.292
233.0379 318.625
234.1047 317.774
235.1742 316.901
236.2117 315.691
237.2145 314.46
238.1549 313.152
239.0606 311.911
239.9245 310.704
240.7353 309.469
241.46663 308.185
242.12677 306.955
242.73191 305.572
243.27033 304.08
243.73083 302.588
244.02443 301.215
244.36137 299.868
244.70209 298.449
245.04241 296.976
245.42309 295.616
245.79184 294.267
246.11442 292.849
246.41163 291.444
246.6815 290.135
246.92137 288.727
247.16188 287.186
247.35358 285.826
247.53682 284.377
247.71108 283.054
247.86159 281.755
247.99101 280.491
248.10274 279.242
248.19848 277.986
248.14598 276.748
248.0964 275.477
248.0415 274.333
247.96054 273.062
247.8829 271.758
247.80366 270.508
247.74817 269.216
247.71301 267.971
247.67108 266.735
247.6129 265.534
247.5293 264.389
247.39202 263.252
247.21212 262.208
247.04148 261.102
246.87815 260.079
246.75387 259.179
246.65881 258.374
246.61171 257.626
246.50117 257.052
246.46444 256.55
246.44427 256.06
246.44113 255.646
246.44864 255.427
246.44496 255.389
246.42494 255.615
246.39692 256.087
246.48281 256.656
246.56777 257.427
246.58338 258.325
246.54226 259.302
246.49686 260.3
246.45318 261.348
246.4444 262.39
246.45247 263.555