253.77062 327.787
253.8781 327.83
253.93679 327.877
253.99983 328.045
254.05396 328.002
254.02087 328.046
254.01174 327.91
254.07693 327.961
254.13287 327.965
254.17603 328.072
254.18754 328.223
254.21149 328.458
254.20855 328.609
254.19963 328.77
254.24383 328.948
254.26619 328.928
254.32538 328.798
254.24475 328.698
254.3099 328.475
254.31136 328.135
254.33344 327.564
254.38587 326.616
254.43122 325.521
254.42954 324.114
254.43791 322.278
254.50111 320.067
254.60188 317.368
254.70651 314.119
254.76385 310.543
254.80379 306.879
254.90078 303.564
254.96533 300.747
255.10596 298.155
255.26307 295.521
255.39542 292.802
255.47484 290.045
255.52413 287.139
255.55029 284.194
255.57107 281.222
255.54488 278.548
255.60635 276.034
255.73976 273.666
255.88642 271.574
255.9728 269.688
255.9823 268.042
256.02767 266.247
256.03187 264.576
256.03591 263.064
256.08372 261.528
256.16043 260.161
256.22694 259.043
256.28825 258.235
256.30961 257.734
256.26009 257.586
256.14057 257.776
255.91256 258.299
255.61901 259.209
255.28736 260.406
255.00046 261.887
254.76811 263.67
254.58912 265.762
254.4119 268.039
254.28116 270.265
254.1187 272.759
253.97847 275.478
253.90118 278.181
253.89584 280.826
253.98139 283.371
254.13836 285.771
254.28077 288.275
254.51666 290.418
254.77448 292.488
254.96093 294.464
255.07759 296.374
255.15502 298.376
255.22816 300.079
255.25402 301.593
255.25842 303.071
255.23836 304.495
255.22678 305.873
255.24343 307.197
255.2952 308.517
255.38064 309.978
255.49141 311.434
255.6343 312.749
255.82356 314.017
256.07577 315.159
256.32403 316.355
256.59376 317.552
256.88622 318.873
257.19355 320.084
257.49598 321.058
257.8548 322.278
258.29577 323.335
258.58817 324.32
258.96602 325.371
259.274 326.389
259.42651 327.426
259.60842 328.575
259.91384 329.758
260.175 330.839
260.4486 331.847
260.6998 332.872
260.9594 333.793
261.1984 334.662
261.4086 335.467
261.5949 336.389
261.6603 337.149
261.606 337.459
261.3418 337.633
260.9713 337.507
260.5232 337.04
260.0394 336.003
259.59305 334.57
259.26838 332.852
258.93849 331.475
258.76155 330.3
258.53879 329.773
258.15747 329.493
257.64283 329.582
257.08105 330.083
256.20067 331.043
255.48595 340.52
254.81912 338.308
254.62881 338.437
254.3445 337.044
254.02224 335.873
253.68308 334.813
253.37902 333.795
253.09975 332.964
252.89034 332.117
252.70931 331.117
252.56758 330.31
252.46873 329.643
252.4388 329.001
252.49046 328.636
252.59726 328.481
252.76128 328.476
252.97232 328.684
253.24738 329.021
253.62574 329.447
253.99801 330.048
254.40335 330.764
254.78937 331.442
255.18492 332.074