249.091673 298.485
249.089542 298.669
249.072093 298.921
249.050655 299.112
249.029302 299.362
248.99572 299.626
248.93209 299.836
248.87037 300.216
248.84093 300.71
248.80761 301.209
248.80314 301.812
248.81038 302.308
248.82601 302.808
248.814 303.174
248.79715 303.331
248.77844 303.327
248.74862 303.096
248.7245 302.646
248.69738 302.057
248.63439 301.249
248.49878 300.301
248.31138 299.16
248.085 297.895
247.88425 296.5
247.74398 294.765
247.68831 292.721
247.68336 290.511
247.71517 287.961
247.76822 285.2
247.77919 282.502
247.74173 280.129
247.64999 278.106
247.5386 276.221
247.4251 274.37
247.33014 272.7
247.26159 271.174
247.23903 269.691
247.23185 268.237
247.19984 266.899
247.10781 265.884
246.95721 265.175
246.73695 264.828
246.50307 264.844
246.26592 265.166
246.0244 265.712
245.80795 266.403
245.62932 267.205
245.44846 268.129
245.30651 269.171
245.20153 270.517
245.21364 271.716
245.29593 272.984
245.43805 274.348
245.64736 275.813
245.90899 277.419
246.19116 279.07
246.47642 280.669
246.76196 282.191
247.05752 283.565
247.36652 284.893
247.69956 286.347
248.06719 287.846
248.43913 289.478
248.85209 290.873
249.196489 292.336
249.475285 293.93
249.689386 295.511
249.830581 297.209
249.9156867 298.915
249.9777404 300.744
250.0622343 302.598
250.186957 304.509
250.36956 306.426
250.614706 308.21
250.810082 310.028
251.07817 311.678
251.36995 313.157
251.67269 314.647
251.93839 316.135
252.18999 317.54
252.34778 318.655
252.47559 319.786
252.64941 320.813
252.85237 321.792
253.09735 322.808
253.34295 323.754
253.63718 324.608
253.90232 325.321
254.16796 326.011
254.42675 326.671
254.63961 327.293
254.79237 327.869
254.90511 328.444
254.98496 329.172
254.99127 329.792
254.9202 330.319
254.78792 330.744
254.58196 331.099
254.33336 331.394
253.99692 330.931
253.54224 329.965
252.96014 328.439
252.20856 326.785
251.7486 324.501
251.37081 322.038
251.05074 319.706
250.811743 317.916
250.562948 316.849
250.24117 316.709
249.840948 317.292
249.501375 318.467
249.236007 319.915
249.12286 321.326
249.017391 322.649
248.85842 323.407
248.5865 323.8
248.32705 323.547
248.1188 322.958
248.08083 322.144
248.08557 321.348
248.17661 320.583
248.32694 319.871
248.53199 319.356
248.77175 318.92
249.009259 318.631
249.222407 318.654
249.324385 318.871
249.547488 319.908
249.589132 320.206
249.507479 320.757
249.696274 320.73
249.822849 320.908
249.9035147 321.073
249.9390975 321.357
250.00593123 321.546
249.9965304 321.787
249.9652182 322.235
249.9860185 322.719
249.9976309 323.178
250.104577 323.606
250.252668 323.983
250.453783 324.327
250.672299 324.737
250.891532 325.158