228.7645 275.882
228.7845 275.53
228.8247 275.156
228.8909 274.689
228.9884 274.255
229.1734 273.849
229.4925 273.601
230.0085 273.451
230.7321 273.471
231.6105 274.01
232.9274 273.493
234.2801 273.706
235.8327 273.478
237.2181 274.246
238.5082 275.11
239.6965 276.064
240.80526 277.28
241.84653 278.561
242.85314 279.984
243.80827 281.459
244.73487 282.918
245.62801 284.176
246.51926 285.366
247.3918 286.509
248.26574 287.748
249.127544 289.021
249.9347555 290.288
250.640929 291.515
251.38493 292.766
252.01587 293.982
252.45655 295.079
252.94985 296.103
253.39316 297.136
253.76524 298.104
254.05112 299.183
254.31018 300.278
254.5244 301.432
254.09851 302.307
254.51518 303.532
254.74624 304.934
254.89085 305.797
254.92187 306.666
254.9214 307.378
254.86779 308.053
254.78751 308.651
254.70233 309.314
254.6054 309.815
254.49075 310.255
254.35962 310.693
254.21781 310.944
254.03081 311.133
253.80638 311.06
253.58455 310.951
253.31604 310.628
253.03912 310.265
252.76278 309.786
252.47196 309.394
252.17865 309.013
251.85572 308.661
251.60199 308.242
251.3824 307.558
251.17497 306.783
250.827183 305.827
250.587563 307.386
249.790271 304.785
249.472037 302.912
249.030231 301.129
248.56057 299.542
248.11987 297.913
247.78822 296.357
247.58918 294.829
247.43818 293.138
247.37787 291.212
247.30095 289.135
247.21833 286.993
247.15622 284.832
247.16823 282.992
247.25689 281.408
247.39651 280.06
247.54521 278.829
247.73198 277.762
248.03472 276.637
248.47244 275.362
249.129057 273.803
249.9883813 272.02
250.976761 270.047
252.03928 267.995
253.16987 266.128
254.33651 264.561
255.47769 263.368
256.55712 262.386
257.5267 261.691
258.4952 261.122
259.58096 260.621
260.5337 260.601
261.6151 260.698
262.6256 261.355
263.4867 262.655
264.1271 264.584
264.544 267.013
264.6881 269.81
264.603 272.849
264.4547 275.715
264.0865 278.405
263.5123 280.78
262.8457 282.993
262.1107 285.29
261.4045 287.711
260.8107 290.099
260.3496 292.775
260.0676 295.481
259.78409 298.171
259.51006 300.849
259.31733 303.419
259.28176 305.917
259.07439 308.038
259.53136 310.259
259.60556 311.887
260.436 313.908
261.2115 315.438
261.951 316.722
262.7749 317.897
263.4365 318.76
264.0151 319.078
264.4871 318.938
264.8233 318.507
265.194 317.773
265.5862 317.184
265.9498 316.764
266.2851 316.618
266.61 316.618
266.9126 316.713
267.1829 316.839
267.4725 317.171
267.7612 317.579
267.9806 317.855
268.118 318.331
268.07 318.864
267.8711 319.389
267.5385 319.801