247.51591 301.322
248.28962 300.541
249.384881 299.719
250.685765 299.099
252.09103 298.819
253.4809 298.863
254.86071 299.453
256.31484 300.276
257.87513 301.465
259.45967 303.169
260.988 305.193
262.3507 307.427
263.5867 309.889
264.7448 312.628
265.7986 315.616
266.7643 318.781
267.5696 321.907
268.2398 325.125
268.8078 328.193
269.2222 331.249
269.6494 334.073
269.8279 336.61
269.8251 338.946
269.7695 340.848
269.6656 342.406
269.5126 343.727
269.2808 344.602
269.0375 344.867
268.7739 344.406
268.5832 343.361
268.4436 342.051
268.27 340.101
268.3047 337.6
268.552 334.516
268.9357 330.875
269.4241 326.577
269.9369 321.688
270.38 316.165
270.5863 310.166
270.8049 303.678
270.8723 296.873
270.9539 290.013
270.8158 283.363
270.5365 276.98
270.1227 270.679
269.5005 264.705
268.61 259.055
267.342 253.946
265.8053 249.223
264.1283 244.832
262.1785 240.931
260.0487 237.284
257.55883 234.346
254.9412 231.795
252.15633 229.712
249.159337 228.505
246.21575 227.607
243.36147 227.146
240.54851 227.439
237.8756 228.475
235.4439 230.015
233.2513 232.131
231.4502 234.44
230.017 237.189
229.0224 239.946
228.3474 243.153
227.9502 246.833
227.8738 250.857
228.085 255.228
228.6406 259.676
229.5848 264.014
230.8065 268.421
232.3426 272.802
234.1809 277.215
236.3422 281.348
238.8349 285.345
241.60957 289.124
244.61147 292.837
247.74459 296.347
250.594648 299.85
253.12412 303.085
255.42367 306.427
257.56547 309.624
259.58471 312.796
261.5029 315.786
263.3211 318.89
265.0534 322.043
266.6275 325.183
267.9918 328.009
269.2427 330.991
270.4016 333.611
271.4109 336.222
272.4694 338.753
273.3104 340.961
273.8818 343.097
274.1677 344.987
274.2619 347.148
274.1149 349.327
273.6749 351.218
273.2202 353.439
272.7011 355.775
272.1022 357.971
271.4814 360.453
270.8146 362.916
270.1185 365.538
269.4648 367.954
268.9762 370.01
268.6623 371.658
268.6584 372.641
268.8167 373.01
269.2018 372.682
269.8404 371.464
270.5785 369.349
271.591 366.552
272.635 363.36
273.7854 360.381
274.8399 357.436
275.6887 355.435
276.3114 354.26
276.6669 353.67
276.8194 353.765
276.6091 354.253
276.1663 355.147
275.6639 356.043
274.9182 357.134
274.1051 358.161
273.346 359.126
272.6021 359.97
271.9654 360.755
271.3854 361.297
270.8433 361.683
270.5017 361.843
270.2717 361.703
270.2528 361.579
270.4033 361.504
270.6899 361.075
271.0805 360.653
271.5129 360.004