241.58122 269.628
243.12338 269.733
244.83745 270.21
246.65212 271.125
248.54762 272.336
250.431594 273.88
252.30118 275.889
254.07981 278.547
255.80094 281.624
257.41747 285.073
258.89452 288.739
260.2463 292.45
261.4655 295.883
262.6589 298.968
263.7343 301.832
264.6587 304.214
265.4068 306.317
265.9348 307.967
266.2714 308.951
266.4937 309.331
266.6452 309.002
266.7668 308.026
266.8397 306.407
266.7117 304.193
266.5822 301.254
266.3286 297.734
265.9915 293.767
265.6506 289.48
265.2024 284.928
264.8924 279.905
264.6892 274.464
264.5363 268.492
264.2815 262.328
263.7575 256.246
263.0527 250.282
262.2531 244.342
261.0848 238.855
259.63505 233.588
257.88287 228.57
255.76605 223.966
253.38935 219.753
250.848405 215.849
248.07066 212.548
245.09586 209.777
241.88552 207.708
238.4857 206.338
234.9742 205.666
231.4219 205.822
228.0231 206.436
224.8062 207.782
221.9065 209.454
219.3892 211.675
217.3715 214.248
215.8771 216.974
214.8343 220.368
214.2377 224.21
214.0717 228.143
214.251 232.594
214.8237 237.176
215.8416 241.593
217.2201 246.086
218.9254 250.605
222.1721 266.085
229.4823 274.96
235.0303 281.652
239.4568 286.784
243.13054 291.032
246.317 294.651
249.167079 298.052
251.81729 301.044
254.50245 303.873
256.94693 306.757
259.14936 309.46
261.0419 312.145
262.6808 314.743
264.1115 317.264
265.3113 319.585
266.3734 322.045
267.2213 324.4
267.9635 326.598
268.526 328.62
268.9915 330.77
269.2832 332.727
269.5052 334.606
269.5453 336.5
269.4346 338.122
269.3909 339.598
269.1722 341.072
268.7647 342.372
268.3384 343.938
267.8768 345.116
267.4767 346.583
267.0642 347.721
266.6678 348.964
266.2994 349.951
265.959 350.692
265.7605 350.787
265.6652 350.303
265.6592 348.973
265.6187 346.852
265.6988 344.657
265.6611 342.184
265.6717 339.755
265.664 337.775
265.6578 336.531
265.6563 336.092
265.7004 336.457
265.9553 337.306
265.9948 338.519
265.9693 339.743
265.7463 341.348
265.4306 343.099
265.0712 344.521
264.6555 345.799
264.3135 346.871
264.123 347.88
263.9928 348.496
263.9094 348.858
263.903 349.005
263.9745 348.876
264.1154 348.408