275.9886 327.556
276.2653 326.201
276.5599 324.475
276.8942 322.348
277.2327 319.858
277.5529 316.939
277.927 313.56
278.1221 309.572
278.3939 304.942
278.6644 299.979
278.8367 294.965
278.9283 289.702
278.7461 284.513
278.4981 279.025
278.1694 273.398
277.6865 267.808
276.9269 262.544
276.0242 257.418
275.0283 252.399
273.9204 247.578
272.51 243.252
270.9477 239.085
269.1745 235.322
267.1576 232.02
264.94 229.083
262.3294 226.768
259.49128 224.739
256.46026 223.058
253.24327 221.754
249.873559 220.887
246.3225 220.637
242.77449 220.7
239.2813 221.343
235.9047 222.611
232.6795 224.565
229.7356 226.77
227.1648 228.928
224.8647 231.512
222.9317 234.477
221.4389 237.789
220.5007 241.037
220.0471 244.678
220.0544 248.794
220.4624 253.245
221.2165 258.057
222.2969 262.98
223.8006 267.454
225.5877 272.009
227.6232 276.395
229.8303 280.679
232.1512 284.963
234.5745 289.048
236.9954 293.218
239.5272 297.241
242.04061 301.241
244.4887 305.031
246.90552 308.757
249.300506 312.022
251.68765 315.124
254.15342 318.098
256.67361 320.96
259.11101 323.593
261.4122 326.225
263.4437 328.873
265.1842 331.219
266.9182 333.293
268.1157 335.737
269.3666 337.897
270.4404 339.865
271.3657 342.095
272.1398 344.38
272.556 346.623
272.8244 348.739
272.924 350.934
272.8366 353.323
272.6574 355.78
272.3287 358.321
272.0084 360.644
271.7292 362.986
271.4935 364.991
271.3488 366.82
271.2095 367.963
271.1296 368.781
271.1138 368.615
271.0167 366.881
270.9844 364.294
270.9447 361.012
271.009 357.477
271.0102 353.82
270.9959 350.88
270.9776 348.76
271.0269 347.317
271.1074 346.806
271.2397 347.29
271.2848 348.209
271.2177 349.562
271.0598 351.193