228.2214 307.332
229.5171 307.485
231.0806 307.645
232.8142 308.018
234.6255 308.962
236.5473 310.241
238.5222 311.968
240.55937 314.057
242.55091 316.602
244.44546 319.387
246.28398 322.362
248.09866 325.27
249.523102 327.873
250.844742 330.256
251.96209 332.631
253.0689 334.462
253.92699 336.094
254.521 337.279
254.93255 338.177
255.22609 338.647
255.38322 338.814
255.43864 338.56
255.38113 337.731
255.09177 336.668
254.81021 335.006
254.51907 333.031
254.18918 330.769
253.86398 327.963
253.57699 324.783
253.48185 320.934
253.5057 316.499
253.42777 311.387
253.36833 305.864
253.17839 299.605
252.75842 293.019
251.95082 286.405
251.01435 279.643
249.9391069 272.879
248.77731 266.345
247.31849 260.632
245.75858 255.294
244.04489 250.42
242.19462 246.047
240.07937 242.32
237.8375 239.002
235.4489 235.948
232.8457 233.3
230.0774 231.115
227.1838 229.54
224.3099 228.496
221.5318 228.097
218.9468 228.314
216.6341 228.949
214.5717 230.13
212.8241 231.707
211.431 233.444
210.3704 235.65
209.6477 238.255
209.2563 241.383
209.2676 244.739
209.648 248.529
210.3601 252.718
211.4476 256.886
212.9664 260.769
214.7418 264.65
216.7028 268.37
218.7964 272.081
221.0227 275.798
223.4172 279.541
225.963 283.256
228.6222 286.936
231.315 290.745
234.0345 294.317
236.7539 297.644
239.4871 300.77
242.33903 303.515
245.00134 306.188
247.43233 308.654
249.591287 311.199
251.56594 313.417
253.40936 315.679
255.07691 318.04
256.56132 320.525
257.85405 322.738
258.99236 325.09
259.80661 327.472
260.5364 329.503
261.0044 331.521
261.4579 333.636
261.2983 336.08
261.0545 338.519
260.873 341.021
260.4491 343.612
259.76855 346.237
258.88634 348.748
257.91905 351.222
256.83492 353.745
255.63817 356.108
254.46425 358.341
253.39172 360.741
252.40985 363.089
251.46288 365.129
250.670843 367.425
250.0829732 369.084
249.607934 370.729
249.180938 371.977
248.76785 372.973
248.37078 374.268
248.12851 375.492
247.9879 376.5
248.02579 377.442
248.09065 378.361
248.39578 379.339
248.82065 379.967
249.606016 380.753
250.543235 381.298
251.42081 380.959
252.42332 380.405
253.92531 379.476
255.19523 378.03
256.69575 376.089
258.15034 373.481
259.70578 370.156
261.218 367.026
262.6416 364.347
263.7481 362.329
264.5764 360.763
265.0705 359.936
265.408 359.758