232.6162 364.054
232.6106 361.053
232.5373 357.166
232.4919 352.421
232.2385 346.494
231.6457 339.658
230.9675 332.084
230.2744 323.864
229.6673 314.759
229.0196 305.301
228.4544 295.474
227.7497 285.755
226.9918 276.28
226.168 267.488
225.2834 260.046
224.5649 253.769
224.0377 248.747
223.6587 244.996
223.4006 242.371
223.2213 240.812
223.0849 240.218
222.9242 240.515
222.7198 241.597
222.4696 243.469
222.2737 245.938
222.2605 248.664
222.4189 251.864
222.8103 255.25
223.4224 258.789
224.2121 262.498
225.2693 266.13
226.4513 269.933
227.7698 273.954
229.2794 278.072
230.9788 282.363
232.9466 286.575
235.2271 290.702
237.8546 294.661
240.83929 298.28
244.28996 301.459
247.85786 304.4
251.34415 306.898
254.43913 308.722
257.02122 310.463
259.11281 311.856
260.7487 312.664
261.9961 313.339
262.7209 313.854
262.8805 314.006
262.4721 313.769
261.354 313.088
259.62793 312.185
257.29258 310.992
254.4623 309.679
251.19143 308.051
247.62328 306.266
243.87173 304.444
239.9531 302.482
236.1361 300.384
232.5013 298.13
229.1395 296.094
226.1843 294.203
223.7164 292.757
221.8633 291.55
220.6489 290.515
220.1303 289.605
220.2585 288.828
220.9784 288.005
222.2074 287.21
223.8373 286.336
225.8522 285.157
228.0989 283.949
230.5377 282.67
233.1579 281.258
235.7652 280.004
238.4779 278.671
241.21596 277.193
243.84372 275.705
246.34565 274.245
248.68534 272.766
250.810373 271.369
252.65216 270.078
254.18081 268.939
255.41454 268.032
256.38797 267.414
257.17984 266.915
257.80238 266.628
258.20292 266.654
258.46582 266.758
258.62849 266.895
258.67279 267.177
258.64608 267.478
258.62097 267.738