182.0522 210.515
182.2023 210.557
182.3974 210.503
182.6331 210.394
182.9218 210.259
183.2797 210.166
183.741 210.212
184.3576 210.274
185.0924 210.366
185.995 210.478
187.1133 210.71
188.4428 210.857
189.9611 211.136
191.6479 211.469
193.4201 211.876
195.3214 212.181
197.3632 212.96
199.4837 213.691
201.6837 214.684
203.97 215.912
206.3257 217.32
208.7467 218.731
211.238 220.031
213.7759 221.437
216.3492 223.03
218.9197 224.743
221.4115 226.733
223.8032 228.856
226.1156 231.017
228.3832 233.407
230.6017 236.12
232.7564 238.914
234.8486 241.788
236.9651 244.47
239.0926 247.354
241.24874 250.394
243.41196 253.62
245.54893 257.038
247.59795 260.606
249.528344 264.223
251.30904 267.989
253.04341 271.57
254.69212 275.225
256.26201 279.105
257.78626 283.107
259.27713 287.289
260.6881 291.569
262.1004 295.768
263.419 299.881
264.598 304.034
265.6262 308.034
266.5323 311.899
267.3581 315.675
268.2265 319.372
269.137 323.108
270.0365 326.81
271.1449 330.61
272.1779 334.487
273.1646 338.532
274.0558 342.482
274.8054 346.537
275.4503 350.358
276.0067 354.152
276.3945 357.792
276.6293 360.79
276.7578 363.896
276.7724 366.79
276.6537 369.431
276.438 371.949
276.0939 374.093
275.66 376.315
275.0556 378.068
274.3658 379.67
273.5574 380.953
272.8193 381.805
272.0246 382.52
271.1027 382.567
270.2326 382.488
269.3294 382.368
268.5186 382.056
267.5716 381.41
266.7041 380.483
265.9223 379.247
265.0587 377.624
264.0487 376.221
263.2071 374.347
262.2333 372.533
261.2801 370.26
260.3945 367.593
259.50635 364.634
258.6658 361.542
257.81429 358.3
256.88598 355.123
255.90796 351.909
254.92844 348.537
254.00754 345.047
253.17467 341.504
252.38689 338.048
251.60914 334.677
250.762216 331.237
249.881762 327.795
249.000179 324.282
248.15793 320.717
247.35844 317.179
246.62878 313.69
245.9765 310.35
245.45487 306.88
245.04941 303.224
244.66974 299.954
244.35388 296.62
244.08881 293.338
243.96361 290.21
244.01283 287.195
244.18488 284.415
244.41283 281.672
244.63903 279.143
244.9091 276.54
245.21626 273.909
245.49353 271.626
245.78409 269.139
246.0144 266.643
246.12708 264.121
246.16751 261.561
246.20268 259.137
246.28303 256.79
246.40382 254.52
246.56863 252.529
246.83164 250.395
247.1493 248.208
247.51189 245.997
247.89561 243.836
248.32252 241.692
248.80805 239.661
249.366862 237.976
250.0167291 236.385
250.735757 234.906
251.52811 233.489
252.40204 232.148
253.37731 230.876
254.43512 229.75
255.58356 228.723
256.81674 227.848
258.09521 227.172
259.39818 226.997
260.7529 226.923
262.1335 226.883
263.5174 226.806
264.8835 226.765
266.2191 226.716
267.5119 226.701
268.7142 226.657
269.8223 226.625
270.8183 226.677
271.6841 226.891
272.4204 227.216
272.9879 227.73
273.393 228.379
273.6598 229.227
273.8562 229.938
273.9338 230.732
273.9193 231.541