254.78343 317.09
255.08351 319.366
255.68815 322.532
256.55926 326.513
257.79616 331.51
259.238 337.467
260.7572 343.953
262.2934 350.392
263.8328 357.079
265.2366 363.883
266.708 370.454
267.7438 376.668
268.8963 382.656
269.8655 388.004
270.5857 392.499
271.0978 396.704
271.4656 399.976
271.831 402.716
272.1086 404.711
272.2868 405.797
272.3488 405.999
272.1811 404.934
271.8863 402.949
271.6166 400.092
271.334 396.281
271.0258 390.944
270.5528 384.654
270.1598 377.465
269.8088 369.689
269.2507 360.964
268.4194 351.672
267.5401 341.941
266.6559 331.91
265.6004 321.974
264.5727 312.068
263.4815 302.19
262.1334 292.872
260.7055 284.124
259.08502 276.219
257.56444 269
256.20311 262.573
255.0191 256.96
254.01066 252.13
253.0532 248.352
252.27919 245.216
251.66893 242.776
251.31458 240.966
251.18342 239.752
251.24581 239.011
251.46449 238.69
251.77819 238.705
252.16184 239.003
252.61371 239.563
253.15785 240.319
253.78979 241.393
254.48836 242.821
255.35254 244.286
256.17737 246.128
256.92123 248.238
257.58794 250.401
258.1742 252.568
258.71996 254.757
259.23587 256.925
259.76196 258.995
260.4022 260.824
260.9658 262.662
261.4654 264.473
261.883 266.203