259.94069 306.095
260.9632 307.475
262.0817 309.251
263.2784 311.137
264.5663 313.343
265.947 316.067
267.3922 318.992
268.8227 321.942
270.2674 325.203
271.6758 328.717
273.0172 332.745
274.4961 337.168
275.7164 341.937
276.7535 347.025
277.5101 351.806
278.1381 356.574
278.6887 361.181
279.1243 364.907
279.5804 368.557
280.0058 372.123
280.3522 375.425
280.6861 378.54
280.9153 381.651
281.3596 384.818
281.7581 387.967
282.0637 391.049
282.2368 393.759
282.2885 396.149
282.3258 398.444
282.3688 400.536
282.4348 402.48
282.5541 404.319
282.5162 405.938
282.4006 407.048
282.2319 408.003
282.0563 409.05
281.8762 409.631
281.6593 409.397
281.5643 409.211
281.3551 408.427
281.1699 407.282
281.0208 405.433
280.8883 402.385
280.9982 399.48
280.7487 395.48
280.4174 390.37
279.9484 384.882
279.2468 378.316
278.39 370.92
277.5197 362.96
276.5 354.807
275.7115 347.006
275.0747 339.75
274.5375 332.965
273.9593 326.415
273.2173 320.191
272.607 314.242
272.0563 308.564
271.5538 303.137
271.1486 298.119
270.8275 293.74
270.4162 290.216
270.1611 287.259
270.0233 284.818
269.9064 282.899
269.8057 281.393
269.6963 280.084
269.5576 278.964
269.403 277.999
269.2167 277.124
269.0697 276.354
268.9365 275.753
268.8194 275.232
268.7045 274.815
268.642 274.515
268.6348 274.501
268.6616 274.64
268.7071 274.996
268.7659 275.538
268.8491 276.168