217.7197 320.511
218.5835 321.564
219.4597 322.497
220.3448 323.513
221.2904 324.604
222.1917 325.639
223.2476 326.472
224.2672 327.207
225.3822 327.575
226.3131 328.047
227.3036 327.956
228.162 327.691
228.8903 327.244
229.6087 326.5
230.2772 325.583
230.8611 324.301
231.3162 322.661
231.6322 320.781
231.856 318.648
231.9674 316.455
231.987 314.035
231.9073 311.39
231.7209 308.438
231.3821 305.172
230.7473 301.806
230.0341 298.23
229.2809 294.466
228.5309 290.82
227.815 287.242
227.1111 283.687
226.394 280.569
225.7638 277.679
225.2297 275.253
224.7708 273.331
224.3994 271.757
224.0191 270.886
223.759 270.375
223.6685 270.063
223.6484 270.384
223.692 271.262
223.77 272.717
223.9666 274.467
224.2736 276.616
224.7201 278.97
225.265 281.544
225.9406 284.148
226.7672 286.852
227.7172 289.686
228.7771 292.772
230.0113 295.763
231.2752 298.884
232.5349 301.994
233.7223 304.939
234.8769 307.705
236.0529 310.305
237.1898 312.86
238.3097 315.312
239.4354 317.651
240.5275 319.77
241.54746 321.799
242.51621 323.429
243.37243 324.591
244.12695 325.519
244.81929 326.106
245.42021 326.263
245.92311 325.906
246.3855 325.232
246.75642 323.992
247.09124 322.259
247.36872 320.396
247.52759 318.133
247.54926 315.524
247.43435 312.744
247.18303 309.625
246.65398 306.389
246.07555 302.892
245.47784 299.404
244.91422 295.996
244.41545 292.839
243.96889 290.345
243.60471 288.401
243.34225 286.975
243.17842 285.962
243.11064 285.24
243.12299 284.927
243.18966 284.817
243.33545 284.809
243.50926 285.004
243.7335 285.416
243.98473 286.131
244.35021 287.053
244.83686 288.388
245.46451 290.118
246.22365 292.058
247.07602 294.239
248.01305 296.392
248.97094 298.508
249.9799599 300.68
250.983249 302.792
252.14663 304.573
253.28585 306.508
254.4583 308.354
255.59156 310.217
256.72966 311.932
257.82858 313.485
258.85906 314.947
259.81951 316.413
260.708 317.618
261.5738 318.507
262.4066 319.225
263.2472 319.736
264.1361 320.114
265.0855 320.165
266.0713 319.888
266.9843 319.539
267.7096 318.897
268.1917 317.949
268.421 316.716
268.44 315.087
268.3295 313.412
267.8976 311.598
267.424 309.496
266.8941 307.014
266.3013 304.29
265.6095 301.056
264.8142 297.701
263.9781 294.275
263.1201 290.742
262.2804 287.106
261.4041 283.764
260.7723 280.584
260.5463 277.698
260.6234 275.443
261.0241 273.598
261.7279 272.003
262.616 270.91
263.8002 270.203
265.3424 270.05
267.2744 270.623
269.4972 271.771
271.6903 273.325
273.8847 274.905
275.69 276.439
277.2215 277.787
278.5488 279.083
279.6636 280.278
280.559 281.51