169.719 379.509
169.3566 380.163
169.0905 380.407
168.9968 380.047
168.8297 380.076
168.6956 379.953
168.6076 379.818
168.5656 379.433
168.5804 378.865
168.6228 378.131
168.7189 377.223
168.9466 375.896
169.1083 374.61
169.2883 373.146
169.4548 371.667
169.6418 370.093
169.8217 368.547
170.0685 366.686
170.3607 364.738
170.5835 362.851
170.8608 360.559
171.1444 358.182
171.3949 355.695
171.5794 353.127
171.7606 350.351
171.8076 347.627
171.8172 344.737
171.8297 341.729
171.8189 338.791
171.8512 335.708
171.7996 332.845
171.7166 329.883
171.6047 327.216
171.4689 324.455
171.343 321.765
171.1833 319.17
171.0853 316.461
170.9377 313.984
170.8916 311.548
170.9151 309.255
170.9535 307.132
170.9696 305.208
170.933 303.624
171.0086 301.987
171.0457 300.597
171.0703 299.456
171.1395 298.663
171.1838 298.184
171.337 297.828
171.4532 297.713
171.6468 297.88
171.8431 298.497
172.0649 299.356
172.2942 300.556
172.5379 302.088
172.8144 303.917
173.152 306.007
173.5137 308.395
173.8734 311.053
174.2855 313.736
174.7046 316.581
175.162 319.365
175.596 322.343
176.0973 325.343
176.6078 328.454
177.1043 331.723
177.6599 334.991
178.2559 338.341
178.8753 341.775
179.6265 344.843
180.4383 347.949
181.3539 350.846
182.3816 353.593
183.4916 356.109
184.542 358.866
185.61 361.452
186.7734 363.863
187.9584 366.064
189.3792 367.896
190.879 369.447
192.3832 371.09
193.8193 372.372
195.3734 373.374
196.8036 374.059
198.1615 374.48
199.3044 374.511
200.5576 374.025
201.5508 373.411
202.474 372.566
203.45 371.243
204.3007 369.657
205.1967 367.798
205.8851 365.827
206.3873 363.461
206.8165 360.93
207.1887 358.21
207.5332 355.134
207.7972 351.909
207.9473 348.813
208.0118 345.825
208.05 342.62
208.0085 339.499
207.8812 336.684
207.6479 334.001
207.4653 331.281
207.3295 328.951
207.2729 326.831
207.2161 325.125
207.2469 323.624
207.2925 322.63
207.4211 321.924
207.5695 321.806
207.7921 322.092
208.0889 322.547
208.4234 323.233
208.7867 324.146
209.1355 325.447
209.5333 326.974
210.0827 328.678
210.6615 330.454
211.2546 332.402
211.8322 334.787
212.4822 337.114
213.1139 339.499
213.7724 341.98
214.5321 344.396
215.338 346.72
216.1132 349.229
216.9764 351.531
217.9555 353.874
218.9487 356.182
219.9445 358.781
221.0443 360.944
222.1339 363.284
223.29 365.07
224.3245 366.916
225.3799 368.56
226.4399 369.919
227.4794 371.111
228.5924 371.825
229.6427 372.676
230.7049 373.345
231.7206 373.656
232.7455 373.732
233.7467 373.763
234.67 373.535
235.5246 372.676
236.2398 371.832
236.8927 370.86
237.619 369.374
238.1022 367.665
238.4374 365.781
238.7132 363.587
238.9719 361.464
239.135 359.046
239.2675 356.551
239.349 354
239.344 351.281
239.2271 348.821
239.0706 346.364
238.9634 343.786
238.9218 341.157
238.9261 338.431
238.8525 335.772
238.9584 333.188
239.2014 330.63
239.5343 328.106
239.9441 325.736
240.44314 323.651
241.01061 321.541
241.59824 319.728
242.28298 318.188
243.03053 316.894
243.85189 315.601
244.71692 314.512
245.63419 313.373
246.56185 312.473
247.5653 311.705
248.61502 311.344
249.679763 310.988
250.794121 310.671
251.90123 310.472
253.01169 310.385
254.15755 310.408
255.34965 310.535