235.6943 330.104
236.1299 331.087
236.6125 332.218
237.1324 333.428
237.7073 334.492
238.3343 335.518
238.9423 336.237
239.5691 336.695
240.15243 336.893
240.61793 336.83
240.90649 336.152
241.0562 335.245
241.13255 333.693
241.00016 331.92
240.83798 329.724
240.59101 327.178
240.2332 324.241
239.7955 320.946
239.2346 317.329
238.5852 313.191
237.8686 308.806
237.1195 304.39
236.3085 299.807
235.5336 295.167
234.8559 290.416
234.2978 285.869
233.8941 281.509
233.6428 277.496
233.5197 274.033
233.4341 271.261
233.5652 268.64
233.6568 266.822
233.8046 265.289
233.9773 264.233
234.1714 263.712
234.4001 263.74
234.6516 264.365
234.9952 265.29
235.265 266.94
235.5834 268.967
236.0542 271.094
236.5397 273.623
237.0721 276.487
237.6743 279.602
238.3692 282.904
239.1705 286.378
240.13275 290.06
241.30633 293.752
242.51241 297.408
243.74926 301.044
245.02086 304.805
246.32544 308.527
247.70376 311.902
249.071339 315.072
250.426563 317.988
251.71387 320.679
253.0181 323.146
254.27256 325.296
255.53261 327.477
256.74686 329.37
257.88044 331.18
258.99774 332.764
260.2921 334.026
261.3301 335.12
262.572 336.039
263.5601 336.457
264.5559 336.752
265.5254 336.818
266.4322 336.604
267.1435 336.005
267.7004 335.063
268.101 333.867
268.3448 332.388
268.3737 330.654
268.2546 328.463
267.9747 326.047
267.4791 323.093
266.8006 319.856
265.9758 316.278
264.9976 312.392
263.8206 308.727
262.6546 304.927
261.558 301.158
260.653 297.516
259.97627 294.085
259.52738 290.952
259.38877 287.926
259.53742 285.134
259.9974 282.735
260.7593 280.83
261.8052 279.464
262.9118 278.903
264.2693 278.477
265.8561 278.485
267.6438 278.756
269.196 279.203
270.5959 279.994
271.8022 280.974
272.8766 282.065
273.8756 283.19
274.8178 284.151
275.7116 285.134
276.442 286.17
277.0797 287.313
277.7 288.338
278.2109 289.357
278.6181 290.33
278.9481 291.337