219.8807 313.165
220.1399 312.759
220.4276 312.47
220.8026 312.208
221.2642 312.166
221.751 312.578
222.3602 313.148
223.0265 313.984
223.7483 314.921
224.4872 315.958
225.2453 317.234
226.0078 318.625
226.8277 319.941
227.6835 321.177
228.4855 322.289
229.2755 323.024
229.9772 323.633
230.5646 323.946
231.0005 324.227
231.3599 324.09
231.637 323.777
231.858 323.291
232.0153 322.605
232.1162 321.664
232.1787 320.458
232.196 318.979
232.1446 317.131
232.0299 315.238
231.888 313.184
231.7845 310.922
231.7387 308.568
231.7523 306.071
231.7798 303.379
231.7451 300.485
231.5086 297.583
231.1984 294.477
230.8674 290.921
230.4672 287.212
230.0142 283.294
229.4684 279.314
228.8223 275.503
228.1709 271.81
227.4319 268.807
226.8492 265.857
226.3124 263.769
225.8899 262.135
225.5773 260.841
225.3615 259.882
225.2161 259.361
225.1533 259.167
225.1461 259.441
225.2043 260.12
225.3495 261.205
225.595 262.819
225.9842 264.891
226.6259 266.879
227.3293 269.245
228.1295 271.695
229.0381 274.266
229.9917 277.031
230.9617 279.937
231.9339 282.895
232.8851 285.926
233.8276 288.874
234.7312 291.74
235.7168 294.449
236.6858 297.078
237.6554 299.593
238.6298 302.19
239.6258 304.695
240.62264 307.045
241.59134 309.349
242.5985 311.511
243.62049 313.552
244.71365 315.44
245.82051 317.114
246.94935 318.604
248.06568 319.814
249.197791 320.876
250.316299 321.693
251.34639 322.183
252.25036 322.388
253.05052 322.244
253.71773 322.025
254.30042 321.392
254.76303 320.575
255.13346 319.665
255.40996 318.904
255.54225 317.892
255.56881 316.373
255.47053 314.688
255.28646 312.891
255.00986 311.041
254.71295 308.895
254.28398 306.741
253.67924 304.506
253.04703 302.247
252.39975 299.882
251.75807 297.553
251.14727 295.255
250.5725 292.988
250.0101165 290.81
249.506579 288.506
249.038864 286.279
248.61979 283.93
248.2634 281.569
247.93938 279.36
247.56983 277.421
247.36268 275.496
247.25728 273.803
247.29437 272.19
247.4895 270.679
247.84362 269.284
248.36882 268.07
249.045172 267.013
249.784893 266.112
250.562519 265.429
251.40679 264.857
252.34393 264.317
253.33401 263.916
254.38976 263.744
255.47277 263.689
256.56736 263.71
257.6221 263.894
258.63814 264.235
259.58858 264.736
260.4906 265.267
261.324 265.852
262.0724 266.524
262.7156 267.244
263.3042 268.022
263.8056 268.845
264.2355 269.687
264.572 270.518
264.7757 271.336
265.1047 271.951
265.3207 272.672