236.537 336.647
236.7616 337.844
237.0212 339.075
237.3195 340.469
237.6382 341.729
237.9846 343.093
238.3477 344.5
238.7196 345.947
239.0286 347.036
239.2883 347.974
239.4875 348.844
239.672 349.205
239.8472 349.402
240.00535 349.154
240.14078 348.439
240.24486 346.932
240.32624 345.407
240.37166 343.562
240.38235 341.199
240.32298 338.338
240.0253 335.179
239.6825 331.547
239.2799 327.62
238.8355 323.228
238.3468 318.664
237.8614 314.004
237.3868 309.35
236.9822 305.196
236.5717 301.873
236.3221 299.024
236.1919 296.668
236.0933 294.731
235.9774 292.995
235.8562 291.534
235.6777 290.432
235.5247 289.601
235.416 289.246
235.3903 289.35
235.4874 289.929
235.69 290.932
235.9606 292.436
236.3287 294.023
236.8037 295.69
237.2629 297.873
237.7598 300.246
238.2589 302.93
238.8125 305.749
239.4041 308.709
240.00067 311.9
240.63635 315.265
241.3019 318.705
242.06789 322.038
243.02885 325.138
244.0066 328.067
245.02576 330.97
246.06589 333.647
247.17309 336.083
248.30572 338.494
249.454277 340.787
250.610446 342.786
251.79747 344.327
253.02994 345.71
254.36158 346.875
255.76334 347.792
257.16386 348.482
258.47003 348.821
259.58236 348.585
260.5895 347.916
261.465 346.946
262.2542 345.674
262.9367 344.063
263.5745 342.066
263.9615 339.76
264.3657 337.301
264.6804 334.525
264.8734 331.477
264.9031 327.991
264.7764 324.117
264.4519 320.138
264.0437 315.773
263.4966 311.909
263.0814 308.429
262.8618 305.22
262.8516 302.408
263.0352 300.249
263.4017 298.327
263.928 296.818
264.6087 295.666
265.3846 294.722
266.266 294.094
267.2172 293.848
268.224 293.925
269.2362 294.352
270.2727 295.243
271.2843 296.365
272.2402 297.848
273.0334 299.321
273.7451 300.858
274.2844 302.133
274.7373 303.215