205.1475 346.409
205.1218 346.496
205.1186 346.527
205.0903 346.503
205.0786 346.472
205.0365 346.54
205.0197 346.524
204.9686 346.349
204.8739 346.157
204.7318 345.797
204.5471 345.168
204.3136 344.381
204.0138 343.395
203.6874 342.385
203.3376 341.09
202.942 339.695
202.5204 337.784
202.0129 335.67
201.4085 333.177
200.7039 330.49
200.0056 327.095
199.28 323.561
198.5314 319.895
197.8563 315.677
197.2067 311.26
196.5277 306.869
195.8518 302.61
195.2099 298.522
194.6345 294.828
194.1788 291.559
193.8138 288.853
193.5548 286.546
193.3969 284.6
193.3767 282.804
193.3613 281.425
193.3788 280.441
193.4724 279.739
193.6392 279.426
193.8789 279.716
194.2403 280.402
194.6922 281.602
195.2236 283.21
195.7677 285.209
196.3186 287.452
196.8948 289.88
197.5437 292.227
198.2058 294.786
198.9103 297.429
199.5945 300.276
200.283 303.238
200.9589 306.232
201.6165 309.304
202.2596 312.381
202.8773 315.668
203.6654 318.573
204.4899 321.485
205.3292 324.355
206.1531 327.154
206.9724 329.849
207.7757 332.404
208.6076 334.681
209.4065 337.148
210.2069 339.467
211.0335 341.597
211.8543 343.876
212.6913 345.762
213.5951 347.38
214.587 348.832
215.5956 350.217
216.7278 351.452
217.8818 352.557
219.1239 353.446
220.4115 354.199
221.7162 354.596
222.9927 354.724
224.1976 354.904
225.2761 354.728
226.2404 354.24
227.0681 353.536
227.8308 352.296
228.5075 350.966
229.1335 349.447
229.6524 348.076
230.1095 346.537
230.5396 344.658
230.8901 342.789
231.2144 340.769
231.4748 338.524
231.5292 336.472
231.5707 334.434
231.6257 332.2
231.6571 330.066
231.6642 328.05
231.7157 325.897
231.7618 323.834
231.7983 321.739
231.8159 319.699
231.7966 317.711
231.7205 315.453
231.6025 312.998
231.4887 310.567
231.3491 308.054
231.1059 305.868
230.9286 303.67
230.8408 301.676
230.7804 299.865
230.8349 297.96
230.9574 296.298
231.0713 294.903
231.2403 293.621
231.4534 292.42
231.6797 291.28
231.9481 290.102
232.1718 289.064
232.3556 288.118
232.518 287.28
232.6555 286.578