214.5897 376.868
214.7382 377.554
214.8774 378.542
215.039 379.334
215.232 379.855
215.5323 379.737
215.8142 379.448
215.916 379.116
216.0186 377.824
216.0727 376.149
216.015 374.136
215.8406 371.636
215.4807 368.457
214.9943 365.115
214.4755 361.04
213.8683 356.106
213.2083 350.507
212.4789 344.218
211.6569 337.445
210.7058 330.705
209.7197 324.052
208.7672 317.678
207.8914 311.621
207.1217 306.053
206.49 301.064
205.929 296.979
205.4891 293.407
205.1193 290.371
204.8135 287.878
204.5822 286.007
204.378 284.919
204.279 284.358
204.2804 284.558
204.448 285.308
204.7176 286.694
205.1045 288.243
205.483 290.316
205.8998 292.861
206.3839 295.836
206.9782 299.078
207.6498 302.616
208.4431 306.287
209.3681 310.167
210.3409 314.294
211.4536 318.32
212.584 322.64
213.7591 327.281
215.0583 332.128
216.5424 336.8
218.2439 341.434
220.0364 346.102
221.8877 350.739
223.8483 354.844
225.8548 358.725
227.8589 362.272
229.8329 365.55
231.7963 368.662
233.6303 371.517
235.316 373.922
236.9589 375.836
238.6989 377.641
240.20441 378.58
241.67759 379.305
243.07623 379.375
244.3483 379.045
245.51076 377.943
246.48573 376.458
247.38011 374.93
248.04378 372.929
248.63681 370.912
249.135238 368.087
249.513947 365.323
249.742319 361.85
249.86761 358.104
249.855421 354.118
249.755242 349.658
249.289817 344.843
248.80645 339.773
248.31311 334.725
247.79506 329.558
247.29014 324.522
246.84145 319.607
246.4796 314.589
246.18041 309.782
245.9084 305.363
245.88928 301.081
246.00898 297.205
246.3152 293.47
246.73451 290.066
247.32424 287.229
248.14265 284.822
249.151814 282.863
250.31992 281.413
251.65 280.369
253.04034 279.728
254.48019 279.415
255.93447 279.417
257.31616 279.886
258.621 280.545
259.86879 281.353
261.0563 282.258
262.1933 283.386