244.85868 360.657
243.61562 360.719
242.15006 360.637
240.46641 360.439
238.6195 359.927
236.729 359.471
234.7423 358.568
232.6658 357.287
230.605 355.494
228.5337 353.362
226.5256 350.843
224.6301 348.337
222.9598 345.712
221.5531 343.005
220.3462 340.443
219.359 337.99
218.6029 335.721
218.1228 333.385
217.9266 331.183
218.0449 328.82
218.3668 326.613
218.8189 324.452
219.3465 322.6
220.0492 320.657
220.9732 318.56
222.133 316.521
223.5267 314.386
225.1164 312.413
226.8971 310.49
228.8058 308.657
230.8233 306.863
232.9035 305.11
234.9918 303.428
237.0833 302.055
239.2242 300.833
241.39831 299.66
243.63036 298.833
245.82359 298.609
248.19612 298.448
250.760393 298.345
252.98356 298.824
255.2224 299.054
257.13072 299.693
259.12518 300.112
260.945 300.858
262.6561 301.855
264.2131 303.172
265.6109 304.546
266.8697 306.244
268.0153 308.367
268.9783 310.762
269.7472 313.067
270.3736 315.361
270.9367 317.445
271.509 319.36
272.1142 321.257
272.6713 323.268
273.1206 325.195
273.3939 327.043
273.5131 329.135
273.3801 331.298
273.0951 333.528
272.8849 335.576
272.387 337.682
271.7645 339.977
270.9698 341.925
270.0154 343.7
268.966 345.488
267.829 347.471
266.5616 349.237
265.1448 350.918
263.5968 352.603
261.9307 354.486
260.1751 356.393
258.27888 357.588
256.35298 358.415
254.36744 359.096
252.30396 359.92
250.246115 360.018
248.10896 360.406
245.90132 360.769
243.76301 361.048
241.8016 361.014
240.02717 361.055
238.3996 361.249
236.9777 361.05
235.7326 360.715
234.728 360.336
233.8333 360.002
233.1379 359.845
232.6605 359.718
232.4347 359.711
232.4471 359.54