250.442785 355.122
247.93367 355.011
245.48654 354.509
243.16939 353.702
240.98922 352.429
238.889 350.899
236.9172 349.078
234.9834 346.655
233.0873 343.697
231.2895 340.378
229.5771 336.984
228.0932 333.386
226.8619 330.014
225.9881 326.789
225.4675 323.761
225.286 320.789
225.4702 317.811
226.0083 314.829
226.8837 311.968
228.0695 309.075
229.4586 306.318
231.0586 303.441
232.8333 300.745
234.7672 298.53
237.0013 296.583
239.5202 295.047
242.19548 294.029
244.92866 293.493
247.62908 293.312
250.265134 293.4
252.81955 293.559
255.24878 294.19
257.47428 295.264
259.74018 296.439
261.7261 298.056
263.4955 300.064
265.0573 302.69
266.3067 305.522
267.2652 308.788
267.8778 312.317
268.1919 315.914
268.1985 319.706
267.9361 323.14
267.389 326.44
266.6042 329.596
265.6183 332.669
264.5772 335.706
263.3172 338.878
261.7644 341.688
260.0933 344.296
258.30587 346.49
256.35816 348.163
254.39384 349.66
252.50646 351.034
250.661561 351.871
249.044053 352.472
247.65933 352.897
246.52336 353.032
245.68723 353.105
245.1443 352.861
244.93324 352.577
245.16285 352.076
245.97326 351.348
247.38609 350.428
249.493049 349.834
252.18811 348.966
255.49181 348.231
259.16045 347.653
263.0988 347.317
267.0069 347.134
270.5085 346.93
273.7394 347.117
276.7114 347.496
279.4308 348.251
281.9857 349.107
284.283 350.318
286.2449 351.258
287.8255 352.129
289.0884 352.981
290.1248 354.173
290.986 355.498
291.6099 356.963
291.8203 357.978
291.8205 358.74
291.6977 359.433
291.4872 359.959
291.1849 360.593