255.78868 366.731
255.05302 368.094
254.12778 369.506
252.90714 370.637
251.43203 371.714
249.607263 372.403
247.46835 372.801
245.17459 372.916
242.80712 372.749
240.35235 372.337
237.8026 371.359
235.3164 369.699
232.8285 367.523
230.574 364.689
228.51 361.03
226.572 357.124
224.9021 352.634
223.5761 347.899
222.6623 343.391
222.2787 339.605
222.4945 336.059
223.2654 332.74
224.5131 329.262
226.0749 325.993
227.9097 322.68
229.9576 319.805
232.1946 317.002
234.6109 314.491
237.131 312.65
239.7818 311.158
242.52415 310.45
245.28038 310.251
248.09367 310.525
250.89155 311.404
253.50559 312.71
255.89056 314.336
258.01398 316.39
259.86728 318.638
261.5816 321.062
262.9792 323.817
264.0406 326.746
264.7387 329.849
265.2723 333.06
265.429 336.674
265.2923 340.352
264.8689 343.324
264.2298 346.476
263.428 349.042
262.5016 351.223
261.51 353.066
260.3885 354.443
259.15007 355.735
257.80901 357.33
256.41845 358.802
255.10697 359.93
253.8059 361.311
252.61543 362.134
251.50095 362.932
250.584659 363.412
249.857493 363.951
249.287177 364.373