231.2043 356.27
231.5387 359.767
231.8162 363.072
232.0512 365.81
232.1952 367.738
232.2059 369.219
232.1958 370.167
231.93 370.302
231.6544 369.803
231.3175 368.774
230.9829 367.225
230.6546 364.959
230.3569 361.925
230.1764 358.004
229.9683 353.2
229.7612 347.142
229.4192 340.281
229.0919 332.831
228.7051 324.812
228.3133 316.179
227.9582 307.44
227.5163 298.866
227.0815 290.548
226.6308 282.624
226.1447 275.477
225.7813 268.961
225.5444 263.161
225.2241 258.323
224.7773 254.16
224.3177 250.651
223.9098 247.891
223.5749 245.972
223.3452 244.621
223.1964 243.897
223.0913 243.652
222.9753 244.044
222.8215 245.09
222.5481 246.988
222.2263 249.395
221.7799 252.61
221.2415 256.651
220.7949 261.058
220.475 265.959
220.3807 271.191
220.5088 276.568
220.8706 281.932
221.2398 287.657
221.6189 293.778
222.0871 299.896
222.6815 306.298
223.4424 312.549
224.4697 318.405
225.8287 324.242
227.3973 329.749
229.0311 334.911
230.709 339.646
232.4462 344.102
234.2346 348.145
236.0764 352.267
237.9145 356.199
239.7803 359.597
241.70225 362.64
243.74607 365.342
245.84336 367.806
247.99415 369.487
250.166057 371.223
252.41904 372.448
254.67682 373.278
257.00808 373.893
259.47069 374.015
261.9367 373.688
264.3809 372.854
266.694 371.546
268.7764 369.526
270.521 367.097
271.9073 364.581
272.8353 361.376
273.373 358.146
273.577 354.769
273.374 351.483
272.7346 348.133
271.4589 344.658
269.7204 341.482
267.5466 338.066
264.8517 334.456
261.8021 330.656
258.44459 327.244
254.89682 324.073
251.20133 321.019
247.3941 318.489
243.60054 316.343
239.9491 314.603
236.552 313.45
233.449 312.56
230.671 312.123
228.1759 312.097
225.9515 312.416
224.0106 313.152
222.4528 313.98
221.2541 315.204
220.4869 316.713
220.0883 318.464
220.123 320.211
220.4622 322.283
221.1406 324.177
222.0588 326.064
223.1562 327.954
224.3597 329.758