218.7168 365.172
219.8654 366.458
221.153 367.382
222.6444 368.194
224.3865 368.912
226.1865 369.307
227.8828 369.127
229.4826 368.528
231.0237 367.488
232.4224 365.448
233.6869 362.739
234.8438 359.342
235.7871 355.779
236.5884 351.386
237.1974 346.24
237.6491 340.427
237.9459 334.353
238.2578 327.78
238.503 320.778
238.6477 313.576
238.5505 306.202
238.1507 298.973
237.4906 292.295
236.7954 286.555
236.1907 281.585
235.7439 277.07
235.3169 273.181
235.0146 269.685
234.7396 266.912
234.5372 264.633
234.4085 262.886
234.2728 261.777
234.1023 261.337
233.9202 261.486
233.725 262.469
233.5725 264.166
233.449 266.637
233.4267 269.398
233.4225 272.927
233.5216 276.78
233.8261 280.922
234.3339 285.178
234.9749 289.872
235.6372 294.919
236.3746 300.445
237.1372 306.384
237.9366 312.362
238.8987 318.101
240.04967 323.471
241.16731 328.501
242.28327 333.144
243.40632 337.637
244.56802 341.885
245.69629 346.122
246.83255 350.405
248.02399 354.653
249.273291 358.727
250.622291 362.3
252.09713 365.453
253.71008 368.236
255.56663 370.723
257.31723 372.852
259.18549 374.758
261.3145 376.423
263.2086 377.856
265.2063 379.046
267.3321 380.535
269.5386 381.144
271.9756 381.356
273.9599 381.237
275.9626 380.752
277.8082 380.06
279.5287 378.837
281.0108 377.201
282.1494 375.263
282.973 372.904
283.6017 370.319
283.9741 367.776
284.078 365.203
283.7328 362.416
282.9284 359.513
281.4774 356.173
279.4569 352.396
276.8204 348.523
273.4247 344.413
269.7746 340.338
266.0306 336.763
262.2938 333.759
258.59795 331.547
255.02532 329.949
251.6767 328.784
248.57189 328.164
245.85203 327.64
243.40111 327.409
241.22545 327.731
239.4523 328.249
238.1144 329.075