230.7835 361.418
233.696 363.7
236.7818 365.579
240.02783 367.024
243.24515 368.282
246.5214 369.172
249.711593 369.754
252.65051 370.388
255.20321 370.874
257.32327 371.726
259.14012 372.531
260.8428 373.627
262.322 374.232
263.6888 374.857
264.8342 375.186
265.7855 375.419
266.6534 375.653
267.3448 376.111
267.7152 376.651
267.8285 377.035
267.5899 377.495
266.975 378.002
266.0005 378.56
264.601 378.794
262.8255 379.036
260.8854 379.863
259.04674 380.236
256.81156 380.105
254.41526 380.114
251.88984 380.174
249.172935 379.87
246.3852 378.99
243.63323 377.691
240.9994 375.514
238.4994 372.817
236.2454 369.252
234.174 365.48
232.3568 361.406
230.8638 357.012
229.5932 352.934
228.6737 348.723
228.1483 345.158
228.1995 342.13
228.8783 340.035
230.1312 339.003
231.9285 338.24
234.0568 338.061
236.3108 337.996
238.5649 338.242
240.57478 338.883
242.36865 339.813
244.06326 341.075
245.74021 342.644
247.45587 344.505
249.222987 346.45
250.935679 348.432
252.54865 350.361
253.99838 352.767
255.23016 355.189
256.2429 357.301
257.15378 359.695
257.86651 362.191
258.40421 364.616
258.80905 366.983
259.20041 369.393
259.45753 371.691
259.71799 373.585
260.2016 375.726
260.4405 377.677
260.6184 379.322
260.9254 380.46
260.9761 381.351
260.7435 382.182
260.6323 383.145
260.3735 383.907
259.95748 384.077
259.61066 383.854
259.34003 383.449
259.01736 382.157
258.92443 379.954
259.03504 377.326
259.22333 374.527
259.25854 371.117
258.98661 367.071
258.47023 362.771
257.55441 357.74
256.44153 352.069
255.20771 345.8
253.84762 339.023
252.43635 332.473
251.27963 325.951
250.675127 320.292
250.536026 315.262
250.733144 310.357
251.02011 306.039
251.48046 302.27
252.0046 298.853
252.78971 296.071
253.74205 293.91
254.6659 292.539
255.7637 291.68
257.08163 290.662
258.45025 290.159
259.86698 290.035
261.2122 290.262
262.5322 290.806
263.6084 291.993
264.7549 293.037
265.7671 294.345
266.6387 296.057
267.4324 297.891
268.1263 300.037
268.6774 302.146
269.1492 304.167
269.4862 305.858
269.6878 307.566
269.7313 309.318
269.8014 310.732
269.5881 312.557
269.4984 314.059