281.3118 402.154
280.8988 403.717
280.1715 404.574
279.2635 406.035
278.0365 407.516
276.5375 408.646
274.706 409.496
272.6323 409.745
270.5105 409.76
268.2002 409.141
265.6769 407.486
262.8885 405.455
259.91963 402.724
256.98274 399.36
254.13057 395.091
251.43947 390.266
249.006134 385.451
246.73349 380.112
244.77065 374.587
243.19654 369.173
242.0768 364.455
241.49391 360.308
241.36553 357.176
241.59857 354.237
242.18085 351.696
243.02684 349.782
244.14057 347.927
245.59881 346.365
247.30145 345.585
249.153373 345.26
251.0917 345.301
253.015 346.133
254.98112 347.732
256.9143 349.602
258.7031 352.137
260.4361 355.297
262.1034 358.597
263.7148 361.708
265.2003 364.714
266.5787 367.655
267.8389 370.695
268.9549 373.684
269.8991 376.867
270.9339 379.456
271.7753 382.031
272.4123 385.006
272.8719 387.569
273.2537 389.685
273.5009 391.509
273.7083 393.457
273.9245 395.283
274.1001 396.975
274.2623 398.279
274.3649 399.17
274.4992 400.393
274.6045 401.501
274.6751 402.702
274.8513 403.355
274.956 403.661
275.0358 403.886
275.0914 403.998
275.0587 404.028
274.9368 403.472
274.7917 402.922
274.6422 401.976
274.5711 400.516
274.5428 398.772
274.4719 396.214
274.3906 392.934
274.0278 389.446
273.6914 385.126
273.1279 379.919
272.269 374.403
271.2678 368.196
269.9561 361.8
268.7765 355.319
267.7344 349.432
267.0276 343.749
266.321 339.024
266.0172 334.07
265.5992 329.795
265.5245 325.159
265.4198 320.856
265.4317 316.468
265.3945 312.545
265.3318 308.902
265.3953 305.374
265.4543 302.374
265.7654 299.358
266.1974 296.569
266.7081 294.263
267.2333 292.441
267.8616 290.534
268.5473 288.969
269.0579 288.39
269.6334 287.805
270.4288 287.278
271.2213 286.999
271.9459 286.966
272.724 287.094
273.434 287.341
274.1353 287.752
274.7818 288.205
275.414 288.701
275.9911 289.213
276.5118 290.194
276.7625 291.336
277.2411 291.951
277.6097 292.556
277.8986 293.448
278.116 294.354
278.3415 295.227
278.4723 296.043
278.5863 296.774