210.6206 389.206
210.5915 388.878
210.477 388.368
210.3887 387.604
210.3412 386.309
210.2423 384.568
210.1069 382.991
210.045 380.418
209.9944 377.707
209.9061 374.528
209.9343 370.715
209.7894 366.683
209.6625 362.446
209.551 358.174
209.414 353.83
209.3233 348.818
209.2791 343.591
209.2806 338.177
209.2245 332.688
209.0135 327.513
208.8458 322.391
208.7588 317.745
208.7764 313.546
208.8322 309.825
208.8506 306.827
208.8784 304.177
208.8625 301.931
208.8214 300.156
208.7427 298.85
208.6248 298.103
208.5669 297.782
208.572 297.972
208.5519 299.037
208.5894 300.571
208.6656 302.689
208.8493 305.325
209.1127 308.342
209.4719 311.603
209.8951 315
210.334 318.529
210.7115 322.185
211.0289 325.872
211.3677 329.313
211.65 333.127
211.9036 337.219
212.2353 341.05
212.5465 344.923
212.9638 348.651
213.447 352.075
214.0083 355.383
214.6555 358.646
215.3894 361.589
216.2171 364.557
217.1421 367.228
218.1336 369.997
219.2915 372.633
220.6791 375.25
222.1101 377.763
223.6756 379.674
225.3906 381.716
227.3135 383.525
229.4952 385.131
231.9432 386.637
234.6485 387.985
237.3433 389.342
239.9647 390.532
242.31971 390.966
244.43549 391.511
246.42984 391.832
248.26889 391.803
250.0845502 391.811
251.85038 391.515
253.44639 391.25
254.93084 390.774
256.14429 390.242
257.54541 390.078
258.72014 389.905
259.46297 389.358
260.3675 389.085
261.0469 389.546
261.5499 389.867
261.7488 390.078
261.9454 390.212
262.0479 390.448
262.0302 391.004
262.0094 391.496
261.8886 392.273