185.4817 412.295
185.5461 411.833
185.6831 411.058
185.8807 410.183
186.1687 408.993
186.4951 407.685
186.8417 406.203
187.0638 404.893
187.3443 403.161
187.5837 401.417
187.8984 399.241
188.3114 396.73
188.6537 394.049
189.0305 391.07
189.4349 387.63
189.7764 384.127
190.1461 380.255
190.5175 375.909
190.7531 371.397
190.8968 366.656
190.9861 361.87
191.1102 356.965
191.4186 350.215
191.6837 344.326
191.9774 338.911
192.2426 333.933
192.5182 329.261
192.5772 325.477
192.6798 321.99
192.7345 319.175
192.6466 317.329
192.5907 316.046
192.5438 315.33
192.4503 315.394
192.3542 315.91
192.3216 316.66
192.1944 318.149
192.0625 320.171
191.9711 322.426
191.8468 325.026
191.6687 328.26
191.5757 331.424
191.4365 334.967
191.3783 338.501
191.3239 342.121
191.2798 345.478
191.3143 348.643
191.2822 352.012
191.3286 355.307
191.34 358.712
191.369 362.233
191.5056 365.684
191.7291 368.699
191.9109 372.275
192.2728 375.2
192.7662 377.738
193.3665 380.396
194.1135 382.87
195.0337 385.422
196.2132 387.362
197.5131 389.73
199.0777 391.564
200.8081 393.488
202.8097 395.183
205.0589 396.771
207.6136 398.062
210.3595 399.321
213.2189 400.337
216.1407 401.049
218.8621 402.094
221.5529 402.874
224.0993 402.943
226.6097 402.939
228.8393 403.362
230.7845 403.361
232.9077 403.479
234.9798 403.536
237.0154 403.833
238.9012 404.144
240.76565 404.172
242.3918 404.044
243.88661 403.943
245.27685 404.097
246.51038 403.775
247.60855 403.726
248.53533 403.943
249.427481 404.382
250.253333 404.912
251.08297 404.834
251.82198 405.214
252.55766 405.328
253.19204 405.772
253.68037 406.213
254.0829 406.556
254.42502 407.083