218.8535 294.421
219.4398 294.185
220.2356 294.135
221.2183 294.4
222.4161 294.575
223.8114 294.793
225.3723 295.215
227.1121 295.692
228.9701 296.431
230.8945 297.402
232.8603 298.783
234.819 300.227
236.6543 302.16
238.3504 304.587
239.9295 307.479
241.30451 310.523
242.50328 313.833
243.69173 316.937
244.7054 320.286
245.50667 323.703
246.23195 327.148
246.73032 330.756
247.02757 334.3
247.23608 337.804
247.42116 341.314
247.49509 344.638
247.51257 347.575
247.43445 350.281
247.34968 352.689
247.26548 354.897
247.12822 356.817
246.97001 358.112
246.8532 359.514
246.76301 360.581
246.75583 361.276
246.78899 361.801
246.86396 362.405
247.05405 362.649
247.37932 362.751
247.83315 362.598
248.50167 362.559
249.380304 362.276
250.545888 362.081
251.97906 361.976
253.73025 361.702
255.73985 362.111
258.05598 362.2
260.5493 362.469
263.0879 362.963
265.5747 363.207
268.0689 363.621
270.5691 363.982
272.9331 364.006
275.1745 364.095
277.3808 364.128
279.3036 364.073
280.9095 363.876
282.1301 363.417
283.1111 363.189
283.7345 362.647
283.9207 361.663
283.6846 360.784
283.1969 359.383
282.4964 357.644
281.5404 355.585
280.4521 352.954
279.27 350.245
277.8913 347.3
276.1853 343.992
274.5751 340.099
273.1388 336.205
271.5229 332.881
270.2713 329.293
269.2055 325.898
268.1022 323.007
267.1867 320.467
266.5665 317.709
265.9355 315.646
265.5526 313.396
265.3258 311.162
265.223 309.122
265.2362 307.275
265.356 305.443
265.6098 303.81
265.9866 302.418
266.5549 301.542
267.3579 300.723
268.2674 300.101
269.436 299.807
270.6197 299.676
271.8061 299.593
272.9646 299.801
274.068 300.36
275.0348 301.066
275.9359 301.732
276.7365 302.583
277.421 303.631
278.0334 304.595
278.6534 305.685