219.0366 302.373
219.4091 302.292
219.8432 302.345
220.3335 302.478
220.8572 302.85
221.4413 303.357
222.0099 304.446
222.6961 305.438
223.3597 307.169
224.1048 308.999
224.9008 310.929
225.8098 313.024
226.824 315.37
227.9807 317.766
229.0387 320.491
230.1405 323.218
231.0688 326.288
231.7805 329.371
232.299 332.809
232.6773 336.195
232.9529 339.408
233.1329 342.815
233.2237 345.986
233.2399 349.221
233.2478 352.021
233.2381 354.485
233.1847 356.548
233.0634 358.612
232.9287 360.295
232.8363 361.61
232.716 362.716
232.6349 363.504
232.6844 364.074
232.8628 364.344
233.2265 364.479
233.7315 364.728
234.5265 364.74
235.5671 364.586
236.8761 364.156
238.4955 364.291
240.28201 364.748
242.22538 364.87
244.16779 365.121
246.02819 365.225
247.71211 365.036
249.216732 364.67
250.497661 364.223
251.64457 363.734
252.47172 362.977
253.0789 362.109
253.40124 361.113
253.47118 359.628
253.3053 357.714
252.95689 355.54
252.44609 352.831
251.83576 349.899
251.0859 346.677
250.194646 343.084
249.359407 339.324
248.54275 335.765
247.85121 332.064
247.37004 328.263
246.8035 324.758
246.36525 320.891
245.95589 317.424
245.66498 314.056
245.50923 310.868
245.44099 307.763
245.4534 304.973
245.58967 302.361
245.90644 299.973
246.32986 297.993
246.90088 296.274
247.59103 294.959
248.34282 294.023
249.083565 293.343
249.728158 293.157
250.456956 293.345
251.22377 293.585
251.96674 293.976
252.62652 294.514