275.7551 385.245
277.8832 386.18
279.5053 387.269
280.626 388.587
281.3544 389.811
281.4766 390.271
281.036 390.122
280.0277 389.668
278.4108 388.757
276.382 387.864
273.5793 386.137
270.5023 384.732
267.0206 382.728
262.8963 380.62
258.45232 377.663
253.88006 374.787
249.51222 371.885
245.2629 368.657
241.45529 365.624
238.0299 362.845
234.9634 359.994
232.1678 357.436
229.7155 355.149
227.5449 353.35
225.7496 351.902
224.3501 350.45
223.3568 349.273
222.834 348.199
222.8115 347.152
223.2973 346.172
224.1741 345.379
225.3682 344.628
226.9029 344.03
228.7065 343.506
230.7574 343.061
233.0535 342.693
235.5416 342.605
238.2645 342.532
241.14109 342.254
244.17606 341.754
247.23184 341.443
250.285616 341.094
253.15282 340.593
255.9254 339.97
258.58375 339.151
261.0022 338.27
263.3688 337.233
265.5899 336.102
267.6194 334.652
269.3712 332.914
270.829 330.969
271.9599 328.95
272.7584 326.697
273.3696 324.677
273.6677 322.473
273.7522 320.405
273.571 318.384
273.0739 316.253
272.3205 313.982
271.268 311.834
269.9856 309.865
268.4361 307.74
266.5842 305.523
264.4406 303.425
261.9618 301.439
259.23756 299.422
256.30066 297.186
253.2106 295.075
250.0803529 293.208
246.96282 291.541
243.8438 290.177
240.73664 289
237.637 288.223
234.6207 287.874
231.8161 287.713
229.2541 287.823
227.0191 288.172
225.1743 288.677
223.7314 289.464
222.7444 290.31
222.1611 291.463
221.9741 292.746
222.1596 294.096
222.6546 295.416