284.9307 372.778
284.9753 372.523
285.0779 372.541
285.2523 372.576
285.4282 372.883
285.4941 372.897
285.5503 373.038
285.4502 373.184
285.2241 373.227
284.8293 373.325
284.2781 373.286
283.7546 373.365
282.6932 373.177
281.3165 372.635
279.6875 371.903
277.9085 371.295
275.9638 370.974
273.8347 371.049
271.6384 370.795
269.1298 370.394
266.568 369.767
264.0089 368.905
261.4742 367.972
258.92479 366.849
256.50197 365.714
254.04072 364.6
251.66289 363.372
249.377291 362.32
247.22846 360.747
245.23205 359.176
243.37286 357.708
241.71573 356.192
240.2977 354.51
239.0872 353.001
238.1314 351.381
237.435 349.742
236.9581 348.274
236.6699 346.698
236.6045 345.073
236.7074 343.961
237.0692 342.767
237.6767 341.74
238.5652 340.984
239.6596 340.278
240.94838 339.636
242.4778 339.225
244.18367 338.84
246.03802 338.838
247.94649 338.97
249.88732 339.161
251.86469 339.443
253.91241 339.565
256.02918 339.939
258.19536 340.067
260.433 340.486
262.7636 340.733
265.183 340.747
267.7099 340.772
270.2221 340.44
272.6528 340.212
274.8102 339.891
276.7289 339.663
278.4917 339.076
280.2029 338.532
281.6175 338.161
283.0758 337.142
284.1937 336.31
285.1947 335.192
286.09 333.882
286.8268 332.604
287.3517 331.045
287.7884 329.649
288.0143 328.118
287.9894 326.274
287.8375 324.777
287.4399 323.067
286.8207 321.337
286.0102 319.604
285.0548 317.959
283.8291 316.093
282.3999 314.397
280.7073 312.703
278.8042 311.111
276.7554 309.627
274.5695 308.075
272.21 306.754
269.6792 305.473
266.9938 304.288
264.1717 303.218
261.2128 302.407
258.13025 301.635
254.97015 300.787
251.73836 300.199
248.48955 299.714
245.28148 299.371
242.22834 299.158
239.4081 299.023
236.8131 299.006
234.4701 298.973
232.3753 298.884
230.4975 298.816
228.8326 298.811
227.3537 299.037
226.1101 299.269
225.1172 299.496
224.4276 299.829
223.9919 300.115
223.8143 300.398
223.8786 300.707