227.3179 304.071
228.8385 304.299
230.6786 304.623
232.7848 305.29
235.0709 306.31
237.5189 307.65
240.14299 309.319
242.77098 311.348
245.42415 313.625
247.92678 316.338
250.202873 319.514
252.29739 322.94
254.30567 326.787
256.39976 330.818
258.34585 334.896
260.0343 338.784
261.4371 342.573
262.4679 346.097
263.2193 349.479
263.688 352.535
263.8442 355.576
263.7653 358.067
263.5653 360.324
263.3136 362.455
263.1159 364.221
262.9675 365.612
262.9788 366.608
262.9924 367.189
263.1332 367.024
263.455 366.468
264.017 365.341
264.8226 364.077
265.9512 362.806
267.4587 361.198
269.338 359.071
271.5856 356.455
273.9675 353.276
276.3326 349.881
278.591 346.171
280.3628 342.243
282.1043 338.334
283.7564 334.35
285.3303 330.309
286.7433 326.4
287.8738 322.792
288.6289 319.313
289.0461 316.073
289.0276 312.857
288.4817 309.849
287.1745 307.245
285.4759 305.061
283.341 303.124
280.8287 301.562
277.9282 300.44
274.8529 299.495
271.605 298.701
268.4028 298.145
265.3642 297.788
262.5563 297.675
260.0038 297.817
257.67349 298.024
255.55035 298.456
253.65444 298.94
251.99587 299.592
250.579472 300.298
249.314666 300.988
248.24788 301.841
247.44279 302.422
247.01339 302.904
246.98718 303.26
247.40257 303.471
248.25515 303.469
249.558688 303.103
251.30666 302.432
253.42717 301.631
255.79704 300.88
258.62289 299.951
261.8644 298.911
265.4911 298.03
269.3889 297.494
273.4404 297.041
277.603 296.771
281.7736 296.866
285.912 297.492
289.8909 298.55
293.6438 300.095
297.4474 301.95
300.8697 304.018
304.0346 306.57
307.0641 309.46
309.9056 312.462
312.4181 315.261
314.658 318.071
316.4035 320.4
317.7242 322.45
319.244 324.572
319.9861 326.482
320.4743 328.159
320.7352 329.673
321.1725 330.912
321.0666 332.084
321.2245 332.96
321.2495 333.614
320.8299 334.116
320.7501 334.334
320.2863 334.798