240.25486 419.739
240.32142 418.689
240.65106 417.093
240.72587 414.308
240.89388 410.703
241.14783 406.561
241.68627 401.816
241.86436 395.486
242.10689 388.017
242.26188 379.226
242.25216 369.199
242.20198 358.335
241.93619 346.678
241.79416 334.552
241.50794 322.53
241.24319 310.882
240.9329 299.972
240.43637 290.404
240.06918 282.064
239.8236 275.107
239.6322 269.505
239.3552 265.302
239.2037 262.017
239.0888 259.795
238.9368 258.694
238.6257 258.834
238.3058 259.799
237.8657 261.801
237.3113 264.792
236.6879 268.747
235.9405 273.327
235.179 278.253
234.2595 283.452
233.1227 289.142
231.9319 294.925
230.3969 300.97
228.4964 307.241
226.3009 313.358
223.9619 319.559
221.4788 325.414
218.9084 330.966
216.2503 336.087
213.5635 340.549
210.7803 344.866
208.1699 348.521
205.9047 351.297
203.9129 353.88
202.4137 356.143
201.3459 358.056
200.7896 359.441
200.9261 360.539
201.8633 361.259
203.7103 361.89
206.3179 362.294
209.8453 362.556
214.2479 362.856
219.4973 362.7
225.1884 362.973
230.951 363.481
236.2788 363.947
241.03371 364.557
245.37791 365.204
249.357005 366.109
253.08355 367.587
256.49661 368.457
259.61922 369.094
262.4476 369.948
265.0124 370.908
267.1822 371.531
268.9229 371.997
270.3008 372.096
271.4127 372.609
272.126 372.851
272.627 373.246
272.9691 373.674