224.3738 322.616
223.4619 320.154
222.5802 317.497
221.7496 314.718
220.9951 312.013
220.3603 309.22
219.8272 306.126
219.4473 303.243
219.322 300.572
219.4884 298.11
219.9604 295.997
220.7622 294.203
221.9505 292.857
223.5292 291.902
225.5561 291.125
227.8369 291.315
230.4065 291.802
233.127 292.964
236.0805 294.613
239.0349 297.37
241.90631 301.146
244.7609 305.729
247.60855 311.113
250.445339 317.026
253.29469 323.294
256.27556 329.338
259.1201 335.134
261.8551 341.056
264.3574 347.058
266.6061 353.125
268.5006 359.492
270.0062 365.856
271.2082 372.202
272.0383 378.007
272.9471 383.315
273.447 388.531
273.5476 393.635
273.7033 398.538
273.6678 402.469
273.5472 406.022
273.2558 408.435
272.7444 410.274
272.1379 411.696
271.4351 412.315
270.6681 412.257
269.8298 411.483
269.1109 410.414
268.5192 409.42
267.9885 407.99
267.4945 405.24
267.0297 402.23
266.5957 398.467
266.2862 394.616
265.656 389.873
265.2669 384.495
264.4941 378.439
263.9692 372.215
263.7135 365.612
263.6835 359.205
263.6684 352.9
263.8349 346.529
264.0506 340.244
264.2912 334.228
264.653 328.153
265.0963 322.147
265.6078 316.208
265.9566 310.765
266.267 305.616
266.4979 301.111
266.7772 297.222
267.1751 294.181
267.5534 292.101
267.7827 290.713
267.9206 289.985
267.9326 289.809
267.8059 290.194
267.5397 290.899
267.016 292.214
266.2993 294.02
265.3517 296.573
264.4479 299.407
263.3052 302.84
261.9975 306.772
260.4813 311.341
258.63857 316.025
256.48773 320.709
254.05877 325.022
251.43222 329.211
248.82459 333.35
246.04511 337.468
243.1948 341.321
240.35181 345.234
237.5858 348.933
234.9891 352.462
232.5899 355.592
230.1857 358.462
228.031 360.797
225.9659 362.409
224.2482 363.63
222.7987 364.552
221.7253 364.968
221.234 365.339
221.3956 365.691
222.4288 365.881
224.256 366.287
228.9109 366.871
233.6207 366.869
238.673 367.038
244.16729 367.15
249.314356 367.37
254.16676 367.433
258.61026 367.508
262.6198 367.845
266.2866 368.199
269.6324 368.971
272.5093 369.639
274.9248 370.198
277.2609 371.1
278.6883 371.863
279.9105 372.603
280.8204 373.54
281.3508 374.162
281.5177 374.712
281.5312 375
281.3744 375.42
281.021 375.709
280.5094 376.059
279.9068 376.085
279.3891 376.258
278.8482 376.443
278.3862 376.355