237.8591 263.787
238.774 263.462
240.06291 263.31
241.66632 263.403
243.56714 263.775
245.67569 264.41
247.9039 265.488
250.232103 267.113
252.60617 269.439
255.035 272.367
257.629 275.866
260.2635 279.887
262.925 284.334
265.6078 289.188
268.2573 294.294
270.8708 299.455
273.1842 304.676
275.2386 310.191
277.1321 315.808
278.8841 321.46
280.4446 326.862
281.7417 332.273
283.0151 337.749
283.9479 343.035
284.6424 348.27
284.9939 353.297
285.1726 358.6
285.2527 363.389
285.3254 368.298
285.4864 372.818
285.3379 376.561
284.6917 379.258
284.1164 381.75
283.7918 383.901
283.3085 385.134
282.8006 385.82
282.2621 385.928
281.8111 385.933
281.3737 385.184
280.7239 383.881
280.4983 383.002
280.1658 380.774
280.0196 377.943
279.9928 373.784
280.18 369.046
280.4328 363.606
280.6371 357.642
280.6025 351.473
280.601 345.136
280.6379 338.697
280.7218 332.198
280.9448 325.808
281.409 319.785
281.8927 314.16
282.6187 308.583
283.448 303.052
284.288 297.431
284.9515 291.964
285.2007 286.758
285.2975 281.77
285.3954 277.102
285.4818 272.996
285.6027 269.573
285.8033 266.909
286.0808 264.867
286.3713 263.325
286.682 262.351
286.9368 261.807
287.0898 261.775
287.0565 262.266
286.869 263.235
286.4646 264.785
285.9442 266.742
285.2987 269.289
284.5549 272.156
283.6893 275.236
282.8829 278.323
281.8505 281.459
280.6396 284.733
279.2407 287.863
277.6318 291.125
275.8097 294.742
273.7872 298.405
271.7529 302.095
269.4137 305.77
266.8474 309.645
264.146 313.174
261.522 316.365
259.06062 318.945
256.85248 321.02
254.99323 322.775
253.43503 324.313
252.14395 325.437
251.16305 326.5
250.560618 327.435
250.324836 328.207
250.5492 328.782
251.35101 329.02
252.82607 329.137
255.01001 329.106
257.92257 329.027
261.4458 328.926
265.3802 328.602
269.4904 328.738
273.4758 328.742
277.3376 328.578
281.0764 328.907
284.8053 329.781
288.2523 330.567
291.4432 331.398
294.3411 332.154
296.9562 332.812
299.2563 333.521
301.2652 334.49
302.8643 335.363
304.0973 336.345
304.9864 337.143
305.5158 337.731
305.888 338.342
306.1016 338.598
306.1983 338.866
306.2251 338.917
306.1078 338.888