230.2409 260.683
230.8451 260.322
231.7824 259.958
233.061 259.739
234.723 259.534
236.7025 259.62
238.9846 259.952
241.54448 260.586
244.35633 261.706
247.42567 263.203
250.635009 265.365
253.94081 268.108
257.39856 271.367
260.8321 275.454
264.3109 280.165
267.7744 285.727
271.1973 292.086
274.6704 298.993
277.8152 306.233
280.7292 313.946
283.3806 321.977
286.1523 329.837
288.6505 337.738
290.6621 345.082
292.5133 352.192
294.0064 358.809
295.2322 365.343
296.1578 371.597
297.2396 378.295
298.0086 384.92
298.257 390.807
298.1081 396.709
297.7105 402.094
297.0694 406.658
296.4473 410.683
296.225 414.199
295.8154 417.11
294.7582 418.906
294.2589 420.757
293.6524 421.715
292.6442 422.18
291.8183 422.633
291.1153 422.766
290.4406 421.842
289.8961 419.931
289.6553 418.382
289.4109 416.005
289.172 412.314
288.9727 408.029
288.6239 403.201
287.8556 397.353
287.132 391.106
286.6832 384.643
286.615 378.536
286.9227 372.123
287.6207 365.687
288.6386 359.156
289.7711 352.086
290.7084 344.845
291.7392 337.732
292.6492 330.553
293.2048 323.066
293.3672 315.986
293.5429 309.467
293.931 303.537
294.5423 298.551
295.2845 294.357
296.1087 290.487
296.8268 287.096
297.3867 283.982
297.4476 281.559
297.3501 279.451
297.1654 277.344
296.6891 275.879
296.1232 274.881
295.5758 274.604
295.0976 275.026
294.6727 276.012
293.9789 277.78
293.1795 280.14
292.1899 282.56
291.116 285.183
289.9942 287.744
288.8644 290.432
287.7734 293.259
286.7184 296.27
285.7572 299.436
284.5953 302.935
283.1644 306.799
281.4309 310.964
279.3676 315.209
277.0512 319.428
274.4853 323.087
271.8629 326.33
269.3789 329.442
266.8631 332.329
264.3361 335.106
261.7682 337.4
259.20683 339.25
256.78184 340.808
254.48746 341.955
252.46971 342.363
250.841241 342.555
249.73665 342.44
249.390556 341.963
249.9239853 341.569
251.48543 341.094
254.07008 340.748
257.65131 340.607
262.1143 340.651
267.0923 340.434
272.3572 340.25
277.875 340.537
283.3464 341.005
288.9962 341.824
294.2465 342.446
299.2121 343.285
303.6907 343.824
307.8693 344.425
311.649 345.251
314.898 345.963
317.5514 346.439
319.7125 346.949
321.5166 347.792
322.7687 348.357
323.4814 348.573
323.768 348.674
323.7573 348.79
323.4361 348.88
323.0819 349.161
322.517 349.297
321.7979 349.537
321.0298 349.429
320.1979 349.288
319.3374 349.115
318.4597 349.076
317.5423 348.921
316.6048 348.615
315.6559 348.166