218.8311 341.027
219.2819 339.825
219.8662 338.816
220.6014 337.789
221.5619 336.991
222.6972 336.673
223.9647 336.71
225.309 336.844
226.677 337.43
228.0266 338.189
229.3735 339.038
230.6259 339.929
231.6939 340.96
232.5503 342.103
233.181 342.95
233.5739 343.339
233.7518 343.599
233.7841 343.655
233.65 343.165
233.4347 341.94
233.0851 340.092
232.5273 338.015
231.8407 335.158
231.0006 331.976
229.9903 328.4
228.9894 323.967
228.0533 318.963
227.1827 313.498
226.4807 307.499
225.9627 301.542
225.6781 296.142
225.6864 291.534
225.9506 287.934
226.5043 284.794
227.2517 282.284
228.1945 280.256
229.2835 278.756
230.528 277.835
231.9023 277.287
233.3245 277.324
234.835 277.859
236.3664 279.067
237.9486 280.765
239.5962 282.986
241.28681 285.619
243.02927 288.738
244.78803 292.101
246.57022 295.617
248.41194 299.076
250.162412 302.778
251.80332 306.705
253.4274 310.839
254.96914 314.887
256.5335 318.932
257.99046 322.701
259.21472 326.208
260.1571 329.294
260.888 332.101
261.4598 334.16
261.8624 335.956
262.1684 336.948
262.3888 337.154
262.4526 336.624
262.3999 335.276
262.2233 333.286
261.9285 330.852
261.495 327.928
260.9453 324.522
260.2603 320.595
259.52347 316.214
258.70504 311.608
258.11258 306.73
257.75492 302.07
257.60408 297.65
257.69422 293.7
258.01451 290.591
258.58243 288.01
259.303 286.166
260.1343 284.762
261.0681 283.814
262.0528 283.191
263.0475 282.976
263.9913 283.117
264.9572 283.595
265.9195 284.381
266.8071 285.559
267.6618 286.962