258.24296 364.929
258.24492 364.817
258.2263 364.628
258.17708 364.338
258.06874 364.104
257.94727 363.975
257.75372 363.426
257.52625 362.841
257.2589 361.971
256.90383 360.832
256.51783 359.672
256.08496 358.442
255.66287 356.902
255.28273 355.023
254.91601 352.827
254.49664 350.216
254.04793 347.236
253.56439 343.83
252.99534 340.226
252.46815 336.663
252.05423 333.123
251.77846 329.812
251.61236 326.742
251.72016 323.664
252.12017 320.486
252.68481 317.102
253.39559 313.789
254.23385 310.761
255.21942 307.691
256.33457 304.975
257.47591 302.928
258.77125 301.348
260.2795 299.976
261.9754 298.857
263.7599 298.059
265.6314 297.61
267.5838 297.548
269.5249 297.746
271.3571 298.128
273.1097 298.837
274.7762 299.874
276.2931 301.198
277.8615 302.528
279.1527 304.299
280.5537 305.937
281.8218 307.736
282.9626 309.581
283.9796 311.687
284.8677 314.004
285.5543 316.386
286.0789 318.753
286.5287 321.206
286.9926 323.864
287.3996 326.343
287.7878 328.701
288.1305 330.884
288.4284 333.144
288.6644 335.194
289.0518 337.213
289.3235 339.114
289.4978 340.784
289.5798 342.389
289.6002 343.895
289.6636 345.227
289.7081 346.548
289.6978 347.64
289.722 348.788
289.786 349.676
289.8412 350.14
289.9344 350.662
290.0628 351.332
290.1534 351.877
290.1987 352.328
290.1998 352.578
290.1756 352.789
290.179 352.778
290.1252 352.692
290.0705 352.691
290.0695 352.727