223.1845 349.302
223.4243 348.337
223.8176 347.338
224.4012 346.232
225.2201 345.052
226.3245 344.013
227.7745 343.152
229.5134 342.857
231.4484 342.862
233.4269 343.373
235.3082 344.068
237.1552 345.084
238.9622 346.497
240.63046 348.235
242.10402 350.075
243.25266 352.07
244.1694 353.674
244.79084 355.038
245.18279 356.563
245.35316 357.69
245.33312 358.243
245.14544 358.76
244.75407 358.419
244.15516 357.813
243.48262 356.834
242.74973 355.313
241.96358 353.364
241.13252 350.979
240.31673 348.281
239.4995 345.149
238.6208 341.996
237.752 338.183
236.8047 334.04
235.8988 329.635
235.0655 325.059
234.402 320.153
233.8708 315.367
233.5452 310.666
233.5224 306.278
233.8406 302.589
234.5123 299.54
235.444 297.268
236.6905 295.474
238.1954 294.255
239.8885 293.713
241.72288 293.601
243.59817 294.043
245.48205 294.825
247.44574 295.854
249.338817 297.512
251.21145 299.239
253.09884 301.15
254.96253 303.535
256.8138 306.133
258.64357 309.121
260.4103 312.2
262.0988 315.395
263.6641 318.72
265.1305 321.803
266.4404 324.957
267.6406 327.84
268.7018 330.5
269.7287 333.164
270.9366 335.679
272.0439 338.054
273.0534 340.247
273.9848 342.403
274.8204 344.514
275.5163 346.398
276.1685 348.02
276.7502 349.364
277.2897 350.583
277.8347 351.799
278.3294 352.775
278.905 353.672
279.4265 354.116
279.8778 354.622
280.2322 354.591
280.4033 354.143
280.4622 353.289
280.3952 352.062
280.182 350.471
279.8142 348.29
279.3525 345.717
278.5599 342.433
277.7159 338.551
276.7237 334.022
275.6911 329.206
274.6097 323.968
273.5425 318.246
272.7291 312.838
272.2301 308.234
272.3628 304.407
273.1183 301.335
274.3406 298.745
275.9558 296.945
277.8905 295.459
279.9508 294.563
282.062 293.958
284.1903 293.757
286.211 293.945
288.0753 294.35
289.7589 294.959
291.2934 295.976
292.712 297.091
293.9873 298.421