259.58365 418.467
259.43721 417.898
259.29443 417.002
259.10666 416.537
258.94334 415.776
258.77803 414.826
258.60317 413.371
258.39393 412.106
258.15494 410.636
257.94342 408.663
257.71925 406.454
257.49329 404.234
257.25528 401.757
257.05294 399.259
256.88339 396.831
256.69759 394.436
256.55053 391.95
256.49887 389.628
256.56796 387.116
256.71799 384.588
256.91162 381.708
256.9737 379.075
257.02632 376.261
257.10878 373.723
257.35831 371.414
257.7348 369.355
258.23017 367.602
258.84671 365.918
259.59441 364.078
260.4539 362.294
261.4023 360.658
262.4727 358.881
263.5882 357.232
264.7488 355.816
265.9678 354.884
267.2769 354.258
268.6985 353.867
270.1613 353.445
271.7122 353.428
273.2163 353.307
274.6762 353.563
276.1843 354.086
277.6073 354.665
278.9205 355.426
280.2049 356.44
281.4093 357.697
282.5521 359.489
283.638 361.197
284.6564 362.63
285.6413 364.514
286.5379 366.504
287.3729 368.466
288.1732 370.61
288.9022 372.876
289.5162 375.11
290.0117 377.21
290.4314 379.582
290.9056 381.956
291.2651 383.825
291.8084 385.61
292.3224 387.722
292.7908 390.055
293.1618 392.146
293.3909 393.738
293.6604 395.774
293.8945 398.189
294.0623 400.071
294.1694 401.949
294.2988 403.929
294.5011 406.119
294.7046 408.237
294.8536 409.65
295.0526 411.09
295.3035 412.798
295.4096 413.961
295.431 414.909
295.5548 416.054
295.5309 416.687
295.5956 417.975
295.6623 419.064
295.664 419.948
295.5956 420.13
295.527 420.603
295.4445 421.065
295.3651 421.672
295.173 421.867
295.068 422.166
294.9954 422.426
295.0005 422.888
295.0087 423.262
294.9844 423.72
294.9112 423.422
294.913 423.375