222.5017 354.965
222.8548 355.433
223.381 355.899
224.0676 356.287
224.894 356.62
225.8777 356.891
227.0173 357.229
228.2944 357.586
229.7107 357.844
231.295 358.146
232.9309 358.427
234.6158 358.562
236.3398 358.612
238.0855 358.233
239.867 357.687
241.54885 356.681
243.08986 355.736
244.40306 354.424
245.67319 352.844
246.87711 351.284
248.03987 349.394
249.045482 347.393
249.9041489 345.473
250.568955 343.467
251.09566 341.204
251.4927 338.906
251.63749 336.804
251.68463 334.447
251.70695 331.899
251.61974 329.464
251.49281 327.065
251.35601 324.426
251.14871 321.728
250.842285 319.098
250.515972 316.488
250.158993 314.202
249.840312 311.903
249.587816 309.779
249.311564 307.781
249.135342 305.897
249.033985 304.146
248.97342 302.377
248.97746 300.885
248.98938 299.578
248.94485 298.69
248.97823 298.032
249.064529 297.65
249.291028 297.452
249.486725 297.453
249.724843 297.672
250.0152049 298.073
250.373431 298.834
250.798802 299.769
251.32228 300.701
251.93675 301.968
252.62437 303.307
253.40345 304.827
254.25856 306.586
255.18826 308.539
256.21316 310.617
257.22021 312.731
258.13038 314.93
258.98665 317.046
259.82153 319.21
260.6074 321.544
261.4203 323.651
262.289 326.041
263.1534 328.237
264.0975 330.561
265.2614 332.712
266.3944 334.863
267.5116 337.041
268.6174 339.12
269.6906 341.108
270.7749 343.064
271.8633 345.195
272.8546 346.615
274.1519 348.94
275.2855 350.819
276.2233 352.307
277.0682 353.627
277.8501 354.687
278.6058 355.825
279.2669 356.469
279.8647 357.38
280.4395 358.198
280.9443 358.998
281.398 359.711
281.8823 360.46
282.2642 360.803
282.6119 361.327
282.896 361.86
283.1054 362.507
283.2277 362.842
283.2706 363.56
283.195 363.961
283.0889 364.416
282.9559 364.827
282.7404 365.2