203.7471 401.181
203.8245 401.954
204.0332 402.28
204.3569 402.573
204.7816 402.966
205.3546 403.194
205.9895 403.818
206.756 404.308
207.6382 404.849
208.705 405.358
209.9649 405.618
211.342 405.519
212.9312 405.204
214.6312 405.436
216.5958 405.044
218.6437 404.463
220.6237 403.652
222.4986 402.662
224.3851 401.431
226.2365 399.844
228.0783 398.124
229.9509 396.17
231.8051 394.159
233.5723 391.84
235.3045 389.167
236.903 386.814
238.3795 384
239.6965 381.171
240.97966 378.207
242.25255 374.748
243.43477 371.02
244.47547 367.291
245.35401 363.264
246.05379 359.136
246.60276 354.805
247.05918 350.424
247.49833 346.254
247.8903 342.009
248.2474 337.854
248.48372 333.678
248.73829 329.518
248.95224 325.39
249.140766 321.484
249.313461 317.744
249.517613 314.228
249.748739 311.046
250.02363 308.134
250.257455 305.591
250.348143 303.483
250.391347 301.627
250.407072 300.038
250.390989 298.872
250.353278 297.867
250.383768 296.904
250.294478 296.605
250.255085 296.508
250.284015 296.667
250.378458 297.062
250.619191 297.542
250.839993 298.258
251.07779 299.425
251.36254 300.788
251.6708 302.3
252.01634 304.089
252.44782 306.069
252.99741 308.056
253.65927 310.201
254.43727 312.594
255.32211 315.104
256.26809 317.688
257.30115 320.286
258.36808 322.932
259.48423 325.843
260.6645 328.687
262.0381 331.416
263.4186 334.23
264.847 336.98
266.3106 339.877
267.8708 342.859
269.5303 345.701
271.31 348.528
273.156 351.372
275.0638 354.516
276.9494 357.691
278.787 360.862
280.5057 363.913
282.1502 366.77
283.6942 369.388
285.2131 372.066
286.7318 374.747
288.2507 377.529
289.9058 380.258
291.378 382.681
292.7767 384.774
294.1231 387.375
295.4809 390.106
296.7502 392.538
297.8897 394.674
298.8943 396.706
299.9319 398.925
300.8279 400.83
301.6251 402.61
302.3162 404.328
302.9351 405.874
303.5017 407.439
303.8474 408.393
304.3223 409.66
304.7054 411.026
305.1161 411.963
305.4613 412.954
305.7551 413.769
305.9517 414.555
306.1594 415.03
306.4349 415.83
306.6258 416.597
306.8679 417.35
307.0166 418.233
307.111 418.658