225.916 363.399
225.6565 363.265
225.4262 363.11
225.2294 362.597
225.0278 361.888
224.8014 360.918
224.5558 359.66
224.2824 358.4
224.0353 356.597
223.7897 354.4
223.5891 351.81
223.2836 348.958
222.9321 346.09
222.6013 342.939
222.257 339.661
221.8633 336.141
221.3082 332.617
220.6473 328.849
219.9585 324.742
219.2554 320.489
218.6198 316.012
218.0739 311.456
217.6165 306.858
217.2262 302.36
216.9757 297.927
216.795 293.923
216.7039 290.374
216.8503 286.887
217.1576 284.171
217.7454 281.828
218.5599 280.056
219.5742 278.842
220.7813 278.174
222.118 278.284
223.6553 278.686
225.3543 279.729
227.269 281.102
229.2947 282.884
231.4072 284.932
233.6087 287.178
235.7428 289.699
237.7718 292.576
239.8234 295.541
241.69548 298.998
243.39046 302.501
244.93125 306.262
246.37606 309.965
247.67275 313.821
248.89859 317.59
249.99837219 321.167
250.927287 324.442
251.74509 327.563
252.47224 330.478
253.19415 332.88
253.75044 335.075
254.14703 337.009
254.41299 338.521
254.58311 339.964
254.65902 340.751
254.73665 341.094
254.78339 340.869
254.84845 340.121
254.90693 339.107
254.79564 337.735
254.74094 335.775
254.69896 333.588
254.67873 331.075
254.6859 328.135
254.7233 325.033
254.75781 321.667
254.71002 317.926
254.58972 313.953
254.51966 309.9
254.38571 305.9
254.43969 301.83
254.56881 298.032
254.82728 294.48
255.24016 291.343
255.90099 288.536
256.78447 286.297
257.81287 284.595
259.03633 283.349
260.5353 282.694
262.2786 282.512
264.2837 282.973
266.423 284.229
268.6186 286.146
270.9176 288.827
273.2656 291.973
275.6204 295.164
278.0989 298.166
280.582 301.58
282.9328 304.912
285.0691 308.29
287.113 312.172
289.1288 316.363
291.0462 320.407
292.8771 324.487
294.538 328.287
295.9431 331.652
297.0815 334.815
298.1818 337.499
299.0137 340.012
299.5687 342.458
299.887 344.681
300.134 346.671
300.3395 348.903
300.4416 350.438
300.5238 351.715
300.6801 352.867
300.7894 353.927