228.7305 359.513
228.7474 359.543
228.7764 359.187
228.7885 358.612
228.7445 358.218
228.6861 357.723
228.6264 356.803
228.5398 355.412
228.4465 354.031
228.3007 352.323
228.1139 350.438
227.9543 348.012
227.7839 345.598
227.6238 342.868
227.4427 339.972
227.2813 336.91
227.1824 333.78
227.1222 330.781
227.1802 327.676
227.3486 324.584
227.6472 321.341
227.9554 318.466
228.3366 315.709
228.8057 312.961
229.3143 310.396
229.822 307.948
230.3999 305.514
231.0325 303.23
231.694 301.364
232.4122 299.906
233.2269 298.858
234.1553 298.025
235.2457 297.51
236.4945 297.49
237.8957 297.849
239.4152 298.67
240.99816 299.769
242.66362 301.121
244.40781 302.833
246.1748 304.828
247.92676 307.268
249.641892 309.829
251.31296 312.57
252.9924 315.554
254.64892 318.633
256.22404 321.461
257.7759 324.088
259.22738 327.033
260.5434 329.664
261.8452 332.726
263.0643 335.573
264.2185 338.292
265.2642 341.075
266.1881 343.584
267.0027 346.052
267.604 347.783
268.1609 349.122
268.6424 350.356
269.0242 351.453
269.3129 351.926
269.5131 352.298
269.63 352.436
269.6621 352.365
269.6164 351.643
269.5685 350.741
269.5172 349.583
269.4234 347.877
269.3334 345.855
269.255 343.643
269.1295 341.417
268.9577 338.611
268.7793 335.855
268.8084 332.986
268.8438 330.308
268.9966 327.68
269.2523 324.867
269.592 322.169
270.0196 319.338
270.6028 316.473
271.3299 313.961
272.1089 311.582
272.9153 309.615
273.8687 307.885
274.9779 306.538
276.1799 305.359
277.4385 304.425
278.8298 303.896
280.1633 303.591
281.6355 303.498
283.1701 303.638
284.6208 304.054
286.1477 304.539
287.5738 305.366
288.9149 306.49
290.0692 307.819
291.2412 309.474
292.4234 311.538
293.4533 313.704
294.3777 315.95
295.2121 318.413
296.0037 320.665
296.8036 322.924
297.6167 325.149
298.3366 327.603
298.9408 329.971
299.4858 332.645
300.1822 335.259
300.7771 337.651
301.2893 339.949
301.7985 342.469
302.285 344.56
302.7225 346.375
303.0527 347.935
303.2929 349.22
303.5288 350.23
303.7726 351.238
303.9264 351.881
304.1135 352.37
304.1986 352.943
304.2591 353.363
304.2302 353.595
304.2171 353.833
304.1634 353.959
304.146 354.225
304.174 354.295
304.1763 354.282
304.2569 354.211