215.1021 388.416
215.0679 388.019
215.0059 387.549
214.9572 386.527
214.8986 385.084
214.8059 383.491
214.6354 381.296
214.3106 378.813
213.9267 375.961
213.5834 372.082
213.1052 368.424
212.6913 364.246
212.4155 359.398
212.1355 354.509
211.8845 349.572
211.7702 344.486
211.7714 339.71
211.9932 334.95
212.305 330.727
212.6765 327.215
213.2713 323.529
213.9152 320.302
214.7279 317.219
215.5111 315.074
216.3651 313.155
217.2602 311.823
218.2471 311.027
219.3779 310.601
220.457 311.653
221.6543 313.182
223.0165 315.078
224.3871 317.445
225.7972 320.114
227.3022 322.657
228.7301 325.491
230.1494 328.343
231.5058 331.298
232.7186 334.763
233.8919 338.339
234.9808 341.956
235.9806 345.257
236.8602 348.768
237.6471 352.158
238.3276 355.386
238.98 358.107
239.5849 360.797
240.07424 363.513
240.51717 366.285
240.88693 368.727
241.2574 370.923
241.60823 373.061
241.93706 374.658
242.23335 376.001
242.42145 376.903
242.57278 377.539
242.6722 377.542
242.68247 376.941
242.69797 376.26
242.74279 375.082
242.7386 373.517
242.81048 371.961
242.84301 370.126
242.8412 367.94
242.79325 365.333
242.70901 362.466
242.61024 359.112
242.42824 355.263
242.30448 350.993
242.2036 346.719
242.09057 342.336
242.00926 338.549
241.95206 335.261
242.08386 332.269
242.48187 329.646
243.10864 326.837
243.71597 324.93
244.45092 323.108
245.36558 321.468
246.33189 320.435
247.38686 319.817
248.50621 319.592
249.685705 319.973
250.898177 320.579
252.02301 322.008
253.31177 323.716
254.54111 326.172
255.79682 328.429
256.97446 331.213
258.36687 333.722
259.70827 336.178
260.949 338.738
262.1354 341.543
263.234 344.936
264.2363 348.46
265.1927 352.372
265.924 355.848
266.4517 359.254
266.8107 362.408
267.0711 365.269
267.335 367.839
267.5167 370.136
267.682 372.094
267.9302 374.369
268.1335 376.336
268.2738 378.394
268.3904 380.176
268.4641 381.522
268.5495 382.781
268.6467 383.711
268.7586 384.516
268.8333 384.833
268.9205 385.183
269.0145 385.771
269.0374 385.958
268.997 385.864
268.9133 385.588
268.9415 385.288
268.89 385.395