171.5692 372.62
171.4678 373.002
171.4577 372.77
171.5074 372.135
171.4373 371.54
171.2474 370.846
171.0543 369.718
170.8305 368.274
170.6376 366.279
170.4168 363.733
170.0833 360.978
169.7181 357.84
169.341 354.349
168.9634 350.594
168.6595 346.385
168.2672 342.205
167.9299 337.979
167.6772 334.015
167.6225 329.946
167.7327 325.929
168.0871 321.902
168.6225 318.107
169.3705 314.43
170.2701 310.995
171.2174 308.144
172.3253 305.717
173.6262 303.787
175.0458 302.518
176.66 301.671
178.3882 301.436
180.2694 301.455
182.2164 302.045
184.23 303.013
186.2048 304.504
188.1391 306.235
190.0136 308.365
191.76 310.763
193.5097 313.262
195.005 316.36
196.4084 319.63
197.7103 323.206
198.9037 326.8
200.013 330.342
201.0366 333.971
202.0239 337.548
202.871 341.166
203.6349 344.635
204.3341 347.662
204.9767 350.45
205.4878 352.941
205.9123 354.995
206.3135 356.836
206.6253 358.236
206.8318 358.983
206.8766 359.525
206.9315 359.562
206.969 358.601
206.9154 357.533
206.8899 355.944
206.8389 353.807
206.7733 351.641
206.6589 349.08
206.5485 345.948
206.4017 342.927
206.3674 339.392
206.409 335.521
206.5098 331.467
206.4783 327.665
206.6885 323.645
206.9555 319.969
207.4303 316.617
208.1235 313.493
209.0423 310.745
210.1257 308.374
211.2549 306.549
212.3918 305.265
213.5812 304.299
214.7898 303.913
216.0865 304.027
217.4363 304.424
218.8205 305.346
220.171 306.749
221.5037 308.662
222.8351 311.018
224.1825 313.492
225.5097 316.186
226.8283 318.976
228.0999 321.825
229.3528 324.487
230.5245 327.497
231.7142 330.575
232.958 333.692
234.0258 336.731
234.9694 339.898
235.7726 342.809
236.3785 345.524
236.9243 348.315
237.408 350.824
237.8239 353.078
238.3033 355.193
238.7055 357.035
239.0333 358.575
239.2707 360.354
239.4717 361.84
239.6518 363.402
239.8249 364.569
239.9649 365.552
240.14638 365.834
240.22192 366.301
240.25958 366.473
240.23495 366.772
240.1642 367.132
240.05217 367.315
240.04565 367.404
240.04799 367.638
240.04387 367.825
240.06454 367.702