277.941 358.74
278.9466 360.985
280.0534 363.155
281.252 365.248
282.5352 367.581
283.8505 369.664
285.1438 371.223
286.3546 372.171
287.3264 372.299
287.9263 371.299
288.0975 369.729
287.8627 367.565
287.1207 364.549
285.9312 360.627
284.423 355.831
282.4926 350.177
279.9792 343.541
277.1517 336.093
273.8008 327.888
270.1045 319.413
265.983 311.118
261.5476 303.215
257.00122 295.84
252.52381 289.247
248.3373 283.882
244.52895 279.775
241.0554 276.844
237.8126 275.114
234.7854 274.193
231.2381 275.383
228.5847 277.443
226.6278 280.703
225.1529 284.773
224.048 289.443
223.1908 294.868
222.5591 300.637
222.107 306.876
221.8691 313.434
221.7708 320.11
221.696 326.908
221.7511 333.323
222.0459 339.287
222.6526 344.638
223.5531 349.345
224.6804 353.447
225.9693 356.738
227.3953 359.596
228.8977 361.403
230.6028 362.762
232.4757 363.043
234.6453 362.364
237.1659 360.816
240.00227 358.523
243.19897 355.622
246.67627 351.449
250.473673 346.381
254.41553 340.397
258.33586 333.935
262.2873 327.138
265.9215 320.081
269.2244 313.469
272.3024 307.382
274.9352 302.302
277.4013 298.217
279.5469 295.29
281.6126 293.175
283.5023 291.613
285.1967 290.536
286.6204 289.891
287.8624 289.614
288.9912 289.631
289.9811 289.762
290.7641 290.14
291.4031 290.775
291.9289 291.326
292.3989 291.817
292.6026 292.659
292.7632 293.234
292.9285 294.026