297.1888 383.269
299.557 385.801
301.7444 387.437
303.5588 388.416
304.7469 388.499
305.5945 387.741
306.0924 385.853
305.9464 382.995
304.9031 378.999
303.1734 374.26
300.5375 367.894
297.0191 360.052
292.597 351.275
287.4581 341.554
281.8018 331.159
275.7836 320.611
269.5925 310.618
263.5865 301.089
258.02422 292.714
253.16588 285.772
249.198291 280.878
246.05101 277.996
243.54616 277.006
241.02932 282.384
238.8617 293.946
237.6045 303.883
236.9869 312.67
236.7666 320.834
236.8806 328.706
237.1741 336.165
237.4984 343.288
237.8355 349.701
238.1147 355.825
238.4471 361.475
238.7352 366.631
239.0611 370.945
239.4478 374.712
240.0367 377.741
240.81776 379.72
241.80836 380.919
243.0618 381.238
244.64089 380.407
246.597 378.585
248.82107 375.099
251.36389 370.633
254.27105 365.218
257.43087 358.775
260.6849 351.091
263.8102 342.828
266.9567 334.052
270.0464 324.879
273.0778 316.157
276.0926 307.855
279.1103 300.607
281.9447 294.458
284.6252 289.692
287.0311 285.993
289.0891 283.208
290.9611 281.239
292.6194 279.785
293.9632 278.777
295.0942 278.512
296.0029 278.57
296.7979 279.044
297.4256 279.849
297.967 281.005
298.3857 282.248
298.7165 283.76
299.0052 285.352
299.2338 286.926
299.3704 288.299
299.526 289.673
299.6919 291.035