315.3124 405.43
317.0825 410.036
319.1063 415.069
321.0751 420.01
322.8533 424.009
324.2421 427.27
325.7541 429.903
327.2049 431.976
328.3873 432.516
329.339 432.64
329.4439 431.79
329.5742 429.612
329.3731 427.233
329.3243 424.011
328.5672 419.485
327.3838 413.791
325.5196 406.835
322.2608 398.062
318.4202 388.329
313.8395 377.49
308.3133 365.306
301.5709 352.097
294.41 337.995
286.4543 323.489
278.2981 309.132
270.2011 295.504
262.3026 283.11
254.98227 271.898
248.37359 262.349
242.63698 254.457
237.7306 248.157
233.4147 243.501
229.5637 240.109
226.0347 237.786
222.8322 236.137
219.8641 235.309
217.1906 235.314
214.8357 236.357
212.9273 238.149
211.4941 240.851
210.5707 244.081
210.0905 248.033
209.9911 252.662
210.1425 257.948
210.5338 263.62
211.1192 269.72
211.7736 276.349
212.467 283.292
213.1579 290.675
213.8012 298.321
214.4352 305.844
214.9827 313.43
215.3451 321.217
215.6374 328.873
215.8923 336.198
216.1592 343.451
216.5076 350.4
216.9296 357.264
217.5093 363.66
218.0933 369.389
218.5771 374.609
218.9605 379.497
219.3209 384.364
219.7272 388.949
220.2749 393.509
220.9951 397.276
221.9365 400.57
223.0807 404.289
224.3839 406.762
225.861 408.76
227.5991 410.069
229.5552 411.202
231.6428 411.663
233.9557 411.461
236.4845 410.634
239.1559 408.917
242.08486 406.049
245.22817 402.43
248.53643 397.232
251.7235 390.61
255.12838 382.981
258.72983 374.119
262.3737 364.055
265.8347 353.242
269.5629 341.924
273.2661 330.262
276.8172 318.732
280.3172 307.468
283.5234 296.693
286.5856 287.04
289.5644 278.561
292.1776 271.248
294.6831 265
297.0219 259.501
299.0647 254.945
300.909 251.303
302.618 248.304
304.101 246.122
305.4252 244.495
306.7715 243.676
307.9689 243.293
309.1208 243.495
310.1914 244.142
311.1465 245.23
311.9435 246.537
312.6734 248.136
313.2919 249.885
313.7231 251.551
314.176 253.625
314.5311 255.691
314.7381 257.663