310.6254 394.481
311.4515 396.354
312.1446 397.653
312.7081 398.005
313.043 397.77
312.9401 396.538
312.3619 394.146
311.3559 391.272
310.1904 387.409
308.5428 382.3
306.3762 375.754
303.3416 368.552
299.6433 359.574
294.8972 349.79
289.6276 338.852
284.146 327.837
278.4195 316.897
272.8836 306.268
267.6859 296.215
262.8366 287.355
258.45932 279.724
254.73207 273.623
251.71963 269.666
249.349204 267.89
247.57376 267.812
246.1505 269.568
245.13692 272.426
244.32091 276.419
243.61143 281.551
243.13101 287.558
242.95786 294.312
242.92748 301.909
243.02665 309.775
243.21922 317.806
243.46748 325.905
243.59235 333.546
243.60027 340.466
243.72313 346.578
244.13744 352.277
244.79118 357.072
245.69199 361.106
246.69035 363.834
247.78091 365.541
249.041319 366.228
250.560755 365.444
252.49293 363.527
254.99902 360.468
257.96882 355.909
261.1044 349.676
264.0616 342.432
266.8698 334.315
269.5777 325.614
272.0309 316.882
274.5125 308.796
276.9352 301.427
279.4286 295.401
281.8383 290.74
284.1683 287.152
286.3708 284.295
288.3536 282.307
290.3416 280.868
292.1046 279.946
293.6389 279.237
294.8514 278.962
296.0567 278.966
297.1232 279.277
297.9056 279.689
298.6456 280.46
299.3032 281.3
299.9468 282.365
300.4546 283.584
300.8147 285.017
301.0233 286.457
301.0414 287.973
300.9668 289.556
300.6958 290.889
300.2987 292.353
299.8162 293.84