289.078 380.842
289.5996 381.535
290.0648 381.538
290.5812 381.703
290.7384 381.487
290.8787 380.973
290.8691 380.242
290.8367 379.501
290.5707 378.454
290.0808 377.064
289.4179 375.307
288.7792 373.27
288.0827 371.078
287.3278 368.663
286.2246 365.341
285.0728 361.812
283.7328 358.056
282.0145 354.053
280.0191 349.954
277.7325 345.074
275.1863 339.668
272.4176 333.604
269.5155 327.004
266.2397 320.048
262.5097 313.061
258.73542 305.871
254.999 298.818
251.51965 292.066
248.31838 285.886
245.37335 280.338
242.53505 275.361
239.8716 270.566
237.2206 266.017
234.5997 261.489
231.9853 257.147
229.4273 253.08
226.9844 249.387
224.7592 245.956
222.6532 243.342
220.7819 241.051
219.1427 239.127
217.7492 237.576
216.612 236.454
215.6871 235.794
214.9651 235.496
214.4129 235.521
213.9624 236.046
213.6207 236.778
213.3463 237.814
213.1812 239.417
213.1835 241.515
213.435 243.798
213.8293 246.704
214.3206 250.057
214.8323 253.737
215.3713 257.543
215.9573 261.318
216.5195 265.334
217.0665 269.638
217.5979 274.14
218.1012 278.757
218.5951 283.591
219.2136 288.221
219.8279 293.019
220.4957 297.91
221.1758 302.858
221.8212 307.753
222.4416 312.508
222.9847 317.216
223.4658 321.85
224.0307 326.362
224.5124 330.945
224.9539 335.44
225.3566 339.729
225.7363 343.907
226.1399 347.683
226.6112 350.989
227.0862 354.237
227.6032 357.239
228.0468 359.834
228.2934 362.708
228.482 365.131
228.5301 367.211
228.571 369.083
228.6415 370.382
228.7442 371.649
228.8066 372.545
228.9912 372.746
229.4192 372.591
229.6818 372.042
230.07 371.704
230.6065 370.363
231.3141 368.406
232.0913 366.335
233.008 364.069
234.2082 361.198
235.6842 357.848
237.4327 353.669
239.3707 349.158
241.46 344.324
243.35352 339.069
245.18204 333.782
247.01601 328.395
248.75271 322.839
250.551237 317.174
252.41679 311.362
254.28439 305.934
256.33895 300.523
258.43957 295.259
260.5264 290.25
262.7571 285.559
264.8669 281.118
267.0041 277.042
268.8304 273.551
270.5406 270.331
272.23 267.369
273.9289 264.83
275.4647 262.711
276.9388 261.119
278.4299 259.801
279.8663 258.909
281.155 258.524
282.4143 258.497
283.543 258.621
284.5476 258.929
285.4658 259.552
286.2574 260.296
286.8704 261.272
287.3697 262.423
287.722 263.574
288.1609 264.67
288.443 265.931
288.6973 267.367
288.94 268.756
289.2024 270.118
289.4443 271.501
289.7001 272.736
289.9311 274.015
290.1706 275.187
290.3661 276.307