306.179 383.105
308.593 387.397
311.1466 391.127
313.8318 395.052
316.175 397.76
318.1201 399.841
319.5714 400.886
320.5368 401.036
320.9216 400.136
320.551 397.682
319.3199 394.267
317.0754 389.839
314.464 384.024
311.2316 377.013
307.178 369.275
302.406 360.327
296.9104 350.468
291.0169 339.701
284.8915 328.596
278.5466 317.413
272.1434 306.261
265.8137 295.706
259.55973 286.249
253.60381 278.034
248.08445 271.191
243.20015 266.055
239.133 262.578
235.8454 260.636
233.1983 260.279
231.151 260.966
229.6352 262.948
228.6856 266.202
228.239 270.87
228.2631 276.378
228.4901 283.074
228.9252 290.422
229.5 298.194
230.1716 306.23
230.8856 314.561
231.7571 323.271
232.5891 332.012
233.3015 341.11
233.8999 349.986
234.4189 358.704
234.9183 366.946
235.2874 374.451
235.5238 381.129
235.6846 386.836
235.7613 392.139
235.948 395.956
236.3148 398.739
237.0713 400.33
238.1822 401.191
239.6356 400.348
241.56406 398.361
244.13182 394.909
247.06357 390.043
250.223706 383.748
253.80582 376.494
257.72902 368.16
261.7328 358.921
265.5381 349.721
269.5136 340.248
273.4265 331.282
277.4002 323.183
281.1132 315.766
284.6801 308.988
288.0182 302.982
291.0376 297.722
293.9664 293.304
296.4421 290.274
298.8213 288.017
300.9643 286.621
302.8693 285.935
304.4647 285.706
305.8091 285.651
306.8913 285.643
307.6135 285.724
308.3123 285.882
309.0304 285.755
309.694 285.805
310.3244 286.037
310.8451 286.169