243.90798 392.53
243.98773 393.888
244.13659 395.146
244.25062 395.886
244.32999 397.333
244.35666 398.304
244.37737 399.303
244.37085 400.481
244.42507 400.846
244.53072 400.828
244.63224 400.289
244.74976 399.583
244.88495 398.336
245.00584 396.568
245.09261 394.31
245.13286 391.882
245.15202 388.662
244.91769 384.71
244.67139 380.634
244.49809 376.068
244.44959 371.594
244.45352 367.029
244.64881 362.358
244.92094 357.367
245.24451 352.712
245.64807 347.997
246.19591 343.774
246.82339 339.952
247.63751 336.644
248.70302 333.676
250.00538776 331.145
251.56213 329.171
253.3057 327.948
255.14954 327.162
257.03371 327.138
258.95732 327.821
260.8447 329.033
262.6344 330.716
264.3036 332.892
265.9354 335.229
267.6332 337.654
269.213 340.762
270.5911 343.725
271.8772 346.752
273.0171 350.174
274.1017 353.593
275.1748 357.433
276.1849 361.472
277.1343 365.288
278.0322 368.858
278.8471 371.994
279.5737 375.219
280.2322 378.187
280.888 380.995
281.5057 383.825
282.1187 386.302
282.5762 388.06
282.9175 390.503
283.1737 392.247
283.2671 393.838
283.3236 394.975
283.3414 396.025
283.2413 396.63
283.2216 397.09
283.099 396.51
282.9771 395.56
282.8772 394.63
282.7827 392.83
282.8184 390.626
282.8353 388.445
282.9434 385.956
283.1597 383.149
283.5147 379.725
283.9984 375.856
284.528 371.313
285.1513 366.604
285.7657 361.625
286.2848 356.089
286.8595 350.683
287.217 345.078
287.67 339.534
288.2141 333.958
288.7505 328.066
289.2159 322.177
289.4085 316.417
289.5308 310.873
289.5276 305.575
289.3195 300.176
288.7669 294.938
288.0525 289.585
287.0078 284.542
285.776 279.786
284.3694 275.436
282.8384 271.364
281.1315 267.68
279.1609 264.269
276.9137 261.504
274.333 259.306
271.6806 257.43
268.9906 255.921
266.3064 254.639
263.5374 253.805
260.7534 253.403
257.99783 253.425
255.26484 253.921
252.75594 254.478
250.425862 255.329
248.29899 256.655
246.48948 258.288
245.09712 260.002
244.09813 261.819
243.48693 263.657
243.2857 265.303
243.35361 267.211