240.21285 406.136
240.03044 405.421
239.836 404.693
239.5669 404.135
239.3462 402.892
239.1117 401.867
238.8603 400.509
238.6343 398.721
238.416 397.102
238.157 395.045
237.9354 392.736
237.7106 390.069
237.5168 386.973
237.3822 383.796
237.2168 380.229
237.1449 376.386
237.1793 372.685
237.334 369.228
237.593 366.212
238.0685 362.882
238.8066 359.752
239.7643 356.709
240.87858 353.927
242.08557 351.338
243.38524 348.628
244.73848 346.071
246.12057 344.116
247.52487 342.306
248.96416 340.808
250.494141 339.692
252.06392 338.965
253.76286 338.662
255.57784 338.779
257.45551 338.947
259.34089 339.641
261.2233 340.569
262.9103 341.813
264.3602 343.36
265.6353 345.607
266.7433 348.555
267.6952 351.534
268.6334 354.901
269.4349 357.939
270.1909 360.881
270.9293 363.611
271.6809 366.456
272.3848 369.273
272.9299 371.916
273.5187 374.703
274.1276 377.322
274.6558 380.374
275.1014 382.883
275.4302 385.177
275.8272 387.508
276.1128 389.641
276.2759 391.397
276.4604 394.064
276.5729 396.296
276.5854 398.188
276.6186 399.786
276.6763 401.568
276.7909 403.194
276.9613 405.021
277.1095 406.802
277.1074 407.554
277.1307 408.025
277.1776 409.025
277.3335 410.318
277.4207 411.572
277.4997 412.41
277.502 412.494
277.48 412.509
277.4911 412.466
277.4721 412.035
277.4306 411.459
277.4191 411.206
277.3211 410.888
277.2751 410.684
277.1341 410.128
276.9702 409.385
276.8507 408.585
276.7718 407.628
276.8242 406.926
276.9457 405.594
276.9996 403.995
277.1577 402.523
277.3701 400.75
277.6119 398.7
277.817 396.391
278.0327 394.419
277.8218 391.927
277.708 389.367
277.5707 386.361
277.4877 383.356
277.4963 380.235
277.5177 376.946
277.5784 373.812
277.6715 370.517
277.6771 366.938
277.6555 363.457
277.6341 360.038
277.6146 356.434
277.5738 352.916
277.5019 349.168
277.2186 345.365
276.9602 341.365
276.7196 337.407
276.4436 333.213
276.1719 329.06
275.8624 325.008
275.5342 320.924
275.2081 316.889
274.7156 313.131
274.2942 308.939
273.8883 304.799
273.5921 300.71
273.2215 296.789
272.9057 293.102
272.6212 289.436
272.3437 285.855
271.8496 282.652
271.4021 279.539
270.8395 276.604
270.2759 273.568
269.6963 270.65
269.0912 267.874
268.405 265.344
267.6992 263.08
266.9294 260.86
266.0815 259.012
265.1403 257.39
263.9414 256.129
262.7674 254.954
261.4888 254.025
260.0399 253.537
258.49879 253.261
256.87606 253.186
255.1301 253.467
253.35352 254.008
251.59247 254.763
249.99532125 255.578
248.38365 256.713
246.7782 258.222
245.24042 259.946
243.82889 262.016
242.58026 264.307
241.38599 266.983
240.37361 269.545
239.3869 272.156
238.482 274.749
237.6519 277.282
236.9258 279.716
236.2869 282.163