219.3122 400.642
219.208 400.452
219.2553 400.267
219.4946 399.867
219.9616 399.599
220.6685 399.435
221.6741 399.383
223.0473 399.013
224.6769 398.963
226.7051 398.966
229.0866 398.828
231.8196 398.445
234.8675 398.548
238.3626 399.461
242.29833 399.81
246.53549 400.094
250.841641 399.628
255.2185 400.144
259.46105 400.309
263.6841 400.605
267.6187 400.811
271.2465 400.955
274.5696 401.03
277.6028 400.672
280.4192 400.258
283.0489 400.405
285.2766 399.916
287.2329 399.453
288.8756 398.694
290.1294 398.151
291.0082 396.909
291.5696 395.966
291.7449 395.435
291.48 394.046
290.8561 392.662
289.8049 391.123
288.4575 389.871
286.6379 388.632
284.6795 387.143
282.2756 385.722
279.41 383.887
276.452 381.539
273.1291 379.433
269.7582 377.056
266.1147 374.589
262.6532 372.266
259.01111 369.445
255.27222 366.273
251.40843 362.818
247.46507 359.021
243.58984 355.999
239.8897 352.648
236.4121 349.787
233.1656 346.841
230.1284 344.293
227.2433 341.811
224.5845 339.377
222.1775 337.007
220.0489 334.697
218.1793 332.609
216.6294 330.526
215.3126 328.515
214.2589 326.694
213.4632 325.12
212.9455 323.724
212.7769 322.545
212.9971 321.473
213.4402 320.946
214.3362 320.306
215.4982 319.867
216.8878 319.644
218.6017 319.512
220.6891 319.625
223.0873 319.899
225.9637 320.042
229.1674 320.487
232.7169 320.891
236.5556 321.296
240.58493 321.602
244.71917 322.155
248.8994 322.552
253.1122 323.145
257.27576 323.662
261.3987 324.164
265.3966 324.59
269.1425 325.188
272.6382 325.472
275.8601 326.087
278.8224 326.702
281.4335 327.547
283.9279 328.552
286.1494 329.39
288.0291 330.101
289.6443 330.801
290.9192 331.533
291.9564 332.414
292.771 333.4
293.3892 334.494
294.0097 335.207
294.4191 335.727
294.72 336.532
294.9252 337.35
295.0478 338.156
295.1268 339.002
295.1484 339.807
295.0182 340.21
294.8663 340.798