218.7215 420.038
218.2791 419.672
217.7626 419.811
217.145 419.617
216.4691 419.562
215.7878 419.31
215.0077 419.189
214.1639 418.972
213.3427 418.617
212.4983 418.385
211.7466 418.067
211.0496 417.823
210.4474 417.486
209.8451 417.335
209.3177 417.454
208.8868 416.974
208.4198 416.909
208.0518 416.52
207.8301 415.91
207.761 415.443
207.7804 415.528
208.0973 414.852
208.7638 414.544
209.7735 414.108
211.1823 413.782
212.9332 413.916
215.1092 413.941
217.8414 413.871
221.0738 414.53
224.9319 415.104
229.3113 415.549
234.0603 416.238
239.0274 416.74
244.08873 417.204
249.1577 417.837
253.9776 418.157
258.40645 418.788
262.3526 419.086
265.8309 419.577
268.833 419.608
271.2136 419.734
273.1203 419.222
274.2177 418.742
274.5772 417.852
274.1545 416.114
273.121 414.155
271.6363 411.941
269.718 409.215
267.4525 406.702
264.8004 403.404
261.8022 399.436
258.5078 395.114
254.92721 390.493
251.18762 385.107
247.34567 379.743
243.22733 374.195
239.084 369.22
234.9974 364.313
230.9989 359.608
227.1236 355.075
223.2979 351.093
219.5521 347.421
216.0942 343.687
212.8913 340.482
209.987 337.784
207.4218 335.335
205.1829 333.138
203.3336 331.072
201.8525 329.455
200.8675 328.02
200.4066 327.001
200.4768 326.222
201.0777 325.68
202.199 325.51
203.9369 325.257
206.2554 325.171
209.1244 325.34
212.606 325.549
216.5901 325.462
221.0101 325.919
225.7868 326.148
230.6523 326.704
235.6143 327.606
240.65465 328.51
245.61072 329.656
250.50152 330.419
255.31017 330.992
260.004 331.845
264.492 332.553
268.6794 333.242
272.6661 334.185
276.4335 335.029
279.9017 335.568
283.1467 336.25
285.8961 337.257
288.3172 338.038
290.5835 338.39
292.3571 338.754
293.4842 339.74
294.3681 340.622
294.7146 342.025
294.4404 343.593
293.9767 345.642
293.0704 347.836
291.6427 350.475
289.6522 353.238
287.3271 356.336
284.4029 359.204
280.7582 361.655
276.4519 363.928
271.5647 366.239
266.2515 368.528
260.7059 370.279
255.02469 372.02
249.180845 373.338
243.29984 374.241
237.5542 374.977
231.9039 375.295
226.4221 375.848
221.2372 375.936
216.3498 376.203
212.0486 375.864
208.4863 375.302
205.7699 375.129
204.1776 374.83
203.7581 374.716
204.4991 374.911
206.3668 375.259
209.2357 375.582
213.0398 376.131
217.858 376.275
223.5689 376.951
230.0419 377.805
236.8186 379.128
243.8968 380.108
251.20251 381.784
258.18876 383.503
264.5111 385.064
270.5136 387.402
275.8317 389.711
280.3354 391.777
283.8907 393.874
286.5869 395.888
288.3337 397.246
289.3632 398.132
289.7791 398.973
289.7774 399.574
289.3854 399.718
288.8061 399.874
288.0435 399.7
287.1284 399.774
286.0315 399.183
285.0622 398.955
284.0409 398.615
282.9776 398.456
282.0284 397.898
281.3102 398.03
280.6395 398.338
280.1448 398.469
279.8616 398.218
279.7867 398.583
279.8023 398.683
279.9081 398.63
279.9664 398.557