228.7551 411.919
229.0395 412.16
229.5557 412.768
230.4461 412.593
231.6766 412.908
233.351 412.844
235.4504 412.794
237.9911 413.181
240.84953 413.241
243.92607 413.137
247.09426 412.647
250.179541 412.552
253.12837 412.542
256.04824 412.115
259.05427 412.075
261.9877 411.523
264.7668 411.348
267.3953 410.971
269.8235 410.619
272.1056 410.519
273.9061 409.878
275.2781 409.162
276.1205 408.691
276.43 407.294
276.2364 405.978
275.514 404.23
274.234 402.134
272.6003 400.073
270.7089 398.212
268.5262 396.084
266.0197 393.692
263.1687 390.663
260.0968 387.8
256.74348 384.367
252.96746 380.06
249.178086 375.621
245.21129 371.055
241.21258 366.319
237.279 362.034
233.4612 357.689
229.7869 353.789
226.3241 350.142
223.0839 346.568
220.0935 343.033
217.3794 339.51
214.9859 336.001
212.8819 332.837
211.113 330.18
209.6531 328.344
208.6217 326.569
207.894 325.246
207.464 324.147
207.357 323.24
207.6885 322.352
208.4137 321.803
209.4982 321.537
211.0372 321.399
213.0363 321.695
215.4822 322.127
218.4451 322.601
221.659 323.537
225.2163 324.493
229.0427 325.358
232.9602 326.506
236.9515 327.519
240.87528 328.4
244.64323 329.151
248.26958 329.986
251.76057 330.816
255.27161 331.676
258.53102 332.44
261.3095 333.283
263.9122 334.439
266.2487 335.641
268.601 336.537
270.4356 337.58
272.1797 338.257
273.7041 339.435
275.0895 340.408
276.1851 341.084
277.0835 341.54
277.7897 342.128
278.3428 342.865
278.7561 343.445
279.0641 344.007
279.2002 344.842
279.2028 345.507
279.1647 346.105
279.0081 346.459