218.8133 418.6
219.0851 418.755
219.5928 418.808
220.3456 419.122
221.4302 418.987
222.8934 419.029
224.6752 419.335
226.8967 419.537
229.5265 419.647
232.2834 419.546
235.0859 419.78
237.8068 419.646
240.45523 419.835
243.08969 420.101
245.75771 420.681
248.37183 420.809
251.04691 420.489
253.6565 419.967
256.21375 419.345
258.71576 419.214
261.0617 419.2
263.2364 418.378
265.2242 417.828
266.9203 417.514
268.3236 417.111
269.5659 416.292
270.5059 415.325
271.2062 414.576
271.6654 413.545
271.8632 412.527
271.7489 410.872
271.3444 408.866
270.7203 407.111
269.8418 405.537
268.6782 403.804
267.2685 402.257
265.6293 400.501
263.8233 398.813
261.7294 396.608
259.50461 394.084
257.0578 391.218
254.50555 388.279
251.83696 385.414
249.030875 382.331
246.06905 379.003
243.11956 375.722
240.10259 372.414
237.0914 369.288
234.0769 366.468
231.1104 363.041
228.2297 359.703
225.4277 356.267
222.7388 352.489
219.9978 348.808
217.3071 345.257
214.6636 341.845
212.1161 338.437
209.6271 335.349
207.2307 332.481
204.9943 329.799
202.9386 327.172
200.98 324.712
199.1384 322.222
197.4078 319.644
195.7328 317.13
194.1546 314.724
192.7105 312.516
191.4464 310.526
190.3007 308.898
189.3099 307.308
188.4643 305.893
187.7986 304.644
187.3161 303.534
187.0723 302.501
187.1053 301.456
187.4027 300.464
187.8895 299.771
188.646 299.196
189.6574 298.933
190.9989 298.693
192.6521 298.606
194.6038 298.577
196.8548 298.502
199.2861 298.473
201.8863 298.541
204.6423 298.541
207.5189 298.425
210.4948 298.384
213.5346 298.555
216.6955 298.576
219.9238 298.585
223.2772 298.187
226.6423 297.818
230.0434 297.325
233.3158 296.781
236.6054 296.269
239.7631 295.67
242.81342 295.116
245.57935 294.736
248.38067 294.207
250.848958 294.044
253.21662 294.003
255.49037 293.949
257.64422 293.932
259.65958 294.24
261.5634 294.298
263.3672 294.482
265.0382 294.779
266.5566 295.36
267.9576 295.873
269.2448 296.548
270.3365 297.252
271.3215 297.866
272.4305 298.463
273.4185 299.237
274.2939 299.981
275.0903 300.781
275.7997 301.589
276.3995 302.345
276.9401 303.219
277.2707 304.192
277.7078 304.985
278.1505 305.895
278.515 306.677
278.8256 307.382