166.1214 426.872
166.1966 426.514
166.203 426.967
166.369 427.095
166.9056 426.449
167.5074 426.213
168.3567 425.758
169.236 425.849
170.3111 425.648
171.5175 425.62
172.7783 426.005
174.2497 426.286
176.0329 426.097
177.8302 426.606
179.7143 427.273
181.789 427.377
183.9653 427.338
186.1958 427.56
188.6215 427.174
191.137 426.963
193.628 427.354
196.2806 427.818
199.0177 427.83
201.866 427.654
204.7404 427.558
207.6389 427.275
210.5922 427.452
213.4944 427.511
216.4376 427.661
219.322 427.918
222.2083 428.05
225.1239 427.83
228.0449 427.34
230.9642 427.21
233.872 426.502
236.7715 426.162
239.5318 426.418
242.31034 426.562
245.04494 426.459
247.74292 426.233
250.379983 426.385
252.98564 426.445
255.49028 426.169
258.01317 425.849
260.44 425.821
262.8315 426.032
265.0785 425.844
267.2706 425.61
269.3674 425.941
271.5786 426.698
273.3987 426.61
275.1304 425.94
276.737 425.638
278.2789 425.482
279.6645 425.079
280.7588 424.226
281.7963 424.307
282.5031 423.725
282.9928 423.039
283.3123 422.406
283.3867 421.628
283.1603 419.986
282.8832 419.002
282.3691 418.075
281.6941 416.593
280.6954 414.012
279.4315 411.546
278.024 408.806
276.4733 406.156
274.6412 402.901
272.68 399.594
270.5834 395.905
268.3856 392.226
266.0906 388.386
263.654 384.247
261.1695 380.236
258.60718 375.865
255.99545 371.258
253.29087 366.494
250.646067 361.574
248.01299 356.493
245.4102 351.746
242.95787 346.876
240.62435 342.034
238.3844 337.24
236.1024 332.642
233.8732 328.033
231.6947 323.303
229.5531 318.661
227.524 313.963
225.6341 309.301
223.8281 304.799
222.1157 300.452
220.4538 296.347
218.822 292.507
217.215 288.879
215.6878 285.297
214.1905 282.036
212.7313 278.982
211.3517 276.031
210.0561 273.282
208.8112 270.692
207.5539 268.479
206.2821 266.443
205.0191 264.528
203.8147 262.683
202.6789 261.025
201.6137 259.582
200.6563 258.222
199.7641 257.047
198.8994 256.27
198.1293 255.413
197.4076 254.736
196.7304 254.148
196.1178 253.699
195.5779 253.323
195.0938 253.032
194.6201 252.841
194.2084 252.634
193.802 252.516
193.4528 252.45
193.1171 252.519
192.8719 252.595
192.705 252.728
192.6254 252.896
192.6626 253.055
192.8416 253.235
193.2053 253.373
193.7776 253.589
194.5783 253.842
195.6237 254.051
196.9003 254.132
198.3698 254.249
199.9594 254.357
201.6817 254.583
203.5816 254.817
205.6908 255.066
208.0009 255.362
210.582 255.563
213.3744 255.699
216.2826 255.91
219.2624 256.119
222.2425 256.309
225.1921 256.554
228.1231 256.784
230.997 257.102
233.8378 257.362
236.6331 257.67
239.3951 257.982
242.10793 258.234
244.74405 258.434
247.27022 258.554
249.633892 258.771
251.82099 258.924
253.82201 259.046
255.67891 259.176
257.39673 259.383
258.99521 259.499
260.4982 259.685
261.9163 259.892
263.1816 260.093
264.3125 260.303
265.2744 260.544
266.0834 260.703
266.7639 260.898
267.2921 261.041
267.7008 261.228
268.0019 261.562
268.2456 261.951
268.412 262.408
268.5412 262.883
268.6447 263.352
268.707 263.881
268.7339 264.469
268.7248 265.109
268.654 265.666
268.5521 266.256
268.4089 266.803