220.1041 365.5
220.2501 365.607
220.4028 365.737
220.5045 365.951
220.5547 366.077
220.677 366.075
220.7691 366.434
220.8556 366.493
221.0282 366.399
221.0928 366.447
221.1496 366.409
221.1984 366.472
221.2537 366.41
221.3003 366.474
221.3215 366.633
221.3384 366.848
221.3916 366.903
221.4281 367.013
221.4672 367.051
221.5215 367.052
221.5806 366.967
221.6172 366.908
221.6585 367.344
221.6693 367.145
221.6526 367.079
221.6078 367.301
221.5709 367.292
221.5478 367.327
221.4683 367.48
221.367 367.701
221.2799 367.726
221.1024 367.77
220.8259 367.886
220.492 367.909
220.0717 367.869
219.577 367.65
218.9678 367.534
218.285 367.28
217.4796 366.98
216.5991 366.698
215.6406 366.12
214.6028 365.597
213.5646 364.796
212.4486 363.972
211.3208 363.122
210.2086 362.263
209.1813 361.24
208.2364 359.964
207.3062 358.961
206.4307 357.742
205.5679 356.423
204.749 355.009
203.9761 353.581
203.2613 352.143
202.6506 350.494
202.0597 349.065
201.59 347.324
201.2063 345.572
200.9216 343.822
200.6545 342.131
200.4619 340.309
200.3077 338.584
200.218 336.827
200.2117 335.153
200.266 333.565
200.4361 331.836
200.6545 330.337
200.9195 328.831
201.213 327.491
201.5716 326.058
201.9879 324.512
202.465 322.865
202.9844 321.271
203.5545 319.672
204.1846 318.2
204.8778 316.778
205.661 315.076
206.4261 313.825
207.2111 312.562
208.058 311.515
208.9524 310.488
209.8824 309.582
210.8893 308.696
211.9815 307.837
213.1425 306.97
214.3436 306.255
215.5834 305.503
216.848 304.989
218.1612 304.605
219.4734 304.577
220.8111 304.622
222.1648 304.752
223.5207 304.941
224.8938 305.228
226.2625 305.739
227.6054 306.391
228.9233 307.123
230.2506 307.692
231.5344 308.507
232.8005 309.505
234.066 310.604
235.2634 311.715
236.3488 312.897
237.3892 314.064
238.3295 315.258
239.2027 316.431
240.02896 317.706
240.83208 318.903
241.62516 320.153
242.45546 321.365
243.13591 322.443
243.74903 323.561
244.3112 324.792
244.90804 325.708
245.39954 326.558
245.77086 327.587
246.05329 328.606
246.24292 329.45
246.38568 330.198
246.42789 331.093
246.44443 331.746
246.46621 332.555
246.45979 333.455
246.40981 334.389
246.35634 335.016
246.26375 335.494
246.09993 336.059
245.89017 336.568
245.66934 336.993
245.41002 337.176
245.14989 337.361
244.86364 337.657
244.58179 337.842
244.34051 337.774
244.09761 337.708
243.90246 337.464
243.69973 337.344
243.48634 337.269
243.27561 336.985
243.12358 336.568
242.97098 336.278
242.85901 335.793
242.76613 335.105
242.70767 334.525
242.69843 333.711
242.6952 332.787
242.70996 332.1
242.73726 331.092
242.75414 329.976
242.7946 328.73
242.83214 327.438
242.88528 326.182
242.95603 324.961
243.02068 323.566
243.13196 322.465
243.22663 321.438
243.3932 320.347
243.59369 319.231
243.79661 318.085
244.05215 316.917
244.35614 315.855
244.71097 314.737
245.09531 313.677
245.53857 312.77
246.02847 311.837
246.55939 311.053
247.11338 310.178
247.71515 309.456
248.38038 308.751
249.071835 307.953
249.789744 307.297
250.520587 306.676
251.25039 306.197
252.02647 305.79
252.84327 305.334
253.74684 304.871
254.70993 304.507
255.70505 304.256
256.68473 304.06
257.69464 303.68
258.71611 303.459
259.71671 303.268
260.7702 303.287
261.7997 303.287
262.8388 303.365
263.8907 303.545
265.0331 303.95
266.212 304.3
267.441 304.697
268.6564 305.061
269.8788 305.638
271.0587 306.448
272.1569 307.3
273.2067 308.31
274.2255 309.376
275.2191 310.372
276.1629 311.187
277.1182 312.224
278.0446 313.392
278.979 314.739
279.811 315.947
280.5913 316.997
281.3092 318.221
281.9228 319.497
282.4595 320.799
282.8995 322.135
283.2951 323.449
283.7436 324.623
283.9233 326.103
283.998 327.435
284.1012 328.685
284.1089 330.109
283.9864 331.551
283.7351 333.077
283.3513 334.388
282.9177 335.8
282.4154 337.169
281.8289 338.485
281.2027 339.729
280.5297 341.124
279.8649 342.448
279.1287 343.812
278.3183 344.992
277.4609 346.313
276.5629 347.763
275.6096 349.238
274.5944 350.588
273.5243 351.869
272.4221 353.206
271.3037 354.496
270.1095 355.505
268.9101 356.862
267.7072 357.896
266.5334 358.897
265.3502 359.749
264.1619 360.896
262.9867 361.899
261.7951 362.806
260.6052 363.526
259.45434 364.395
258.26847 364.99
257.09982 365.508
255.98607 365.955
254.94137 366.358
253.97462 366.663
253.05757 366.776
252.23707 367.046
251.53663 367.198
250.799933 367.699
250.13675 367.944
249.69156 367.861
249.260919 368.149
248.77525 368.345
248.36444 368.282
248.13957 368.171
247.91017 368.308
247.8565 368.232
247.89554 368.151
247.84312 368.528
247.96811 368.277
248.13177 368.197
248.19494 368.287
248.42106 368.294
248.54172 368.181
248.80086 368.143
248.92113 368.191
249.134441 368.09
249.459387 367.662
249.751695 367.493
250.0706545 367.523
250.385711 367.619
250.567635 367.836
250.820519 367.829
251.04951 367.816
251.27957 367.638
251.52082 367.468
251.75272 367.28
251.99452 367.194
252.21422 367.085
252.406 367.065
252.62565 367.133
252.86648 367.127
253.05646 366.905
253.26829 366.986
253.48193 366.945
253.65678 367.208
253.83543 367.167
254.0547 366.992
254.17592 367.018
254.33953 366.871
254.50587 366.97
254.60042 366.939
254.69814 366.867
254.79513 366.787
254.88514 366.621
254.94934 366.987
255.01093 366.933
255.03923 367.257
255.0453 367.552
255.07672 367.548
255.06035 367.767
255.12698 367.854
255.17119 367.96
255.19373 367.475
255.19093 367.617
255.18626 367.829
255.2009 367.832
255.07797 368.151
255.12424 368.459
255.14163 368.353
255.12917 368.22