256.98482 314.413
256.96986 314.514
256.95851 314.693
256.94995 314.926
256.95171 315.078
256.94747 315.233
256.94247 315.425
256.93739 315.492
256.91791 315.527
256.90569 315.694
256.88522 315.843
256.85136 315.835
256.80331 315.895
256.75195 316.036
256.71467 316.019
256.6869 315.961
256.64464 315.967
256.62989 315.888
256.63018 315.914
256.63549 315.91
256.6356 315.869
256.61131 315.967
256.58988 316.077
256.57932 316.04
256.57575 315.991
256.57328 316.008
256.56399 316.091
256.58439 316.043
256.59935 316.073
256.63823 316.122
256.65458 316.222
256.66709 316.262
256.68662 316.371
256.71611 316.431
256.73412 316.527
256.75686 316.642
256.83012 316.807
256.92225 317.065
257.02484 317.259
257.14632 317.344
257.23769 317.421
257.32487 317.565
257.39297 317.575
257.45165 317.477
257.46894 317.252
257.46064 316.912
257.42218 316.546
257.35479 316.217
257.256 315.662
257.1128 314.917
256.9465 314.12
256.73593 313.091
256.46536 311.884
256.08313 310.459
255.58507 308.687
254.99363 306.534
254.30034 304.045
253.53439 301.232
252.62815 298.022
251.62988 294.526
250.469935 290.712
249.126199 286.638
247.57793 282.407
245.88525 278.055
244.15569 273.561
242.4697 269.212
240.86963 264.676
239.3217 260.046
237.816 255.481
236.309 251.313
234.8327 247.367
233.4779 243.65
232.3111 240.538
231.3347 237.799
230.5589 235.454
229.9643 233.57
229.5326 232.004
229.2117 230.735
228.9546 229.617
228.7548 228.637
228.6044 227.851
228.519 227.217
228.519 226.749
228.579 226.452
228.6706 226.261
228.8156 226.163
228.9534 226.189
229.0927 226.338
229.2415 226.641
229.3946 227.03
229.5689 227.489
229.7613 228.105
229.9774 228.836
230.2162 229.681
230.4889 230.668
230.8088 231.899
231.1558 233.053
231.5299 234.495
231.9323 236.146
232.3841 238.05
232.8807 240.23
233.4492 242.652
234.0677 245.152
234.7592 247.995
235.5202 251.059
236.3066 254.385
237.1365 257.831
238.009 261.312
238.9473 265.084
239.9208 269.182
240.91747 273.477
241.91133 277.866
242.86799 282.273
243.79665 286.381
244.68031 290.444
245.51695 294.41
246.30975 298.222
247.07006 301.757
247.76028 305.101
248.36996 308.154
248.92074 310.943
249.465444 313.358
250.0217992 315.57
250.622304 317.562
251.25144 319.367
251.97982 320.722
252.73483 321.931
253.5416 323.111
254.28939 323.877
255.00206 324.246
255.67751 324.396
256.29057 324.34
256.83186 323.944
257.34901 323.372
257.86303 322.627
258.37988 321.691
258.93731 320.689
259.55044 319.591
260.2554 318.326
261.0527 316.803
262.0342 315.114
263.1655 313.122
264.513 310.619
265.8791 307.824
267.3681 304.872
268.9458 301.569
270.5331 298.112
271.9866 294.73
273.2331 291.173
274.2191 287.646
275.2106 283.878
276.2489 279.801
277.2997 275.55
278.3424 271.385
279.1573 267.696
279.974 264.391
280.6971 261.455
281.3434 258.79
281.9066 256.337
282.356 254.184
282.713 252.334
282.998 250.732
283.0692 249.602
283.1368 248.595
283.34 247.518
283.4109 246.797
283.4934 246.205
283.543 245.83
283.4994 245.724
283.366 245.801
283.2236 245.898
282.8803 246.166
282.4097 246.583
281.8331 247.078
281.2236 247.487
280.6371 247.964
280.097 248.491
279.6231 249.03
279.1861 249.538
278.7584 250.094
278.3358 250.687
277.9336 251.392
277.5419 252.133
277.1487 252.906
276.7334 253.696
276.2529 254.56
275.6829 255.43
275.0365 256.403
274.2882 257.546
273.5007 258.592
272.4923 259.766
271.1881 261.077
269.6158 262.475
267.7305 264.029
265.583 265.467
263.2432 266.894
260.8448 268.307
258.56499 269.547
256.35694 270.794
254.24222 271.957
252.2231 273.051
250.281878 274.031
248.46437 274.848
246.79369 275.733
245.26114 276.606
243.80176 277.32
242.36938 277.87
240.9771 278.386
239.6315 278.729
238.3444 279.005
237.1324 279.131
235.9882 279.222
234.9823 279.047
234.1074 278.913
233.3607 278.849
232.7416 278.671
232.2332 278.444
231.828 278.317
231.5578 278.121
231.4104 277.97
231.4531 277.757
231.703 277.607
232.24 277.467
233.1495 277.33
234.5564 277.263
236.5949 277.133
239.1969 277.117
242.30512 276.938
245.69638 276.838
249.234797 276.618
252.7673 276.404
256.13816 276.234
259.45118 275.941
262.6645 275.579
265.6613 275.141
268.3762 274.791
270.7292 274.462
272.6731 274.165
274.2479 273.905
275.4982 273.704
276.4835 273.497
277.2411 273.361
277.8075 273.265
278.2317 273.148
278.5392 273.055
278.6937 272.996
278.7279 272.901
278.6689 272.779
278.5272 272.576
278.2878 272.432
277.998 272.292
277.6659 272.081
277.3596 271.908
277.1018 271.829
276.8901 271.831
276.6873 271.85
276.4719 271.945
276.1961 272.069
275.8961 272.278
275.5091 272.451
275.0727 272.69
274.6577 272.906
274.2252 273.133
273.8376 273.364
273.4483 273.584
273.0571 273.819
272.6235 273.961
272.1523 274.159
271.6903 274.396
271.233 274.633
270.7859 274.841
270.3533 275.137
269.9301 275.445
269.5182 275.64
269.1545 275.878
268.8018 276.173
268.4403 276.41
268.0587 276.583
267.6209 276.851
267.2352 277.046
266.7066 277.523
266.2646 277.782
265.7562 278.034
265.1685 278.03
264.4449 277.628
263.5968 276.828
262.5981 275.818
261.4764 274.934
260.3068 273.657
259.18352 272.887
258.22219 272.746
257.43054 272.948
256.93735 274.093
256.5591 275.472
256.23205 278.519
256.53827 283.368
220.1041 365.5
220.2501 365.607
220.4028 365.737
220.5045 365.951
220.5547 366.077
220.677 366.075
220.7691 366.434
220.8556 366.493
221.0282 366.399
221.0928 366.447
221.1496 366.409
221.1984 366.472
221.2537 366.41
221.3003 366.474
221.3215 366.633
221.3384 366.848
221.3916 366.903
221.4281 367.013
221.4672 367.051
221.5215 367.052
221.5806 366.967
221.6172 366.908
221.6585 367.344
221.6693 367.145
221.6526 367.079
221.6078 367.301
221.5709 367.292
221.5478 367.327
221.4683 367.48
221.367 367.701
221.2799 367.726
221.1024 367.77
220.8259 367.886
220.492 367.909
220.0717 367.869
219.577 367.65
218.9678 367.534
218.285 367.28
217.4796 366.98
216.5991 366.698
215.6406 366.12
214.6028 365.597
213.5646 364.796
212.4486 363.972
211.3208 363.122
210.2086 362.263
209.1813 361.24
208.2364 359.964
207.3062 358.961
206.4307 357.742
205.5679 356.423
204.749 355.009
203.9761 353.581
203.2613 352.143
202.6506 350.494
202.0597 349.065
201.59 347.324
201.2063 345.572
200.9216 343.822
200.6545 342.131
200.4619 340.309
200.3077 338.584
200.218 336.827
200.2117 335.153
200.266 333.565
200.4361 331.836
200.6545 330.337
200.9195 328.831
201.213 327.491
201.5716 326.058
201.9879 324.512
202.465 322.865
202.9844 321.271
203.5545 319.672
204.1846 318.2
204.8778 316.778
205.661 315.076
206.4261 313.825
207.2111 312.562
208.058 311.515
208.9524 310.488
209.8824 309.582
210.8893 308.696
211.9815 307.837
213.1425 306.97
214.3436 306.255
215.5834 305.503
216.848 304.989
218.1612 304.605
219.4734 304.577
220.8111 304.622
222.1648 304.752
223.5207 304.941
224.8938 305.228
226.2625 305.739
227.6054 306.391
228.9233 307.123
230.2506 307.692
231.5344 308.507
232.8005 309.505
234.066 310.604
235.2634 311.715
236.3488 312.897
237.3892 314.064
238.3295 315.258
239.2027 316.431
240.02896 317.706
240.83208 318.903
241.62516 320.153
242.45546 321.365
243.13591 322.443
243.74903 323.561
244.3112 324.792
244.90804 325.708
245.39954 326.558
245.77086 327.587
246.05329 328.606
246.24292 329.45
246.38568 330.198
246.42789 331.093
246.44443 331.746
246.46621 332.555
246.45979 333.455
246.40981 334.389
246.35634 335.016
246.26375 335.494
246.09993 336.059
245.89017 336.568
245.66934 336.993
245.41002 337.176
245.14989 337.361
244.86364 337.657
244.58179 337.842
244.34051 337.774
244.09761 337.708
243.90246 337.464
243.69973 337.344
243.48634 337.269
243.27561 336.985
243.12358 336.568
242.97098 336.278
242.85901 335.793
242.76613 335.105
242.70767 334.525
242.69843 333.711
242.6952 332.787
242.70996 332.1
242.73726 331.092
242.75414 329.976
242.7946 328.73
242.83214 327.438
242.88528 326.182
242.95603 324.961
243.02068 323.566
243.13196 322.465
243.22663 321.438
243.3932 320.347
243.59369 319.231
243.79661 318.085
244.05215 316.917
244.35614 315.855
244.71097 314.737
245.09531 313.677
245.53857 312.77
246.02847 311.837
246.55939 311.053
247.11338 310.178
247.71515 309.456
248.38038 308.751
249.071835 307.953
249.789744 307.297
250.520587 306.676
251.25039 306.197
252.02647 305.79
252.84327 305.334
253.74684 304.871
254.70993 304.507
255.70505 304.256
256.68473 304.06
257.69464 303.68
258.71611 303.459
259.71671 303.268
260.7702 303.287
261.7997 303.287
262.8388 303.365
263.8907 303.545
265.0331 303.95
266.212 304.3
267.441 304.697
268.6564 305.061
269.8788 305.638
271.0587 306.448
272.1569 307.3
273.2067 308.31
274.2255 309.376
275.2191 310.372
276.1629 311.187
277.1182 312.224
278.0446 313.392
278.979 314.739
279.811 315.947
280.5913 316.997
281.3092 318.221
281.9228 319.497
282.4595 320.799
282.8995 322.135
283.2951 323.449
283.7436 324.623
283.9233 326.103
283.998 327.435
284.1012 328.685
284.1089 330.109
283.9864 331.551
283.7351 333.077
283.3513 334.388
282.9177 335.8
282.4154 337.169
281.8289 338.485
281.2027 339.729
280.5297 341.124
279.8649 342.448
279.1287 343.812
278.3183 344.992
277.4609 346.313
276.5629 347.763
275.6096 349.238
274.5944 350.588
273.5243 351.869
272.4221 353.206
271.3037 354.496
270.1095 355.505
268.9101 356.862
267.7072 357.896
266.5334 358.897
265.3502 359.749
264.1619 360.896
262.9867 361.899
261.7951 362.806
260.6052 363.526
259.45434 364.395
258.26847 364.99
257.09982 365.508
255.98607 365.955
254.94137 366.358
253.97462 366.663
253.05757 366.776
252.23707 367.046
251.53663 367.198
250.799933 367.699
250.13675 367.944
249.69156 367.861
249.260919 368.149
248.77525 368.345
248.36444 368.282
248.13957 368.171
247.91017 368.308
247.8565 368.232
247.89554 368.151
247.84312 368.528
247.96811 368.277
248.13177 368.197
248.19494 368.287
248.42106 368.294
248.54172 368.181
248.80086 368.143
248.92113 368.191
249.134441 368.09
249.459387 367.662
249.751695 367.493
250.0706545 367.523
250.385711 367.619
250.567635 367.836
250.820519 367.829
251.04951 367.816
251.27957 367.638
251.52082 367.468
251.75272 367.28
251.99452 367.194
252.21422 367.085
252.406 367.065
252.62565 367.133
252.86648 367.127
253.05646 366.905
253.26829 366.986
253.48193 366.945
253.65678 367.208
253.83543 367.167
254.0547 366.992
254.17592 367.018
254.33953 366.871
254.50587 366.97
254.60042 366.939
254.69814 366.867
254.79513 366.787
254.88514 366.621
254.94934 366.987
255.01093 366.933
255.03923 367.257
255.0453 367.552
255.07672 367.548
255.06035 367.767
255.12698 367.854
255.17119 367.96
255.19373 367.475
255.19093 367.617
255.18626 367.829
255.2009 367.832
255.07797 368.151
255.12424 368.459
255.14163 368.353
255.12917 368.22
