241.76231 396.92
242.07891 397.868
242.41322 398.503
242.73148 399.364
243.07546 400.179
243.45332 401.243
243.88906 402.124
244.37521 402.899
244.88802 403.674
245.4569 404.385
245.92099 404.917
246.29122 405.106
246.49618 405.073
246.56415 404.594
246.412 403.941
246.06139 402.861
245.46696 401.676
244.69916 399.727
243.80748 397.583
242.82009 394.987
241.72101 391.991
240.43001 388.973
238.9496 385.587
237.2566 381.823
235.3948 378.013
233.3564 373.716
231.156 369.258
228.8943 364.552
226.5938 359.569
224.2637 354.596
221.8702 349.525
219.348 344.484
216.7447 339.327
214.1145 334.115
211.4454 328.966
208.8003 324.044
206.1816 319.103
203.6216 314.211
201.113 309.328
198.6526 304.383
196.2215 299.581
193.7637 294.776
191.2708 290.291
188.7589 285.947
186.3245 281.815
183.9828 278.034
181.6317 274.415
179.2777 271.019
177.0098 267.905
174.8068 265.218
172.6635 262.91
170.683 261.015
168.9619 259.393
167.4783 258.214
166.3089 257.414
165.4081 257.221
164.8945 257.533
164.6962 258.428
164.9791 259.833
165.7083 261.758
166.8573 264.275
168.394 267.222
170.2714 270.924
172.4082 275.062
174.7681 279.735
177.2748 284.836
179.9517 290.143
182.6195 295.93
185.2147 302.052
187.8038 308.545
195.5602 331.599
200.8918 347.906
204.7504 360.139
207.7251 369.178
210.0495 377.043
212.0242 383.629
213.7781 388.927
215.363 393.438
216.8379 397.008
218.1756 399.903
219.4624 402.114
220.7382 403.738
222.0611 404.442
223.5417 404.324
225.1671 403.244
226.9986 402.044
229.036 400.179
231.2241 397.958
233.6264 395.384
236.1536 392.081
238.8732 388.598
241.73452 384.57
244.74936 379.817
247.83079 374.385
251.05788 368.778
254.50431 363.073
258.12317 356.843
261.7457 350.414
265.1771 343.841
268.6828 337.452
272.1854 331.211
275.5541 325.163
278.8781 319.264
281.9984 313.506
284.7726 307.913
287.3504 302.465
289.6775 297.187
291.7631 292.03
293.4507 287.139
295.1394 282.476
296.3762 278.053
297.1574 274.597
297.4958 271.959
297.6654 270.093
297.1769 269.398
296.4416 269.256
295.1641 269.77
293.2936 271.029
291.0945 272.618
288.4454 274.694
285.3801 277.186
281.8326 280.211
277.962 283.432
273.6579 286.903
269.1138 290.553
264.3156 293.944
259.2237 297.711
253.87742 301.221
248.25408 304.79
242.31875 308.221
236.1179 311.44
229.6898 314.624
223.1858 317.711
216.7849 320.883
210.6455 323.725
204.87 326.49
199.4722 329.176
194.4581 331.523
189.787 333.764
185.4157 336.044
181.4307 338.193
177.7964 340.18
174.4628 342.207
171.5538 344.125
169.1499 345.904
167.2518 347.52
165.9175 348.935
165.1627 350.179
164.8273 351.425
165.0023 352.52
165.6124 353.446
166.7274 354.094
168.2742 354.674
170.2977 355.294
172.7694 355.896
175.7775 356.4
179.2271 356.799
183.0745 357.143
187.2234 357.241
191.5579 357.269
195.9009 357.751
200.3361 358.276
204.9724 358.462
209.6447 358.858
214.4059 359.255
219.0939 359.688
223.8634 360.139
228.4505 360.447
232.8501 360.737
236.9528 360.833
240.70728 361.047
244.10191 361.197
247.17925 361.075
249.985051 361.245
252.51322 361.088
254.75106 361.285
256.72154 361.437
258.48442 361.592
260.0382 361.995
261.3551 362.183
262.4491 362.265
263.2433 362.143
263.9145 361.91
264.3499 361.867
264.6975 361.833
264.9744 361.798
265.2218 361.841
265.4217 361.706
265.6423 361.849
265.7867 361.75
265.8619 361.88
265.8522 361.755
265.7976 361.761
265.687 361.764
265.6062 361.76
265.5223 361.903
265.3193 361.892
265.3222 361.756
265.3549 361.829
265.3803 361.571
265.3913 361.477
265.4253 361.617
265.4681 361.482
265.5107 361.485
265.5555 361.595
265.603 361.68
265.6404 361.692
265.7408 361.483