204.1342 389.457
204.2939 389.322
204.344 389.803
204.5236 390.052
204.6269 390.629
204.7708 391.027
204.8667 391.165
204.8606 391.615
204.726 392.179
204.5122 392.94
204.1567 393.544
203.8394 393.695
203.3268 393.989
202.7321 394.301
201.9841 394.549
201.1618 394.369
200.1016 394.575
198.9205 394.698
197.585 394.737
196.214 394.444
194.5998 394.573
192.8499 394.586
191.017 394.49
189.1364 394.037
187.2272 393.217
185.1445 392.789
183.0739 392.192
181.0912 391.24
179.1274 390.155
177.1625 389.109
175.2351 387.946
173.2877 386.795
171.3314 385.63
169.578 384.208
167.8167 383.002
166.1778 381.871
164.783 380.472
163.56 378.482
162.3221 376.666
160.9712 375.282
159.8318 373.305
158.7219 371.675
157.7481 369.74
156.8201 367.727
156.0077 365.747
155.3054 363.794
154.7078 361.794
154.1949 359.741
153.695 357.894
153.3225 356.077
153.218 354.145
153.1482 352.039
153.1594 350.163
153.4743 348.036
153.9331 345.94
154.4328 344.184
155.1029 342.618
155.9299 341.171
156.897 339.745
158.0134 338.391
159.2241 337.541
160.5189 336.848
161.9617 336.237
163.5788 335.596
165.246 335.298
166.9773 335.152
168.708 335.125
170.3911 335.469
172.0253 336
173.6462 336.764
175.3002 337.331
176.8305 338.078
178.3715 338.822
179.7553 339.869
181.1183 340.979
182.4032 342.436
183.7161 343.82
184.9328 345.472
186.1554 347.112
187.2827 348.749
188.3948 350.221
189.4937 351.579
190.4968 353.153
191.3485 355.063
192.1826 356.824
192.836 359.176
193.5723 361.346
194.3723 363.042
194.9728 365.304
195.6648 366.93
196.2618 368.878
196.7976 370.671
197.2919 372.339
197.786 373.801
198.1943 375.914
198.7142 377.42
199.194 378.864
199.4699 380.858
199.8053 382.284
200.0988 383.813
200.3129 385.241
200.4829 387.009
200.6774 388.053
200.7865 389.177
200.8415 390.557
200.9086 391.651
200.9714 392.366
201.0876 392.897
201.0036 393.936
200.9112 394.728
200.8022 395.443
200.6507 396.075
200.5025 396.453
200.3858 396.573
200.3286 396.373
200.2675 396.006
200.1962 395.498
200.0852 395.096
199.9237 394.41
199.684 394.002
199.5638 392.806
199.5006 391.189
199.3871 389.651
199.2722 388.185
199.174 386.483
199.0464 384.782
198.9774 382.627
198.9078 380.298
198.881 377.729
198.807 375.399
198.72 373.198
198.7343 370.881
198.8179 368.241
198.9276 365.546
199.0447 363.015
199.0841 360.848
199.2556 358.392
199.4758 355.907
199.6367 353.673
199.9468 351.182
200.32 348.739
200.6304 346.755
201.0301 345.082
201.5556 343.409
202.1377 341.903
202.7808 340.512
203.4617 339.377
204.238 338.194
205.0207 337.312
205.7347 336.88
206.487 336.354
207.2725 335.863
208.0097 335.513
208.6594 335.554
209.3276 335.443
210.0228 335.301
210.7147 335.176
211.2788 335.41
211.7998 335.609
212.2244 335.764
212.6094 335.933
212.9622 336.114
213.2306 336.37
213.433 336.822
213.7559 336.906
213.9472 337.244
214.1292 337.588
214.2739 337.715