167.6489 396.144
167.403 396.649
167.1678 396.833
166.8789 397.226
166.672 396.994
166.4233 396.804
166.1829 396.419
165.9384 395.869
165.8555 394.73
165.6234 393.889
165.4831 392.771
165.3629 391.393
165.3674 389.447
165.2045 387.811
165.1068 385.554
164.9625 383.296
164.9756 380.329
164.9213 377.328
164.8005 374.113
164.5851 370.902
164.4163 367.349
164.2128 363.465
163.9904 359.403
163.6551 355.538
163.3191 351.685
163.0171 347.485
162.64 343.42
162.2262 339.321
161.749 335.248
161.3895 330.864
161.0126 326.649
160.6623 322.557
160.4006 318.46
160.2011 314.442
160.0659 310.453
159.9363 306.464
159.8527 302.363
159.6017 298.544
159.2732 294.986
159.0312 291.116
158.642 287.567
158.3179 284.141
158.0643 280.429
157.8841 276.823
157.5783 273.718
157.3997 270.631
157.2482 267.675
156.9866 265.138
156.7276 262.781
156.5521 260.383
156.297 258.392
156.0786 256.176
155.8681 254.388
155.7355 252.588
155.528 251.422
155.4464 249.899
155.4071 248.491
155.417 247.38
155.4361 246.284
155.3304 245.364
155.1406 244.406
155.0348 243.552
154.9104 242.657
154.6446 242.411
154.4449 241.988
154.344 241.911
154.1846 242.058
154.0695 241.947
153.9662 242.242
153.8672 242.465
153.8664 242.973
153.7995 243.419
153.8058 244.162
153.9159 244.841
154.1494 245.658
154.3944 246.653
154.598 248.091
154.8276 249.274
155.1123 250.559
155.415 251.795
155.7125 253.498
155.9855 255.037
156.2725 256.643
156.5344 258.27
156.8185 259.997
157.1136 261.634
157.3868 263.422
157.7787 265.211
158.0801 267.093
158.5876 268.733
159.0918 270.488
159.5947 272.376
160.3113 274.013
161.0679 275.703
161.9499 277.382
162.8293 279.179
163.901 280.583
164.9879 282.158
166.0875 283.688
167.257 285.075
168.3595 286.62
169.4717 288.173
170.7046 289.409
171.9628 290.598
173.1503 291.924
174.3921 293.175
175.6694 294.24
176.9505 295.342
178.1871 296.527
179.5273 297.531
180.9192 298.546
182.3006 299.453
183.6718 300.316
185.0787 301.012
186.5081 301.556
187.9369 301.934
189.3426 302.295
190.7502 302.572
192.2048 302.689
193.6915 302.762
195.1227 302.89
196.6023 302.906
198.2007 302.708
199.7991 302.386
201.3906 302.071
202.9259 301.614
204.3693 301.143
205.7639 300.46
207.1375 299.564
208.4051 298.612
209.5926 297.712
210.6798 296.737
211.6487 295.561
212.5445 294.285
213.2105 292.996
213.738 291.751
214.2918 290.312
214.7043 288.95
214.8804 287.721
214.8752 286.585
214.7252 285.314
214.502 283.906
214.2183 282.358
213.8141 280.697
213.3059 279.171
212.7182 277.762
212.0838 276.346
211.4059 274.937
210.6428 273.664
209.7566 272.505
208.9162 271.229
207.9975 269.892
207.03 268.572
206.0486 267.187
204.9636 266.009
203.8091 264.929
202.6162 263.931
201.4212 262.902
200.1574 261.994
198.8929 261.079
197.5722 260.299
196.2467 259.55
194.869 258.881
193.4933 258.146
192.0266 257.569
190.5309 257.023
188.9021 256.715
187.2991 256.248
185.6002 255.885
183.8602 255.505
182.0876 255.12
180.3197 254.859
178.5555 254.646
176.8295 254.412
175.1636 254.238
173.5669 254.046
171.9463 254.03
170.4297 253.968
168.8986 253.942
167.4609 253.97
166.0437 254.071
164.6686 254.211
163.4039 254.058
162.2984 253.891
161.0986 254.244
160.0263 254.552
159.0402 254.839
158.098 255.103
157.1879 255.374
156.3447 255.386
155.5593 255.679
154.866 255.914
154.2722 256.123
153.7668 256.374
153.2974 256.811
152.8971 257.057
152.7318 257.329
152.6217 257.728
152.6619 257.781
152.7411 258.233
152.8935 258.747