283.838 388.847
283.8397 388.824
283.7886 388.878
283.8389 388.955
283.8627 389.102
283.7659 388.927
283.7554 388.463
283.884 387.854
284.0464 387.463
284.153 386.639
284.06 385.353
284.0099 384.002
284.0431 382.575
284.0368 381.123
284.1294 379.431
284.2427 377.856
284.3668 375.799
284.4789 373.675
284.4886 371.203
284.458 368.749
284.427 366.308
284.3516 363.584
284.3664 360.684
284.3881 357.333
284.3996 353.858
284.4083 350.517
284.4766 346.962
284.4706 343.484
284.5224 339.612
284.565 336.109
284.4433 332.178
284.4561 328.037
284.3488 323.709
284.3093 319.463
284.361 315.188
284.3087 310.783
284.2589 306.549
284.2013 302.166
284.2613 297.808
284.1813 293.387
284.2105 289.133
284.1754 284.921
284.1053 280.815
284.0824 276.746
284.2032 272.701
284.2606 268.907
284.3093 265.264
284.2735 261.73
284.1999 258.338
284.2492 255.138
284.2877 252.194
284.3525 249.323
284.4064 246.653
284.3775 244.204
284.3086 241.836
284.1699 239.593
284.145 237.542
284.0718 235.723
283.9432 234.127
283.9676 232.636
283.9282 231.355
283.9974 230.173
283.9979 229.167
284.0257 228.384
284.0673 227.835
284.1771 227.533
284.1615 227.543
284.1273 227.792
284.1593 228.352
284.271 229.079
284.0991 230.123
284.0547 231.336
283.9008 232.847
283.8383 234.402
283.7797 236.098
283.8044 237.896
283.8708 239.737
283.8382 241.759
283.9129 243.888
283.9887 246.23
284.1343 248.616
284.2473 251.064
284.4826 253.61
284.8248 255.999
285.1953 258.338
285.5115 260.694
285.8463 263.078
286.3342 265.375
286.8022 267.684
287.3821 269.995
287.9654 272.292
288.5808 274.447
289.3508 276.656
290.2579 278.69
291.1636 280.633
292.1976 282.736
293.2213 284.724
294.2431 286.618
295.3322 288.431
296.4482 290.3
297.6365 292.092
298.8534 293.695
300.0744 295.323
301.3422 296.951
302.5969 298.482
303.886 299.846
305.3047 301.413
306.6519 302.449
308.1106 303.537
309.554 304.293
311.0253 305.027
312.5364 305.672
314.1211 306.265
315.5788 306.485
317.2442 306.748
318.6754 306.946
320.2292 306.662
321.7889 306.368
323.1324 305.78
324.4528 305.27
325.8264 304.317
327.2441 303.474
328.3829 302.539
329.4912 301.696
330.4821 300.639
331.4178 299.269
332.4557 298.038
333.3144 296.63
334.0748 295.051
334.9672 293.765
335.7009 292.471
336.2347 290.843
336.8296 289.197
337.2725 287.614
337.6836 286.018
337.9659 284.039
338.1777 282.337
338.4098 280.734
338.4771 278.895
338.4093 277.13
338.2215 275.423
337.9189 273.567
337.3025 271.683
336.6602 269.881
336.0688 268.009
335.4491 266.267
334.887 264.443
334.0619 262.839
333.1858 261.201
332.2195 259.634
331.1478 258.139
330.0509 256.776
328.9248 255.513
327.6083 254.366
326.2611 253.19
324.9078 252.17
323.4874 251.087
322.0572 250.144
320.6433 249.261
319.1343 248.258
317.3755 247.337
315.7067 246.523
314.091 245.709
312.4724 244.997
310.8487 244.336
309.1659 243.666
307.2601 243.076
305.5462 242.463
303.6314 241.89
301.9243 241.382
300.0464 240.857
298.2705 240.349
296.5282 239.877
294.9447 239.409
293.3354 239.032
291.5512 238.794
289.8709 238.628
288.4175 238.322
286.7608 238.156
285.2915 238.011
284.0816 237.795
282.8136 237.594
281.467 237.406
280.0702 237.345
278.8519 237.15
277.4921 237.149
276.1808 237.113
274.9466 237.152
273.7477 237.28
272.7679 237.312
271.7835 237.362
270.7012 237.564
269.8117 237.75
268.8872 237.95
268.0502 238.228
267.4102 238.447
266.8052 238.803
266.4787 239.138
266.2644 239.66
266.1762 240.232
266.2729 240.818
266.5717 241.484
266.997 242.152