178.8446 372.337
178.8372 372.1
178.7528 372.008
178.7164 371.814
178.7146 371.414
178.6418 371.16
178.604 370.928
178.6493 370.364
178.7165 369.473
178.6046 369.093
178.4806 368.686
178.4467 367.806
178.3792 366.937
178.2552 366.161
178.2399 364.875
178.3222 363.338
178.3614 361.977
178.4521 360.417
178.5622 358.655
178.7046 356.907
178.7729 355.107
178.8681 352.932
178.8699 350.911
178.8005 348.836
178.7764 346.277
178.7437 343.5
178.5327 340.959
178.4295 337.952
178.2809 334.92
178.1005 331.91
178.0219 328.586
177.8585 325.55
177.756 322.583
177.7191 319.538
177.7136 316.413
177.708 313.392
177.8466 310.103
177.9757 306.966
178.1337 303.699
178.1977 300.688
178.2984 297.484
178.3092 294.539
178.3385 291.556
178.2726 288.815
178.1716 286.172
178.1071 283.358
178.0405 280.52
178.0083 277.535
177.9245 274.638
177.7495 271.874
177.6091 268.983
177.3668 266.307
177.0593 263.872
176.7038 261.493
176.3337 259.186
175.9721 256.943
175.6228 254.782
175.2769 252.876
174.9969 250.789
174.7179 249.003
174.485 247.213
174.2311 245.806
174.0478 244.332
173.8346 243.081
173.7174 241.759
173.6414 240.565
173.5847 239.563
173.4914 238.862
173.4315 238.252
173.3813 237.848
173.4195 237.501
173.4428 237.296
173.4469 237.3
173.4493 237.442
173.4748 237.628
173.4411 238.114
173.4426 238.587
173.325 239.249
173.1783 239.95
172.9985 240.648
172.83 241.456
172.6283 242.578
172.4 243.926
172.1824 245.126
171.9725 246.522
171.8306 247.673
171.6129 249.182
171.4711 250.506
171.3338 251.949
171.2096 253.511
171.0908 255.194
171.0556 256.898
171.1046 258.454
171.1231 260.298
171.2385 261.978
171.3189 263.939
171.4997 265.747
171.845 267.437
172.2157 269.244
172.6451 271.1
173.1426 272.978
173.6936 274.841
174.3343 276.641
174.9535 278.539
175.6442 280.22
176.433 281.738
177.2832 283.129
178.0794 284.644
178.8816 286.093
179.7918 287.2
180.6137 288.528
181.4907 289.744
182.4852 290.847
183.576 291.947
184.7566 293.053
186.0553 294.164
187.4263 295.208
188.8065 296.279
190.1747 297.331
191.6413 298.195
193.0868 299.174
194.615 299.943
196.2223 300.626
197.8745 301.338
199.5988 301.911
201.3464 302.426
203.1117 302.954
204.8621 303.237
206.5918 303.389
208.3133 303.443
210.0405 303.34
211.7626 303.292
213.4887 303.034
215.1472 302.869
216.7396 302.675
218.3141 302.328
219.8967 301.87
221.4705 301.39
222.9918 300.854
224.4013 300.207
225.8214 299.258
227.1859 298.25
228.5037 297.258
229.6426 296.187
230.7088 295.123
231.7766 293.782
232.6362 292.47
233.4611 290.963
234.1007 289.514
234.6647 287.982
235.1694 286.415
235.5699 284.77
235.8267 283.099
236.012 281.47
236.0863 279.845
236.053 278.123
236.0043 276.417
235.8139 274.827
235.5256 273.169
235.2275 271.414
234.792 269.729
234.2807 268.063
233.6435 266.515
233.0207 264.84
232.241 263.498
231.4974 261.997
230.6599 260.653
229.8166 259.284
228.9584 257.745
227.9433 256.394
226.9372 254.883
225.8837 253.364
224.7237 251.933
223.578 250.601
222.4561 249.274
221.2391 248.291
220.0627 247.189
218.8934 246.077
217.6764 245.051
216.4212 244.143
215.0069 243.616
213.1251 242.464
211.4349 241.434
209.7892 240.591
208.0867 240.159
206.3736 239.899
204.6751 239.687
203.0068 239.476
201.4332 238.945
199.8221 238.627
198.2011 238.389
196.5717 238.144
194.9129 237.995
193.2515 237.9
191.5613 237.902
189.8456 237.955
188.0917 238.097
186.3061 238.496
184.6445 238.593
182.7479 239.064
180.7771 239.686
179.1162 240.203
177.6656 240.729
176.374 241.085
175.2087 241.545
174.1732 242.111
173.309 242.738
172.4727 243.461
171.7005 244.151
171.0341 244.554
170.4428 244.996
169.973 245.447
169.5973 246.11
169.3483 246.832
169.2359 247.345
169.2411 247.991
169.367 248.552
169.6011 249.308
169.9921 250.024