276.7166 382.708
276.6471 382.725
276.6634 382.667
276.5252 382.479
276.4398 382.049
276.4124 381.616
276.3214 381.418
276.2531 381.127
276.1275 380.451
276.0486 380.055
275.8886 379.463
275.8102 379.087
275.6907 378.34
275.2729 377.521
275.2111 376.881
275.1237 376.34
275.0048 375.428
274.7683 373.994
274.5703 372.558
274.4039 371.702
274.1886 370.331
273.9791 368.563
273.8505 367.003
273.6885 365.304
273.4983 363.148
273.3398 361.264
273.1658 359.324
272.9466 357.069
272.6947 354.623
272.2628 352.088
272.099 349.385
271.9552 346.498
271.7337 343.831
271.5814 340.885
271.4506 337.842
271.3308 334.804
271.1151 331.252
270.9284 327.648
270.8636 324.127
270.856 320.601
270.7156 316.925
270.7258 313.286
270.7494 309.5
270.6475 306.032
270.678 302.32
270.6101 298.653
270.5344 294.953
270.5239 291.146
270.6505 287.23
270.7375 283.404
270.9747 279.609
271.095 276.21
271.4609 272.75
271.7218 269.533
272.0131 266.294
272.3988 263.101
272.7432 260.162
273.0521 257.25
273.4851 254.334
273.7985 251.517
274.2675 248.64
274.4469 246.069
274.7309 243.569
274.8807 241.296
275.299 238.913
275.4962 236.791
275.9435 234.578
276.116 232.592
276.3806 230.554
276.5027 228.669
276.6533 226.837
276.7503 225.082
276.9504 223.381
277.1035 221.792
277.2247 220.313
277.3366 218.942
277.3757 217.72
277.2372 216.754
277.153 215.9
277.0556 215.121
277.0713 214.457
277.0109 213.927
276.9008 213.571
276.7509 213.419
276.5719 213.502
276.1946 213.725
275.8442 214.093
274.9653 214.936
274.9169 215.335
274.7184 215.908
274.2272 216.728
273.7289 217.621
273.4155 218.552
272.9306 219.726
272.4501 220.929
271.918 222.295
271.3184 223.798
270.8363 225.22
270.4531 226.707
269.8587 228.456
269.5013 230.026
269.0556 231.791
268.7742 233.556
268.5375 235.284
268.3056 237.119
268.2289 238.911
268.133 240.876
268.1731 242.678
268.222 244.636
268.2267 246.693
268.4452 248.747
268.775 250.64
269.1349 252.525
269.4346 254.452
269.8136 256.406
270.1726 258.189
270.4459 260.088
270.7938 261.887
271.1217 263.662
271.4212 265.418
271.8083 267.213
272.2461 268.911
272.6435 270.56
273.178 272.131
273.7176 273.695
274.1707 275.42
274.8948 276.866
275.6195 278.263
276.3529 279.684
277.1249 281.178
277.901 282.507
278.7517 283.909
279.6402 285.136
280.5601 286.257
281.5876 287.32
282.6655 288.321
283.8314 289.231
285.1172 289.905
286.4779 290.459
287.7701 290.968
289.0494 291.327
290.365 291.511
291.7456 291.692
293.1795 291.849
294.6736 291.965
296.1423 291.893
297.6338 291.724
299.1706 291.461
300.5317 291.004
301.9107 290.6
303.3593 290.192
304.7909 289.685
306.1903 288.941
307.3879 288.26
308.6279 287.367
309.7642 286.349
310.9041 285.31
311.9362 284.228
312.856 282.859
313.7522 281.572
314.5706 280.241
315.4178 279.051
316.1017 277.574
316.6614 276.199
317.2343 274.774
317.7295 273.345
318.0561 271.713
318.4465 270.313
318.7329 268.941
318.8733 267.452
319.0426 266.087
318.918 264.74
318.7566 263.429
318.9251 262.01
318.7422 260.82
318.5646 259.39
318.5968 257.901
318.1928 256.432
317.895 254.975
317.7263 253.521
317.2307 252.212
316.783 250.93
316.4063 249.541
315.6625 248.206
315.117 246.746
314.174 245.379
313.4714 243.799
312.3019 242.369
311.2084 240.227
309.8238 238.992
309.0287 237.036
307.8041 235.514
306.599 234.659
305.2841 233.937
304.0298 232.859
302.8531 231.439
301.4851 230.554
300.075 229.511
298.7017 228.332
297.1894 227.594
295.7329 226.511
294.3049 225.428
292.8912 224.54
291.3831 223.778
290.1793 222.694
288.5213 222.384
286.9792 221.682
285.4642 221.167
284.0286 220.449
282.6192 219.821
280.9709 219.593
279.5156 219.201
278.1481 218.848
276.8398 218.537
275.4909 218.333
274.012 218.563
272.9125 218.396
271.8613 218.232
270.762 218.228
269.7277 218.355
268.821 218.466
267.9959 218.748
267.5374 218.597
266.9274 218.931
266.3376 219.457
265.8074 220.064
265.5936 220.071
265.4158 220.285
265.2983 220.743
265.4268 221.119
265.627 221.742
265.6595 222.851
266.256 223.39
265.7984 225.318