291.2689 328.084
291.0277 328.56
290.8063 329.178
290.7271 329.751
290.5726 330.379
290.2681 331.056
289.6727 331.922
289.2011 332.761
288.6768 333.756
287.8414 334.941
286.9749 335.993
286.0564 337.078
285.1476 338.004
284.0556 339.125
282.701 340.363
281.4348 341.526
280.0902 342.653
278.5607 343.431
277.0256 344.47
275.3916 345.272
273.7245 346.086
272.0374 346.856
270.3058 347.738
268.5697 348.483
266.8306 349.218
265.0875 349.876
263.3583 350.356
261.702 350.744
260.0544 351.108
258.39523 351.271
256.81303 351.199
255.29308 351.253
253.76694 351.344
252.28174 351.073
250.794546 350.61
249.320404 350.076
247.9131 349.513
246.57955 348.924
245.27757 348.07
243.98117 347.006
242.71432 345.893
241.43394 344.883
240.21937 343.656
239.0435 342.371
238.1109 340.687
237.2375 339.049
236.3756 337.364
235.5926 335.602
234.9008 333.826
234.2995 331.925
233.7467 329.924
233.1885 327.988
232.6899 326.241
232.319 324.35
232.0104 322.536
231.7742 320.762
231.5813 319.043
231.5011 317.225
231.4041 315.389
231.3211 313.803
231.3647 312.071
231.3909 310.439
231.4751 308.878
231.6399 307.075
231.828 305.383
231.9655 304.006
232.1767 302.558
232.4453 301.032
232.7807 299.645
233.1346 298.213
233.4672 296.983
233.9038 295.623
234.4114 294.269
234.9068 293.139
235.3446 292.081
235.8049 290.972
236.3199 289.683
236.7868 288.605
237.2721 287.584
237.829 286.582
238.5042 285.341
239.1667 284.401
239.7419 283.544
240.39406 282.417
241.12305 281.166
241.71061 280.446
242.4038 279.422
243.1544 278.553
243.92316 277.58
244.75773 276.626
245.71185 275.74
246.80009 274.969
248.01448 274.182
249.100493 273.735
250.41863 273.065
251.71049 272.551
252.98431 271.918
254.10319 271.582
255.43621 271.021
256.79879 270.597
258.02099 270.517
259.50493 270.329
261.0298 270.156
262.5718 269.894
264.1728 269.806
265.8309 269.817
267.5086 269.875
269.1809 270.203
270.8158 270.618
272.1939 271.244
273.6207 271.7
275.2277 271.899
276.7345 272.279
278.0925 272.658
279.3464 273.323
280.4436 273.754
281.3822 274.364
282.2549 274.864
282.913 275.238
283.4785 275.685
283.9208 276.421
284.1349 276.837
284.2375 277.169
284.2584 277.427
284.2224 277.84
284.1866 278.154
284.1233 278.819
283.8553 279.421
283.5398 280.139
283.139 280.789
282.7195 281.759