325.3127 370.921
325.2324 370.936
325.1121 371.242
324.756 371.16
324.3794 371.238
323.7653 371.3
323.1993 371.509
322.4767 371.859
321.5855 372.344
320.6116 372.627
319.4262 373.153
318.198 373.552
316.7913 373.872
315.2787 374.174
313.7083 374.461
312.0742 374.382
310.3641 374.197
308.663 374.149
306.7735 373.673
304.7735 373.321
302.6024 372.732
300.3314 371.971
298.0956 371.267
295.7083 369.954
293.3707 368.808
291.0889 367.598
288.9811 366.101
286.9744 364.267
285.0654 361.933
283.2347 359.715
281.4959 357.417
279.9158 355.083
278.4473 352.409
277.131 349.877
275.9985 347.441
275.0935 345.072
274.2018 342.767
273.5393 340.309
273.0387 337.835
272.5678 335.376
272.2548 332.681
272.0707 329.859
272.0347 327.106
271.9933 324.905
272.1572 322.692
272.3926 320.641
272.6944 318.582
273.2153 316.462
273.8373 314.467
274.5401 312.361
275.2135 310.246
275.9618 308.189
276.8395 306.275
277.6997 304.596
278.5418 302.88
279.4875 301.567
280.5669 300.196
281.8074 298.88
283.0253 297.996
284.3522 296.997
285.8956 296.175
287.4699 295.461
289.0587 294.881
290.6024 294.171
292.1523 293.597
293.7812 293.236
295.4308 292.857
297.1454 292.505
298.7768 292.438
300.5822 292.137
302.4312 291.936
304.359 291.947
306.145 291.742
307.8249 291.536
309.4844 291.478
311.1887 291.635
312.8708 291.879
314.6412 292.093
316.3432 292.449
318.0394 292.892
319.5035 293.07
320.8531 293.328
322.2002 294.064
323.44 294.738
324.4475 294.962
325.3907 295.361
326.3943 295.92
327.2217 296.583
327.93 297.046
328.5442 297.554
329.0819 298.104
329.4845 298.53
329.7882 299.144
330.0169 300.019
330.0072 300.98
329.6339 301.887
329.0022 302.75
328.2989 303.681
327.3412 304.613
326.3342 305.797
325.2355 306.888
324.0335 308.074