210.1681 329.878
210.3784 329.619
210.7141 329.123
211.175 328.846
211.6574 328.414
212.2231 328.062
212.8599 328.018
213.6115 327.763
214.4336 327.49
215.302 327.276
216.1771 327.229
217.0866 327.387
218.0508 327.483
219.1078 327.552
220.1661 327.814
221.2731 328.073
222.4012 328.587
223.5416 329.008
224.5838 329.718
225.5831 330.361
226.5019 331.228
227.3823 332.343
228.2323 333.528
229.082 334.76
229.859 336.317
230.598 337.819
231.3262 339.362
231.9865 340.868
232.6285 342.332
233.2349 343.927
233.826 345.612
234.4237 347.393
235.0529 349.321
235.7524 351.236
236.4899 352.981
237.256 354.532
238.0338 356.405
238.8268 358.144
239.6496 360.16
240.53987 361.784
241.50536 363.225
242.52101 364.933
243.68736 366.314
244.93869 367.754
246.20925 369.187
247.49968 370.488
248.79805 371.642
250.0787458 372.565
251.35454 373.44
252.66672 374.236
254.00443 374.747
255.35213 375.32
256.71003 375.454
258.03236 375.846
259.31401 376.211
260.5642 376.661
261.7079 376.544
262.7844 376.5
263.7411 376.557
264.6111 376.463
265.537 376.055
266.3692 375.77
267.0297 375.68
267.6371 375.489
268.1074 375.496
268.4387 375.603
268.7785 375.681
268.9668 375.777
269.1176 375.929
269.0717 375.717
269.0131 375.446
268.7262 375.006
268.4909 374.694
268.1967 374.573
267.7237 374.272
267.2192 373.689
266.6175 373.54
265.9761 373.314
265.2447 373.033
264.4637 372.921
263.6824 372.722
262.8993 372.405
261.9862 371.846
261.1117 371.839
260.2365 371.762
259.33472 371.58
258.40525 371.248
257.48095 371.223
256.59886 370.88
255.70749 370.526
254.81255 370.142
253.91086 369.508
253.02162 369.016
252.1641 368.609
251.40075 367.767
250.633992 366.682
249.879557 365.442
249.134821 364.298
248.45607 363.182
247.86154 361.819
247.34712 360.566
246.9299 359.286
246.58135 357.937
246.32129 356.686
246.15411 355.256
246.071 353.991
246.04207 352.616
246.09046 351.208
246.21379 349.888
246.39971 348.297
246.65633 346.613
247.03226 345.09
247.48301 343.793
247.99706 342.39
248.64103 340.626
249.340011 338.793
250.140351 337.016
251.06704 335.516
252.02774 333.88
253.03398 332.389
254.14312 331.282
255.34778 330.249
256.67117 329.514
258.06008 328.857
259.4843 328.253
260.9358 327.948
262.3508 327.698
263.7541 327.484
265.1043 327.519
266.4596 327.887
267.7271 328.193
268.9558 328.634
270.1615 329.045
271.3021 329.519
272.3506 329.972
273.3384 330.621
274.1953 331.162
274.8959 331.537
275.4266 331.859
275.8366 332.242
276.0897 332.762
276.2516 333.292
276.3324 333.576
276.3271 333.822
276.2775 333.941
276.1865 334.265
276.0613 334.707
275.8772 334.932
275.6661 335.074