189.5304 322.198
189.5725 322.23
189.7783 321.897
189.9595 321.679
190.1228 321.506
190.3425 321.255
190.5946 321.029
190.8995 320.728
191.3252 320.506
191.7901 320.232
192.3139 319.838
192.7903 319.748
193.3803 319.66
194.005 319.597
194.671 319.526
195.4644 319.655
196.3177 319.998
197.2647 320.283
198.2862 320.351
199.3115 320.833
200.3527 321.396
201.4286 321.822
202.4217 322.502
203.3894 323.083
204.3081 324.006
205.2132 324.817
206.0385 325.864
206.8685 326.896
207.65 327.989
208.2984 329.489
208.955 330.708
209.5404 331.954
210.0161 333.652
210.4665 335.432
210.8971 337.2
211.2942 338.863
211.5952 340.655
211.9184 342.368
212.2277 344.055
212.5217 345.846
212.8406 347.444
213.104 349.281
213.4429 351.035
213.7812 353.027
214.1441 354.95
214.665 356.279
215.1258 358.346
215.6954 359.829
216.2265 362.033
216.8574 363.727
217.6228 365.072
218.4707 366.258
219.4222 367.333
220.4813 368.225
221.5764 369.383
222.5869 371.003
223.6867 371.965
224.8643 372.945
226.013 374.146
227.2418 374.761
228.5201 375.597
229.8418 376.688
231.235 377.668
232.5969 378.18
234.0362 378.578
235.4292 379.094
236.8983 378.835
238.2599 379.385
239.6196 379.165
240.86488 379.388
242.09731 379.217
243.16641 379.051
244.13876 379.246
245.0768 378.814
245.86927 378.648
246.50152 378.443
247.02643 377.825
247.43949 377.856
247.72919 377.755
247.8281 377.748
247.83464 377.459
247.65017 377.179
247.23168 377.115
246.71131 377.147
246.12182 377.314
245.48518 377.359
244.83005 377.474
244.19463 377.536
243.41321 377.908
242.70208 378.183
241.8635 378.295
241.02914 378.011
240.0963 377.854
239.1085 377.859
238.0662 378.39
236.9984 378.598
235.9337 378.813
234.9315 378.76
233.9506 378.686
232.9936 378.558
232.0619 378.186
231.0456 378.041
230.049 377.406
229.0607 377.106
228.0264 376.944
227.0582 376.417
226.1624 375.977
225.3721 375.29
224.6573 374.746
224.0119 374.541
223.4829 373.999
223.0761 373.008
222.7714 371.804
222.4711 370.942
222.1664 369.756
221.9151 368.922
221.7538 367.88
221.585 366.948
221.4003 366.145
221.216 365.137
221.0579 363.901
220.9522 362.265
220.7819 360.863
220.6207 359.27
220.452 358.057
220.2845 356.808
220.1761 355.208
220.0688 353.456
220.0301 351.822
220.0046 350.493
220.1093 348.708
220.2121 347.22
220.4485 345.651
220.75 344.161
221.1106 342.499
221.461 340.99
221.8745 339.412
222.3121 337.91
222.7742 336.72
223.3142 335.485
223.9194 334.177
224.6167 332.962
225.3791 331.74
226.1589 330.678
227.0199 329.766
227.9762 328.776
228.9583 328.007
229.9893 327.67
231.1367 327.211
232.3254 326.763
233.5459 326.43
234.8512 326.325
236.2377 326.181
237.6624 326.329
239.1018 326.357
240.44942 326.629
241.72378 326.975
242.923 327.285
243.97253 327.734
244.97428 328.155
245.83588 328.421
246.52839 328.476
247.01686 328.929
247.43828 329.364
247.71288 329.801
247.84505 330.267
247.8687 330.692
247.72623 331.258
247.43951 332.03
247.03541 332.695
246.50159 332.911
245.93681 333.095
245.31088 333.734