242.89682 313.456
242.5341 313.887
242.07255 314.412
241.56512 314.759
241.00544 315.252
240.36982 315.663
239.6298 315.953
238.7982 316.185
237.8906 316.246
236.8941 316.245
235.8468 316.255
234.7525 316.233
233.6236 316.059
232.4039 315.996
231.1771 315.753
229.9356 315.402
228.6635 314.987
227.413 314.31
226.1928 313.569
224.9713 312.752
223.7736 311.771
222.6224 310.609
221.499 309.484
220.448 308.349
219.4648 307.034
218.5193 305.895
217.6627 304.582
216.8764 303.119
216.1512 301.745
215.4835 300.371
214.9466 298.781
214.4657 297.13
214.1237 295.404
213.8956 293.531
213.7623 291.839
213.6808 290.02
213.7425 288.239
213.9087 286.423
214.179 284.68
214.6141 282.943
215.2028 281.345
215.955 279.788
216.8441 278.339
217.8211 277.177
218.8889 276.291
220.0484 275.563
221.3022 274.985
222.6146 274.697
223.9823 274.588
225.4113 274.654
226.8141 274.963
228.1974 275.362
229.5417 275.911
230.8077 276.713
232.0212 277.727
233.1932 278.952
234.3303 280.326
235.3731 281.8
236.3188 283.483
237.248 285.239
238.0538 287.244
238.8227 289.178
239.5503 291.039
240.11156 293.051
240.5257 295.333
240.84768 297.723
241.09051 300.175
241.22325 302.639
241.25014 305.255
241.28986 307.9
241.34465 310.601
241.41582 313.399
241.48302 315.979
241.5323 318.59
241.591 321.167
241.62828 323.868
241.66935 326.398
241.70493 328.79
241.73011 331.394
241.73137 333.822
241.68757 336.287
241.66125 338.582
241.64709 340.923
241.65508 343.306
241.63643 345.565
241.64297 347.675
241.64004 349.774
241.60511 351.787
241.53821 353.598
241.50465 355.426
241.51645 357.172
241.5446 358.944
241.62455 360.529
241.73198 362.206
241.89985 363.931
241.95819 365.402
242.0391 366.681
242.04796 368.092
242.13646 369.407
242.17875 370.49
242.25805 371.46
242.38064 372.531
242.56317 373.724
242.76142 374.992
242.96511 375.904
243.27096 376.741
243.59591 377.584
243.94303 378.107
244.33844 378.738
244.68153 379.292
245.0199 379.708
245.36755 380.066
245.67666 380.087
245.94208 380.309
246.16355 380.341
246.31338 380.547
246.45124 380.671
246.54774 380.539
246.60872 380.232
246.61574 380.058
246.60396 379.854
246.54612 379.672
246.44393 379.541
246.36295 379.449
246.25022 378.934
246.07916 378.075
245.88458 377.239
245.68302 376.353
245.39555 375.653
245.07149 374.513
244.71952 373.42
244.33565 371.883
243.9568 370.619
243.58185 369.22
243.24824 367.555
242.84424 365.96
242.45375 364.123
242.10307 362.086
241.81154 360.133
241.59636 357.886
241.40344 355.598
241.2524 353.282
241.09867 350.882
240.98853 348.357
240.92267 345.869
240.93639 343.091
241.04886 340.355
241.25662 337.341
241.55288 334.368
241.90442 331.43
242.3046 328.574
242.66072 325.785
243.08795 322.916
243.53569 320.104
244.00052 317.317
244.51995 314.631
245.06209 311.891
245.60988 309.132
246.17168 306.369
246.69873 303.588
247.22124 300.955
247.7666 298.387
248.29719 295.984
248.95421 293.676
249.58522 291.667
250.245498 289.694
250.889662 287.789
251.488 285.93
252.02426 284.186
252.55086 282.551
253.09012 281.015
253.65073 279.672
254.23455 278.54
254.8358 277.564
255.48369 276.759
256.14668 276.21
256.79785 275.803
257.4744 275.631
258.20086 275.593
258.96318 275.562
259.77576 275.64
260.6363 275.959
261.5571 276.322
262.5377 276.854
263.5851 277.454
264.5894 278.071
265.54 278.92
266.3901 279.866
267.1122 280.87
267.6952 281.933
268.1701 283.105
268.5294 284.221
268.8251 285.248