237.1052 335.758
237.2451 336.238
237.3871 336.844
237.4922 337.673
237.5008 338.327
237.4091 339.067
237.2059 340.101
236.877 341.536
236.4768 342.937
235.977 344.422
235.3894 345.623
234.686 346.802
233.8701 347.857
232.9861 348.423
232.0088 348.879
230.9504 349.085
229.8312 349.326
228.694 349.198
227.5389 349.075
226.4129 348.686
225.2757 348.13
224.0781 347.318
222.8912 346.109
221.6919 345.029
220.4724 344.142
219.2913 343.211
218.1414 342.24
217.0335 341.188
215.9687 340.187
214.9959 339.185
214.1577 337.949
213.3541 336.849
212.622 335.612
212.0635 334.032
211.5057 332.352
211.032 330.669
210.674 328.701
210.3744 326.675
210.0992 324.782
209.9465 322.766
209.9291 320.659
210.0258 318.628
210.2154 316.544
210.4499 314.381
210.8068 312.232
211.2594 310.167
211.768 308.231
212.3227 306.558
212.9705 305.111
213.6623 304.003
214.4128 303.179
215.2083 302.493
216.0714 302.338
217.0115 302.467
217.9935 302.853
219.0155 303.443
220.0684 304.319
221.125 305.237
222.1427 306.26
223.0672 307.601
223.8583 309.231
224.5825 310.989
225.1978 313.124
225.7297 315.312
226.2233 317.716
226.6908 320.271
227.1869 322.584
227.7234 325.135
228.2295 328.03
228.7233 330.894
229.2106 334.177
229.7171 337.758
230.2343 341.458
230.8118 345.169
231.3491 348.775
231.7857 352.311
232.1777 355.764
232.5297 359.077
232.8576 362.56
233.1569 365.882
233.4049 368.934
233.5951 372.192
233.7228 375.375
233.8372 378.165
233.9196 380.936
233.9969 383.508
234.1181 385.741
234.2844 387.894
234.4381 390.391
234.5784 392.541
234.7426 394.317
234.9154 396.213
235.061 397.917
235.1892 399.694
235.3042 401.447
235.418 403.114
235.5151 404.957
235.5759 406.378
235.6568 407.6
235.6686 408.545
235.6333 409.608
235.629 410.145
235.5996 410.66
235.526 411.034
235.4431 411.338
235.3587 411.189
235.2549 411.095
235.1846 410.568
235.0792 409.957
234.9322 409.077
234.776 408.275
234.6895 407.076
234.5462 405.791
234.3638 404.659
234.1787 403.132
233.9904 401.32
233.8021 398.996
233.6611 396.434
233.4818 394.115
233.3352 391.496
233.1634 389.032
232.982 386.364
232.847 383.291
232.6924 380.511
232.4415 377.863
232.1344 374.904
231.7866 372.067
231.4734 369.235
231.2557 366.559
231.1093 363.999
231.0315 361.317
231.0231 358.606
231.0439 355.628
231.0082 353.047
230.972 350.116
230.942 347.485
230.9556 344.822
231.0441 342.146
231.1932 339.55
231.4359 336.665
231.7172 333.852
232.0053 331.291
232.3368 328.797
232.6303 326.873
232.9471 324.993
233.2892 323.147
233.6167 321.704
233.9913 320.053
234.3409 318.466
234.6921 316.97
235.0813 315.535
235.5029 314.123
235.9362 313.003
236.4132 312.053
236.9547 311.198
237.5558 310.542
238.2612 309.874
239.0222 309.545
239.8248 309.359
240.65159 309.393
241.48112 309.677
242.28731 310.125
243.02497 310.739
243.71487 311.345
244.25676 312.068
244.66122 312.82
244.94263 313.707
245.17241 314.671
245.33571 315.612
245.5199 316.577
245.72514 317.496
245.99105 318.346