233.0824 287.9
233.1914 288.232
233.2008 288.548
233.0966 288.993
232.8678 289.478
232.5198 289.942
232.0183 290.318
231.3251 290.699
230.3673 291.059
229.0678 291.325
227.4657 291.419
225.6523 291.347
223.7341 291.116
221.8042 290.69
219.8543 290.191
217.9031 289.572
216.0519 288.861
214.272 287.927
212.5555 286.783
210.8508 285.434
209.162 283.786
207.5153 281.837
205.9708 279.599
204.65 277.159
203.4839 274.599
202.4911 271.919
201.7142 269.141
201.149 266.357
200.7668 263.596
200.6412 260.936
200.6322 258.479
200.7354 256.233
201.0319 254.243
201.5178 252.502
202.2437 250.991
203.1564 249.753
204.245 248.799
205.462 248.123
206.7451 247.636
208.0863 247.341
209.4296 247.345
210.7485 247.652
211.984 248.349
213.1456 249.27
214.2327 250.747
215.2519 252.754
216.2645 255.073
217.2789 257.684
218.3082 260.291
219.3132 263.08
220.2373 266.01
221.0541 269.001
221.7447 272.164
222.3784 275.362
222.9941 278.458
223.6116 281.487
224.2723 284.361
225.0395 287.091
225.783 289.842
226.4306 292.718
226.9663 295.493
227.3641 298.312
227.6998 301.037
228.0581 303.912
228.4375 306.788
228.7726 309.731
228.9603 312.561
229.0339 315.514
229.0435 318.363
229.0582 321.241
229.025 323.804
228.9866 326.086
228.9774 328.341
228.9387 330.782
228.9194 333.087
228.9085 335.076
228.8769 336.636
228.7643 338.586
228.6526 340.434
228.4974 342.026
228.345 343.619
228.1783 345.008
228.0339 346.457
227.9411 347.882
227.8725 349.194
227.8132 350.434
227.7361 351.644
227.7485 353.054
227.7355 354.388
227.6767 355.518
227.629 356.534
227.5646 357.27
227.4879 358.08
227.3733 358.409
227.3155 358.544
227.2463 359.017
227.2514 359.733
227.069 359.487
226.8319 359.366
226.6057 358.986
226.4426 358.982
226.166 358.319
226.0088 358.295
225.8225 358.332
225.6155 357.798
225.3429 357.246
224.996 355.896
224.661 354.278
224.3543 352.553
224.0432 350.672
223.8863 349.415
223.7229 348.081
223.5095 346.397
223.3043 344.412
223.1225 342.349
222.9713 340.197
222.8423 338.007
222.7247 335.684
222.6116 333.151
222.5277 330.622
222.4886 328.222
222.4103 326.042
222.2434 323.481
222.0341 321.036
221.8228 318.493
221.6344 315.654
221.4193 312.459
221.182 309.016
220.9405 305.565
220.7316 302.342
220.5697 299.31
220.3966 296.474
220.2291 293.575
220.0567 290.693
219.9338 287.871
219.862 284.902
219.8458 281.834
219.8953 278.746
220.0346 275.811
220.2905 273.16
220.6659 270.823
221.1494 268.697
221.679 266.809
222.3012 264.949
222.9929 263.124
223.6896 261.427
224.3918 259.736
225.0945 258.137
225.7843 256.75
226.4704 255.585
227.1966 254.533
227.9748 253.681
228.8386 252.954
229.7854 252.43
230.8544 252.069
231.9279 251.925
233.0398 251.891
234.2157 251.918
235.3728 252.064
236.4924 252.338
237.5768 252.73
238.5993 253.183
239.5593 253.659
240.45819 254.171
241.31438 254.68
242.11777 255.178
242.84005 255.64
243.48792 256.135
244.16057 256.574
244.70928 257.178