199.5934 264.21
199.5202 263.838
199.5134 263.38
199.5922 262.873
199.7334 262.436
199.9829 262.064
200.3602 261.702
200.8257 261.412
201.3666 261.171
201.9744 261.114
202.606 261.244
203.301 261.437
204.0486 261.774
204.8831 262.175
205.7784 262.765
206.7101 263.531
207.6359 264.495
208.5554 265.563
209.4114 266.652
210.2437 267.906
211.1367 269.13
212.0124 270.406
212.9076 271.564
213.7487 272.775
214.5417 274.108
215.3413 275.376
216.1351 276.655
216.9669 277.918
217.8271 279.158
218.7108 280.416
219.5995 281.675
220.5001 282.844
221.407 283.987
222.25 285.072
223.0665 286.319
223.8994 287.421
224.7312 288.597
225.558 289.839
226.399 290.976
227.2562 292.081
228.073 293.115
228.8971 293.986
229.7044 294.905
230.5057 295.896
231.3397 296.815
232.218 297.758
233.1425 298.713
234.1031 299.551
235.0992 300.287
236.1358 301.001
237.1533 301.762
238.2075 302.236
239.2911 302.773
240.39361 303.227
241.50209 303.683
242.62974 304.026
243.76264 304.334
244.86852 304.597
245.925 304.696
246.909 304.681
247.81894 304.502
248.69333 304.272
249.536336 304.104
250.357194 303.763
251.18934 303.349
252.00259 302.832
252.76708 302.268
253.49565 301.711
254.09669 301.102
254.62644 300.518
255.04387 300
255.39427 299.53
255.6586 299.217
255.82771 298.954
255.91059 298.881
255.89983 298.834
255.77701 298.817
255.52455 299.032
255.1453 299.267
254.65737 299.581
254.05879 299.997
253.3829 300.349
252.6611 300.737
251.822 301.031
250.949013 301.252
250.0274584 301.383
249.045072 301.482
248.01592 301.548
246.9665 301.607
245.90708 301.553
244.84791 301.455
243.80355 301.249
242.81422 300.891
241.90374 300.318
241.07709 299.547
240.33777 298.632
239.7033 297.563
239.1528 296.369
238.7078 294.889
238.3238 293.365
237.9527 291.665
237.5499 289.8
237.0976 287.801
236.612 285.813
236.0686 283.726
235.527 281.648
235.0364 279.642
234.6276 277.704
234.3223 275.942
234.1155 274.266
234.0359 272.695
234.0642 271.234
234.1851 269.778
234.3834 268.427
234.6345 267.172
234.9304 266.079
235.2929 265.264
235.7036 264.347
236.1923 263.757
236.7646 263.034
237.412 262.446
238.1301 261.986
238.8929 261.675
239.7183 261.481
240.58318 261.49
241.44995 261.597
242.31045 261.916
243.16711 262.357
244.02539 263.064
244.90228 263.621
245.79215 264.266
246.68581 265.044
247.60492 265.899
248.52393 266.856
249.406298 267.924
250.253992 269.094
251.03777 270.472
251.78042 272.095
252.48245 274.065
253.15924 276.364
253.80909 278.821
254.35352 281.193
254.8237 283.613
255.24216 286.044
255.62332 288.343
255.94056 290.545
256.24932 292.643
256.63265 294.797
257.1109 296.957
257.66144 299.017
258.24228 300.804
258.76805 302.477
259.19297 303.971
259.54256 305.454
259.82936 306.919
260.0765 308.412
260.3422 309.966
260.6355 311.652
260.9744 313.257
261.3016 314.803
261.665 316.3
262.0133 317.855
262.3488 319.292
262.7631 320.674
263.1396 322.004
263.4441 323.255
263.7056 324.463
263.9438 325.719
264.1716 326.979
264.3493 328.167
264.5105 329.49
264.6388 330.91
264.7245 332.109
264.8239 333.302
264.9187 334.305
265.024 335.346
265.0895 336.155
265.0579 337.014
264.986 337.876
264.9131 338.698
264.8392 339.63
264.743 340.568
264.6189 341.361
264.5128 342.134
264.3954 342.92
264.2746 343.585
264.1954 344.211
264.1323 344.719
264.0365 345.072
263.9629 345.613
263.9204 346.202
263.9274 346.785
263.924 347.279
263.9054 347.681
263.8489 348.047
263.7595 348.117
263.6194 348.002
263.4622 347.688
263.3772 347.362
263.3037 346.702
263.2278 345.972
263.1778 345.168
263.1267 344.428
263.0542 343.336
262.98 342.244
262.8489 340.93
262.677 339.397
262.4413 337.516
262.1595 335.386
261.809 332.987
261.4465 330.512
261.122 328.083
260.8512 325.818
260.5774 323.563
260.3946 321.581
260.0982 319.413
259.74335 317.33
259.32229 315.174
258.84811 312.711
258.31523 309.998
257.78235 306.887
257.27092 303.498
256.78719 299.893
256.35147 296.65
255.94084 293.825
255.55134 291.425
255.16097 289.324
254.85102 287.359
254.60788 285.565
254.45293 283.749
254.38694 281.804
254.38176 279.817
254.44063 277.776
254.61204 275.545
254.91563 273.161
255.34545 270.721
255.90558 268.564
256.53801 266.781
257.21898 265.251
257.92424 263.872
258.63868 262.639
259.37423 261.636
260.1409 260.747
260.9375 259.87
261.7821 259.034
262.6651 258.215
263.5819 257.505
264.503 257.036
265.4012 256.632
266.2361 256.43
267.0168 256.418
267.7278 256.488
268.3744 256.633
268.9843 256.853
269.548 257.103
270.0604 257.314
270.4811 257.521
270.7795 257.799
270.9603 258.086
270.9958 258.422
270.9361 258.785
270.8485 259.256