241.40679 315.684
241.71174 315.066
242.27205 314.409
243.0995 313.865
244.18876 313.131
245.49939 312.554
247.08734 311.852
248.97138 311.69
251.18318 311.742
253.64598 312.039
256.37335 312.875
259.28515 314.07
262.1918 315.501
264.9302 317.512
267.3497 319.968
269.4151 322.794
270.9724 325.836
272.1168 328.901
272.7817 332.016
273.0299 335.043
272.8198 337.786
272.2107 340.545
271.2346 342.876
270.0162 344.955
268.5989 347.24
266.8331 348.795
264.7675 349.945
262.4942 350.701
260.1498 351.115
257.83952 350.945
255.60454 350.3
253.42924 348.872
251.34774 346.867
249.382844 343.925
247.56831 340.299
245.89527 335.834
244.44883 330.888
243.26329 325.593
242.36463 320.16
241.81669 314.869
241.71662 309.789
242.09906 305.193
242.94265 301.126
244.26271 297.38
246.02377 293.984
248.20598 290.889
250.746603 288.08
253.63258 285.628
256.78837 283.743
260.1012 282.089
263.4244 280.765
266.6865 279.789
269.8204 279.235
272.7389 279.369
275.5089 279.731
278.2114 280.031
280.6634 280.954
282.888 281.805
284.8261 282.588
286.4641 283.51
287.7842 284.366
288.8417 285.371
289.5782 286.185
290.0543 286.979
290.3335 287.844
290.4613 288.633
290.4757 289.406
290.4473 290.301
290.3902 291.276
290.3056 292.182
290.1678 292.979
289.9869 293.818
289.8345 294.502
289.659 295.274
289.5038 296.16
289.3874 297.041
289.3072 297.843
289.2622 298.644
289.2635 299.556
289.3279 300.581
289.421 301.517
289.5323 302.478
289.6529 303.589
289.7912 304.565
289.9629 305.707
290.1557 306.828
290.3679 307.919
290.5364 309.112