238.6153 282.761
238.5108 282.675
238.4498 282.631
238.5103 282.383
238.6435 282.371
238.8797 282.316
239.2093 282.309
239.6568 282.41
240.19176 282.481
240.82578 282.691
241.55401 282.804
242.85097 282.962
244.09029 283.206
245.63658 283.54
246.91374 283.881
248.02357 284.297
249.0734 284.664
250.0790566 284.969
251.10071 285.324
252.64756 286.398
254.03864 287.53
255.3404 288.828
256.53241 290.176
257.65052 291.683
258.74369 293.319
259.84311 295.189
260.9823 297.204
262.6727 300.2
264.2371 302.754
265.72 305.218
267.1075 307.63
268.8011 311.103
270.5415 315.013
272.2275 319.224
273.6033 323.16
274.4879 326.142
275.0253 328.594
275.1775 331.083
274.9951 333.907
274.6877 336.039
274.2913 337.702
273.5613 339.303
272.829 340.453
272.0225 341.335
271.1825 341.846
270.2834 342
269.3156 341.917
268.2815 341.603
267.2418 341.123
266.1927 340.699
265.1537 340.109
264.1344 339.542
263.1213 338.795
262.1162 337.749
261.0935 336.562
260.0491 335.128
259.00806 333.536
257.67649 330.991
256.57236 328.758
255.4869 325.806
254.68578 322.507
254.19819 318.87
253.89995 314.726
253.79309 310.347
254.00993 306.102
254.54877 301.703
255.10622 298.018
255.94486 293.723
257.04984 288.943
258.59981 284.215
260.6974 279.888
263.3368 276.06
266.3137 272.822
269.4618 270.613
272.6894 269.031
275.8654 268.406
279.1536 268.328
281.7936 268.54
284.6766 269.305
287.0035 270.07
289.5697 271.188
291.6289 272.21
293.3953 273.167
294.9153 274.222
296.2466 275.342
297.369 276.382
298.3599 277.263
299.3211 277.971
300.1116 278.746
300.6716 279.442
301.0748 280.13
301.3586 280.843
301.5856 281.659
301.7403 282.416
301.8418 283.15
301.9227 284.105
301.9625 284.917
301.8828 285.597
301.698 286.209
301.1436 286.844
300.246 287.43