278.669 376.636
280.4986 376.476
282.3963 376.617
284.4439 377.523
286.4569 378.793
288.3787 380.657
290.0612 383.279
291.3554 386.375
292.1829 389.868
292.4649 393.249
292.1863 396.519
291.486 399.89
290.1585 403.009
288.1928 405.836
284.2924 409.25
280.5334 411.417
277.111 412.662
274.0615 413.053
271.3879 412.612
268.8392 411.114
266.3714 409.001
264.0184 406.614
261.2131 402.22
258.45853 396.49
255.97066 389.405
254.1751 382.656
252.88344 373.474
252.12632 364.547
251.85246 356.039
252.00932 347.646
252.86484 336.072
254.30646 322.505
256.10957 308.069
258.17798 295.418
260.274 284.213
261.6655 276.127
262.542 268.952
262.7611 263.305
262.3013 259.743
260.9609 259.015
259.50123 259.615
257.02137 263.836
253.88671 271.291
250.109764 281.529
245.5739 294.181
241.55929 305.022
237.8547 314.962
234.2246 324.214
230.4911 332.724
226.6966 340.046
222.9045 346.63
219.2863 352.164
215.8803 357.054
212.7227 360.734
209.7235 363.723
206.8155 366.1
203.8972 368.086
200.8449 369.461
197.8242 370.527
195.2817 370.454
192.4443 370.536
189.8162 370.398
186.9823 369.257
184.8237 367.647
183.0612 365.607
181.6695 363.619
180.8887 361.299
180.8649 358.508
181.5684 355.634
183.1147 352.889
185.5 350.765
188.9594 349.411
193.5743 348.568
199.2471 348.295
205.9082 348.438
213.4586 348.539
225.4729 348.848
236.7221 349.156
251.40399 349.837
264.1944 350.497
275.3976 351.315
286.9603 352.244
295.561 353.105
302.2142 353.863
306.3458 354.279
308.724 354.479
309.7436 354.422
309.9374 354.451
309.5565 354.609
308.1398 354.574
306.5758 354.497
304.2766 354.598
301.5887 354.929
298.8976 355.543
296.4631 355.662
294.3883 355.555
292.673 355.588
291.3115 355.179
290.3344 354.656
289.6593 354.25
289.1691 354.064