309.7192 335.28
311.0288 336.246
312.0765 337.827
312.7957 339.879
313.2273 342.336
313.306 344.964
312.5707 349.071
310.6008 353.565
307.3006 358.052
304.3071 361.717
301.4064 364.549
298.6697 366.863
296.037 367.958
293.6748 368.531
290.9115 368.498
287.8799 367.177
284.6195 363.98
281.6519 359.257
279.5082 354.835
277.9725 350.32
276.766 343.327
275.9461 334.681
275.6414 324.908
275.9472 314.3
277.0373 304.075
278.9385 294.663
280.9352 286.032
282.3159 278.863
283.0071 272.535
283.3202 267.973
283.4135 264.104
282.9141 261.211
282.0503 259.088
281.1555 257.655
280.4539 257.598
279.8268 258.803
279.3044 260.621
278.772 262.901
278.1029 265.444
276.7688 269.582
274.4475 275.227
270.9595 281.628
266.2326 288.193
260.5651 294.662
254.37694 300.429
248.16168 304.73
242.56398 307.701
238.5026 309.661
236.5941 310.726
237.1334 311.079
240.41369 310.672
246.44366 310.585
255.08844 310.992
265.5288 311.72
276.6807 312.471
287.472 313.354
296.844 314.544
303.7449 316.154
308.2266 317.884
311.1056 319.502
313.0701 321.48
314.2665 323.946
314.8208 326.611