299.4609 344.921
300.6994 345.058
301.7265 345.608
302.5711 346.274
303.2151 347.045
304.2484 348.833
305.5302 351.385
306.7021 355.136
307.4559 359.2
307.7175 362.343
307.1679 365.776
305.8054 369.807
303.772 374.113
301.1377 378.605
298.528 381.385
294.8934 383.316
290.861 384.654
286.7204 385.385
282.6205 385.284
278.6498 383.843
275.0008 380.698
272.2407 376.998
269.9725 369.869
268.5703 359.61
267.7378 350.163
267.4867 338.37
267.873 325.093
268.9495 311.221
270.1461 299.989
271.4332 290.531
272.6123 282.402
273.567 275.415
274.3573 269.139
275.139 261.348
275.6811 253.811
275.956 247.487
275.9048 243.058
275.3282 241.037
274.5341 240.574
273.5152 241.26
272.1697 243.1
270.5661 246.006
267.8856 252.594
265.436 259.285
263.1695 265.582
260.863 271.85
258.48682 278.222
256.00547 284.331
253.34847 290.395
250.508704 296.698
247.50787 302.845
244.38721 308.802
239.7031 316.282
235.5452 322.15
231.7123 326.782
228.2025 330.36
224.8149 333.18
221.6534 335.134
218.6399 336.681
214.7959 337.559
211.5722 337.917
208.8523 337.72
206.7009 337.243
205.001 336.267
203.8385 334.819
203.2829 332.883
203.4574 330.489
204.4318 327.957
206.3366 326.013
209.4676 324.649
214.011 324.189
223.483 324.835
232.8789 325.511
242.27161 326.47
251.47108 327.336
260.5465 328.284
269.4605 329.428
277.9849 330.493
286.0655 331.901
293.4696 333.369
299.9118 334.8
306.6007 336.715
311.5179 338.093
315.0985 339.113
317.7679 340.056
319.7373 340.733
321.3891 341.265
322.3965 341.365
322.882 341.521
322.984 341.56
322.7913 341.547
322.39 341.686
321.7046 341.763
320.8475 341.95
319.8887 342.11
318.8952 342.268
317.8172 342.091
316.8309 342.238
315.7882 342.508
314.7114 342.587
313.6131 342.552
312.6468 342.84
311.7267 342.891
310.8675 342.892
310.29 343.08
309.8268 343.28
309.4452 343.392