313.3517 333.807
315.4296 335.487
317.6123 339.053
318.991 342.762
319.7311 346.648
320.0313 350.889
319.8266 354.923
319.0972 358.546
317.8083 361.443
316.2098 364.069
314.3573 366.347
312.2345 367.992
310.2652 369.802
308.1841 370.773
306.118 371.38
304.0629 371.635
301.9899 371.31
299.8972 370.359
297.8484 368.679
295.776 366.288
293.8377 363.037
292.1446 359.177
290.6836 354.378
289.5571 349.02
288.7554 343.329
288.3174 337.303
288.1771 331.061
288.3323 324.487
288.7492 317.672
289.2803 310.662
289.9782 303.379
290.7648 296.266
291.5927 289.206
292.3547 282.645
293.0386 276.525
293.6429 270.812
294.0827 265.71
294.1539 261.255
293.9126 257.32
293.308 254.305
292.4758 251.921
291.4475 250.021
289.7616 248.694
288.218 248.239
286.7635 248.566
285.3884 249.417
284.0268 251.159
282.0094 255.687
280.0844 260.42
278.1402 265.19
275.9845 270.319
272.4139 277.523
267.8453 285.408
262.8305 292.945
257.68265 299.496
252.80847 304.979
249.146446 308.763
246.27448 311.467
244.04794 313.477
242.41937 314.878
241.51247 315.864
242.46122 316.292
244.60444 316.266
247.95512 316.369
252.32888 316.487
257.6573 316.746
263.7039 316.998
270.2861 317.326
277.1951 317.772
284.1386 317.944
290.8684 318.048
297.2678 318.047
302.9931 317.933
307.8956 317.71
311.9128 317.537
314.9898 317.399
317.2035 317.522
318.7579 317.968
319.7168 318.427
320.2767 319.223
320.7063 320.251
321.0247 321.37
321.2893 322.615
321.5714 324.052
321.6804 325.349
321.5961 326.575