326.6495 334.357
327.5266 335.042
328.404 335.881
329.2864 337.147
330.0735 338.185
330.8608 339.675
331.3852 341.088
331.6473 342.219
331.8239 343.637
331.807 345.883
331.4933 348.625
331.1723 351.189
330.786 353.595
330.1587 356.723
329.2812 360.37
328.5079 363.642
327.6797 366.415
326.4799 369.733
324.9499 373.323
323.3568 377.233
321.4493 381.021
319.2499 384.487
316.9394 387.68
314.5418 390.769
312.0733 393.266
310.0859 395.303
308.3294 396.789
306.7852 397.835
305.423 398.508
304.2394 399.04
303.1541 399.348
302.1644 399.656
300.7606 398.959
299.2191 397.455
297.8846 395.602
296.7502 393.39
295.8202 391.339
294.9729 389.321
293.9411 386.56
292.8989 383.052
292.0068 379.115
291.3458 375.575
290.8175 372.364
290.4165 369.223
290.1145 366.047
289.9393 363.013
289.8348 359.749
289.822 356.58
289.8943 353.4
290.1863 349.394
290.5033 345.959
290.7964 342.638
291.1483 338.194
291.4746 334.099
291.8058 328.655
292.0874 322.752
292.327 316.34
292.6402 309.985
292.9254 304.613
293.3219 297.966
293.7274 290.679
294.2359 283.037
294.7356 276.909
295.3482 270.472
295.9968 263.669
296.5097 258.031
296.9274 253.089
297.2674 248.624
297.5431 244.853
297.746 241.276
297.8834 237.846
297.9522 234.946
297.9262 231.365
297.792 228.098
297.6629 225.923
297.5427 224.544
297.4324 223.888
297.3227 223.895
297.1909 224.539
296.9792 225.805
296.4393 228.56
295.9093 231.4
295.0844 235.865
293.8852 241.892
292.7468 246.958
290.9663 253.596
289.3285 259.033
287.7987 264.216
286.3704 269.184
284.5715 275.198
282.411 281.883
279.8951 288.926
277.2574 295.904
274.6734 302.71
272.6025 307.873
270.2594 313.235
267.5865 318.495
265.3213 322.537
262.7943 326.563
260.1083 329.952
257.29926 332.688
254.95939 334.493
252.93147 335.764
251.0877 336.625
249.399648 336.994
247.88349 336.958
246.60331 336.669
245.5842 335.605
245.11672 334.236
245.13539 332.734
246.41002 330.172
249.567489 327.594
255.03789 325.579
260.5333 324.215
266.1895 323.359
272.087 322.927
280.7381 323.095
290.8042 323.314
300.7631 323.354
309.6109 323.164
317.0638 322.991
322.4272 323.029
326.3348 323.215
329.592 323.442
331.9338 323.757
333.8577 323.928
335.1768 324.139
336.0063 324.416
336.5525 324.719
336.8351 325.136
337.0368 325.801
336.9751 326.242
336.8531 326.892
336.7743 327.68
336.6664 328.482
336.4613 328.889
336.3202 329.473
336.1153 329.969