255.6484 375.624
255.56817 376.145
255.43233 376.824
255.21232 377.823
254.7844 378.88
254.22629 380.231
253.43479 381.73
252.34184 383.326
250.721255 384.784
249.237669 385.629
247.41964 386.429
245.29554 386.348
242.75797 385.821
239.8393 384.632
236.6057 382.481
233.2431 380.052
229.8257 376.6
226.4874 372.49
223.2399 368.045
220.4028 363.211
218.0662 358.107
216.2436 352.564
215.0934 346.352
214.8688 340.227
215.4884 334.652
216.9266 330.058
219.1712 327.525
222.2928 327.083
226.1198 328.67
229.5349 330.972
233.9459 335.286
237.8018 339.689
241.15833 343.906
243.89161 348.062
245.99922 351.78
247.5249 355.428
248.74088 358.91
249.94007 363.607
250.758996 367.003
251.07012 371.11
250.934702 374.844
250.640806 377.349
250.283778 379.193
249.683756 380.772
249.053621 382.233
248.46488 382.705
247.96026 383.252
247.65455 383.285
247.52116 382.339
247.68585 380.305
248.20736 376.948
248.98105 371.846
249.99657583 364.75
251.27495 355.024
252.42722 343.706
253.45178 331.946
254.47559 320.505
255.46137 310.058
256.07717 302.351
256.52175 294.232
256.52966 286.385
255.71424 278.933
253.79708 272.493
250.721471 267.556
246.38678 264.662
241.06047 263.808
235.5599 265.121
230.6685 268.438
226.7671 273.201
223.8687 278.952
222.1186 285.31
221.3909 291.164