240.98265 350.907
241.08499 351.116
241.24912 351.209
241.59609 351.374
242.1901 351.927
242.80039 353.284
243.08564 355.022
242.72854 357.233
241.46956 359.544
239.0032 361.559
236.3703 363.001
232.2384 363.366
228.3283 363.357
224.7308 362.949
221.2304 362.009
217.8144 360.825
214.5519 359.12
211.3753 357.049
207.3304 353.136
203.107 347.446
199.2998 340.479
196.0548 332.778
193.5571 325.305
192.1333 318.776
191.4727 313.078
191.6044 308.244
192.7848 304.235
194.8339 301.195
197.7899 299.319
201.3452 298.648
205.1791 299.065
209.0809 300.548
213.0525 302.873
216.9611 306.5
220.4549 311.103
223.5299 315.931
226.2557 320.457
228.357 324.931
229.929 329.525
231.1222 334.329
231.9806 338.622
232.5841 342.471
233.1286 345.873
233.6208 349.115
233.9972 352.151
234.2012 355.011
234.2986 357.24
234.3898 359.23
234.5526 360.61
234.6967 361.611
234.7584 362.002
234.8142 361.781
234.9076 360.555
235.2147 358.325
235.6791 354.82
236.1473 349.755
236.6584 342.612
237.2178 334.203
237.8886 325.183
238.5573 316.047
239.2282 306.721
239.8468 299.291
240.68679 291.147
241.57685 283.457
242.35346 277.426
243.08614 272.291
244.01772 266.311
244.84571 260.371
245.43784 254.546
245.7889 248.752
245.72602 243.71
245.21243 239.191
244.18162 235.235
242.62333 231.751
240.53117 228.763
237.7936 226.772
234.2691 225.437
229.6628 225.41
224.0521 227.066
218.1325 230.251
212.6107 234.832
207.8686 240.461
204.4402 247.043
202.4469 253.904
201.7403 260.301
202.147 266.374