252.23998 371.066
252.62296 372.133
252.94191 373.498
253.15504 375.261
253.27123 376.857
253.16465 378.41
252.78133 379.564
252.047 380.753
250.937776 381.545
249.44276 382.313
247.61639 382.56
245.40195 382.928
242.8524 382.827
240.13899 382.138
237.4124 381.406
234.7417 380.354
232.1007 378.989
229.5776 376.835
226.9104 374.646
224.1996 371.995
221.4457 369.362
218.8057 366.29
216.2752 362.95
213.9702 359.096
211.9662 354.781
210.2268 350.301
209.042 345.753
208.0988 341.363
207.4954 337.244
207.2914 333.53
207.4302 330.489
208.0059 327.648
208.8669 325.022
210.0966 323.038
211.6429 321.41
213.5208 320.234
215.6962 319.099
218.0773 318.363
220.5449 317.929
223.0883 317.797
225.5008 318.261
227.7552 319.319
229.732 320.538
231.4924 322.39
233.0271 324.672
234.3881 327.337
235.5892 330.379
236.6763 333.658
237.6876 336.643
238.5965 339.739
239.3858 342.67
240.0535 345.462
240.58233 348.223
241.01844 350.742
241.37721 353.579
241.69325 356.05
241.97392 358.82
242.22969 361.274
242.44482 363.504
242.62603 365.407
242.75812 367.217
242.85306 368.963
242.93205 370.709
243.01236 372.076
243.06628 373.111
243.10558 373.94
243.10619 374.753
243.03051 374.958
242.85196 374.754
242.61363 374.745
242.4221 374.608
242.27863 373.959
242.16201 373.472
242.08572 372.757
242.03679 372.046
242.02057 371.134
242.03673 369.742
242.04014 368.147
242.07553 366.443
242.17854 364.435
242.30655 362.094
242.43281 359.23
242.54237 355.748
242.57555 351.749
242.55793 347.31
242.54497 342.525
242.63535 337.741
242.82187 332.662
243.10607 327.487
243.40345 322.485
243.79458 317.568
244.25677 312.747
244.71978 308.02
245.1045 303.574
245.42304 299.34
245.66568 295.538
245.70814 292.537
245.64462 289.312
245.45435 285.895
245.02702 283.162
244.4844 280.11
243.8149 277.399
243.07559 274.477
242.23071 272.014
241.20238 269.754
240.01207 267.298
238.6658 264.8
237.1679 262.571
235.5437 260.566
233.7859 258.496
231.9767 256.645
230.1722 255.35
228.3394 254.261
226.4424 253.183
224.4488 252.614
222.3084 252.717
219.9471 253.131
217.5618 254.745
214.9756 256.501
212.6091 259.285
210.4657 262.495
208.698 265.895
207.3935 269.403
206.4469 272.823
205.9895 276.383
205.9327 279.852
206.1808 283.006
206.6097 286.112
207.1397 289.004
207.751 291.503
208.3474 293.735