227.8924 363.724
227.8589 364.285
227.7216 364.745
227.473 365.733
227.1019 366.438
226.6119 366.897
225.9942 367.591
225.2641 368.179
224.3759 368.974
223.3601 369.611
222.2056 370.177
220.961 370.362
219.5182 370.545
217.9257 370.619
216.1879 370.269
214.2821 369.75
212.2864 369.146
210.4224 368.143
208.5652 367.004
206.7731 365.518
205.053 363.818
203.4636 361.731
201.9705 359.415
200.7133 356.419
199.5322 353.201
198.4894 349.873
197.5821 346.562
196.8865 343.099
196.5701 340.244
196.4936 337.886
196.6399 335.642
197.1627 333.948
197.8267 332.61
198.5438 331.253
199.5838 330.354
200.687 329.732
201.9681 329.475
203.2247 329.363
204.561 329.457
205.9 329.786
207.2559 330.277
208.5773 331.043
209.9147 331.888
211.1984 332.894
212.4162 334.064
213.5894 335.25
214.7282 336.482
215.7677 337.927
216.6399 339.568
217.3455 341.03
217.8511 342.447
218.1543 343.987
218.3054 345.479
218.3436 346.737
218.3574 347.915
218.3448 349.257
218.3448 350.61
218.3328 351.879
218.3194 353.072
218.3012 354.204
218.2651 355.32
218.2545 356.174
218.2195 357.069
218.1403 357.912
218.0621 358.537
217.9326 359.333
217.8139 360.036
217.752 360.313
217.7385 360.357
217.8105 360.155
217.9665 359.542
218.1559 358.828
218.3833 358.034
218.6304 357.141
218.9255 356.047
219.2415 354.774
219.5682 353.186
219.917 351.173
220.2642 348.89
220.5939 346.306
220.9064 343.068
221.1773 339.554
221.3797 335.65
221.5974 331.198
221.798 326.533
221.9866 321.67
222.1026 317.223
222.2431 312.792
222.4555 308.553
222.7202 304.823
223.0123 301.023
223.2535 297.468
223.381 293.872
223.382 290.857
223.328 287.789
223.1963 285.351
222.9994 282.991
222.6977 280.71
222.2555 279.099
221.7045 277.425
221.0032 275.805
220.1684 274.628
219.2179 273.223
218.1006 271.655
216.8782 270.573
215.5249 269.767
214.0674 268.99
212.5278 268.331
210.8655 268.194
209.2351 268.381
207.7334 269.255
206.4264 270.309
205.3182 271.661
204.3423 273.442
203.4392 275.62
202.6642 277.86
201.9973 280.161
201.3774 282.527
200.851 284.875
200.4811 287.278
200.3258 289.578
200.334 291.833
200.6062 293.914
201.1519 295.937
201.9081 297.869
202.9236 299.823