268.8604 364.157
268.8697 364.278
268.8587 364.333
268.8617 364.698
268.782 364.911
268.6505 365.313
268.4889 365.67
268.1996 365.968
267.7894 366.151
267.4118 366.699
266.9001 367.191
266.2499 368.03
265.4229 368.898
264.3734 369.509
262.9884 370.112
261.3803 370.523
259.71312 371.048
257.97016 371.303
256.16623 370.985
254.27665 370.66
252.3649 370.299
250.503295 369.839
248.6167 369.582
246.73546 369.029
244.86588 368.086
243.04354 367.278
241.28157 366.353
239.6378 365.43
238.1374 364.192
236.7093 362.892
235.415 361.562
234.2728 360.08
233.1792 358.558
232.1782 357.046
231.3674 355.53
230.5551 353.955
229.7964 352.261
229.1628 350.223
228.6945 348.092
228.4233 345.966
228.3122 343.783
228.4159 341.68
228.6786 339.687
229.0929 337.927
229.618 336.477
230.2809 334.996
231.0786 333.512
231.9825 332.276
232.9866 331.162
234.1597 330.144
235.4413 329.323
236.8053 328.582
238.256 328.323
239.8448 327.907
241.54132 327.856
243.32506 328.027
245.12832 328.262
246.78682 328.633
248.1409 329.08
249.259048 329.714
250.328767 330.545
251.34716 331.662
252.27056 333.017
253.07018 334.579
253.79718 336.155
254.38306 337.615
254.86982 338.955
255.24333 340.352
255.54329 341.82
255.83352 343.175
256.12192 344.472
256.43671 345.89
256.73629 347.202
256.93791 348.387
257.11192 349.502
257.2768 350.604
257.46323 351.747
257.6166 352.807
257.72745 353.869
257.7937 354.917
257.91487 356.014
257.84814 356.906
257.80558 357.723
257.81486 358.647
257.79987 359.292
257.8071 359.856
257.8042 360.493
257.95537 361.362
258.02207 362.064
258.17644 363.063
258.1758 363.676
258.31877 364.33
258.30537 364.981
258.33198 365.216
258.33729 365.299
258.36326 365.266
258.39617 365.27
258.44468 364.969
258.48261 364.39
258.56531 363.814
258.76285 363.209
259.024 362.392
259.46898 361.627
259.84438 360.709
260.1775 359.508
260.4496 358.157
260.7587 356.652
261.1149 354.691
261.5222 352.798
261.9468 350.648
262.4027 348.551
262.9361 346.506
263.3458 344.394
263.9046 342.068
264.432 339.868
264.9081 337.532
265.426 335.27
265.775 332.973
266.0661 330.451
266.2904 327.889
266.45 325.319
266.6106 322.792
266.809 320.23
267.0336 317.731
267.2468 315.271
267.4578 312.84
267.6228 310.252
267.6851 307.48
267.7275 304.822
267.5844 302.373
267.4286 299.674
267.2369 296.888
267.054 294.108
266.8644 291.616
266.6593 289.399
266.3784 287.083
265.9428 284.853
265.3097 282.751
264.4698 280.888
263.4341 279.055
262.2333 277.27
260.9184 275.555
259.49987 274.287
258.02896 272.978
256.52929 271.749
254.84842 271.023
252.90181 270.678
250.699542 270.704
248.33088 271.012
245.9793 271.572
243.83579 272.154
241.95922 272.913
240.32703 274.058
238.9392 275.475
237.8009 277.218
236.9128 279.253
236.3009 281.472
235.9163 283.937
235.7912 286.345
236.0166 288.989
236.6712 291.758
237.7468 294.512
239.2447 297.335
241.15271 300.198
243.39087 302.964
245.82507 305.537
248.30722 307.75
250.697414 309.671
252.96576 311.195