281.7617 379.448
281.6236 380.066
281.3857 380.787
280.9912 381.411
280.5802 382.516
279.9815 383.5
279.2682 384.242
278.3419 384.721
277.3339 385.375
276.0619 385.684
274.592 386.144
272.8228 386.316
271.0237 386.356
269.1628 386.475
267.2236 385.886
265.2567 385.268
263.2986 384.472
261.3183 383.766
259.32825 383.24
257.33945 382.558
255.31381 381.606
253.30924 380.455
251.36025 379.418
249.508248 378.068
247.75568 376.552
246.09638 375.365
244.57975 374.064
243.09491 372.73
241.65777 371.167
240.28287 369.613
239.0148 368.045
237.8453 366.614
236.8687 364.672
236.122 362.425
235.4848 360.292
235.0923 357.931
234.9194 355.492
234.8763 353.14
234.9892 350.817
235.2739 348.682
235.7927 346.809
236.5806 345.093
237.588 343.77
238.7842 343.067
240.09438 342.483
241.52676 342.184
243.15046 342.197
245.05388 342.744
247.26311 343.842
249.533438 344.984
251.73601 346.654
253.76268 348.372
255.61502 350.276
257.31304 352.285
258.94773 354.549
260.4411 356.959
261.7761 359.347
263.0386 361.919
264.0616 364.574
264.8597 367.07
265.4997 369.387
266.0363 371.409
266.4138 373.125
266.749 374.719
266.7831 375.987
266.7196 376.859
266.7352 377.907
266.6084 378.51
266.3697 378.647
266.14 378.517
265.9497 378.324
265.7281 377.698
265.6106 377.032
265.5049 376.16
265.4929 374.93
265.4348 373.464
265.5494 371.358
265.7558 368.902
266.0775 365.938
266.4303 362.37
266.7504 358.254
267.0191 353.921
267.2521 349.205
267.5034 344.414
267.6389 340.17
267.8355 335.962
267.9675 331.658
268.0956 327.141
267.9816 322.7
267.8779 317.931
267.5523 313.215
267.0733 308.544
266.625 303.73
266.1466 299.17
265.5676 294.817
264.8452 290.619
263.9978 286.828
263.064 283.24
262.0357 279.963
260.8312 276.873
259.46648 273.932
257.91541 271.141
256.06961 268.842
253.9518 266.659
251.57066 264.796
248.90329 263.655
246.10759 262.775
243.29375 262.739
240.64647 263.29
238.2654 264.4
236.2782 265.942
234.7783 267.915
233.787 270.239
233.1661 272.628
232.7981 274.947
232.5888 277.248
232.513 279.53
232.5586 281.954
232.6925 283.937
232.8551 285.902
233.0855 287.615
233.4053 289.416
233.8429 291.224
234.4287 292.887
235.1256 294.636