208.8283 381.98
208.7255 381.947
208.67 381.616
208.5874 381.939
208.5271 382.25
208.5013 382.303
208.4333 382.477
208.3414 382.759
208.2351 382.919
208.1593 382.988
208.1154 382.654
208.0822 382.11
208.0007 382.006
207.8973 381.719
207.8171 381.18
207.752 380.219
207.6989 378.702
207.565 377.354
207.3839 374.939
207.0347 371.993
206.56 368.383
206.1032 363.86
205.6821 358.833
205.2637 353.697
204.7435 349.181
204.284 344.631
203.8498 340.105
203.4431 335.769
203.0232 330.757
202.6674 325.916
202.4486 321.101
202.3135 316.419
202.2419 311.771
202.2158 307.206
202.1687 302.926
202.1215 299.299
202.0592 295.964
202.0172 292.777
202.0053 289.701
202.0743 286.67
202.1162 283.791
202.1025 281.139
202.0353 279.037
201.9307 277.262
201.7841 275.812
201.5926 274.726
201.4036 273.914
201.2185 273.481
201.0642 273.431
200.9089 273.812
200.7528 274.661
200.5284 275.704
200.2464 277.283
199.9493 279.175
199.7336 281.289
199.5938 283.624
199.571 286.007
199.5971 288.432
199.6733 290.902
199.8007 293.204
200.0518 295.665
200.4526 298.071
200.9849 300.445
201.6595 302.89
202.4976 305.029
203.3643 307.019
204.2771 308.682
205.2219 309.998
206.0929 311.124
206.936 311.718
207.7031 312.078
208.4217 312.234
209.1244 312.184
209.8427 311.894
210.6018 311.239
211.377 310.44
212.1731 309.363
212.939 308.094
213.696 306.783
214.3707 305.54
215.0113 304.253
215.5653 303.058
216.0995 301.832
216.6213 300.674
217.1711 299.351
217.715 298.061
218.243 296.837
218.7055 295.694
219.1985 294.409
219.5995 293.494
220.0016 292.629
220.4084 291.68
220.7938 290.61
221.1021 289.46
221.3296 288.296
221.5042 287.07
221.598 285.933
221.6676 284.872
221.7 283.963
221.7091 283.24
221.657 282.778
221.5669 282.418
221.4536 282.201
221.3325 282.151
221.2031 282.277
221.0481 282.622
220.9082 283.054
220.7497 283.621
220.5707 284.25
220.3655 285.092
220.1853 285.823
220.0132 286.62
219.8792 287.432
219.7834 288.178
219.7335 288.907
219.7841 289.403
219.85 289.93