202.3845 362.011
202.4044 362.602
202.4964 362.928
202.5641 363.325
202.6877 363.424
202.7127 364.159
202.7306 364.804
202.7206 365.413
202.6612 365.969
202.6297 366.348
202.5614 366.76
202.5487 366.657
202.4329 366.5
202.2297 366.3
202.0627 365.574
201.9806 364.464
201.9604 362.955
201.8181 361.156
201.5739 358.762
201.2239 355.97
200.8715 352.566
200.4749 348.7
200.1084 344.339
199.7571 339.719
199.4622 334.649
199.1692 329.724
198.9326 325.311
198.7687 321.177
198.6598 317.24
198.4953 313.571
198.269 310.202
198.0948 306.964
197.9434 304.226
197.829 301.859
197.7614 299.376
197.7024 296.788
197.6776 294.539
197.621 292.64
197.5914 290.807
197.5747 289.122
197.5517 287.539
197.5079 286.124
197.3805 284.942
197.2103 284.056
197.0412 283.245
196.8565 282.746
196.6693 282.539
196.5146 282.437
196.3425 282.624
196.2071 282.96
196.0696 283.539
195.9309 284.186
195.7408 285.069
195.5095 286.181
195.2518 287.684
195.072 289.367
194.9901 291.182
195.0863 293.179
195.3559 295.358
195.8255 297.455
196.414 299.691
197.1186 302.126
197.9246 304.375
198.7738 306.459
199.6476 308.521
200.5532 310.442
201.4945 311.999
202.3763 313.734
203.2425 315.033
203.9834 316.268
204.6769 317.406
205.3644 318.41
206.1017 319.161
206.9351 319.424
207.8039 319.506
208.7142 319.655
209.6095 319.885
210.5248 319.642
211.323 319.239
211.9678 318.66
212.5243 317.913
213.0408 316.949
213.5639 315.748
214.0859 314.501
214.6282 313.325
215.1642 312.131
215.7157 310.66
216.2295 309.122
216.5914 307.607
217.0459 305.784
217.3678 304.097
217.6813 302.483
217.9646 300.98
218.204 299.501
218.4115 297.987
218.5867 296.456
218.7104 294.906
218.6685 293.623
218.5972 292.43
218.5162 291.3
218.4059 290.444
218.3958 289.371
218.2849 288.809
218.3184 287.911
218.3476 287.171
218.3559 286.721
218.341 286.472
218.3134 286.329
218.2265 286.422
218.1006 286.715
217.8335 287.585
217.5683 288.474
217.3452 289.483
217.2461 290.301
217.0832 291.485
216.9785 292.704
216.9572 293.784