240.7889 349.483
240.83032 349.465
240.86062 349.49
240.95262 349.256
241.08623 348.695
241.27045 348.043
241.46215 347.162
241.60469 345.842
241.6895 344.22
241.74143 342.099
241.83594 339.295
241.92146 335.961
242.03219 331.878
242.02634 327.051
241.8962 321.554
241.64985 315.698
241.35025 309.942
241.08191 304.738
240.91345 300.183
240.80921 296.087
240.81984 292.002
240.8907 287.954
240.96096 283.956
241.01676 279.953
241.05232 276.189
241.13206 272.417
241.24687 268.846
241.43744 265.656
241.6822 262.748
241.89975 260.156
242.05535 257.808
242.14766 255.67
242.12252 253.957
242.05259 252.392
241.96543 250.951
241.87105 249.708
241.78298 248.699
241.68676 248.003
241.56405 247.541
241.4354 247.355
241.33543 247.368
241.29701 247.562
241.35413 247.926
241.51595 248.418
241.79137 249.027
242.15663 249.829
242.63743 250.734
243.23668 252.049
243.99629 253.571
244.94033 254.991
245.90161 256.473
246.8171 258.114
247.66706 259.887
248.4952 261.7
249.321856 263.524
250.229898 265.339
251.35252 267.039
252.72529 268.571
254.34989 270.023
256.09153 271.4
257.74974 272.631
259.18361 273.665
260.4229 274.508
261.5965 275.249
262.7977 275.861
263.9897 276.09
265.1754 276.124
266.3025 276.022
267.309 275.835
268.2014 275.734
269.0078 275.639
269.7774 275.438
270.5376 275.173
271.2695 274.746
271.9469 274.046
272.645 273.057
273.3836 271.866
274.2024 270.576
275.0766 269.401
275.9443 268.241
276.6359 267.42
277.2617 266.471
277.8126 265.397
278.321 264.228
278.7881 262.865
279.1543 261.266
279.4219 259.563
279.5697 257.65
279.6441 255.628
279.6902 253.598
279.703 251.766
279.7242 250.188
279.7139 248.822
279.6868 247.658
279.6353 246.627
279.6168 245.853
279.4847 245.55
279.5409 245.053
279.3999 245.049
279.3463 244.842
279.0664 245.297
278.8009 246.047
278.8656 247.173
278.5915 247.237
278.2377 247.794
278.1075 248.191
277.9848 248.795