246.44404 304.162
246.49 304.483
246.56427 304.535
246.67499 304.469
246.78843 304.14
246.89507 303.575
247.03988 302.758
247.18711 301.724
247.30794 300.404
247.42871 298.605
247.5045 296.279
247.57646 293.028
247.56365 289.058
247.41738 284.567
247.20561 279.813
246.94491 275.484
246.67201 271.901
246.4467 268.661
246.25815 265.781
246.06515 263.283
245.88904 261.108
245.78424 259.172
245.74502 257.517
245.78216 256.017
245.83069 254.765
245.87208 253.704
245.87987 252.917
245.85736 252.534
245.83799 252.509
245.84427 252.774
245.87202 253.354
245.92179 254.093
245.95234 255.107
245.94233 256.313
245.88769 257.59
245.66926 259.331
245.4538 260.872
245.18989 262.5
244.8767 264.245
244.52133 266.143
244.11693 268.159
243.60783 270.647
243.06163 273.461
242.51767 276.547
242.0379 279.74
241.64209 283.012
241.39202 285.982
241.27586 288.872
241.29769 291.845
241.50383 294.791
241.91416 297.625
242.45819 300.408
242.98914 302.898
243.38324 305.111
243.65749 307.094
243.87056 308.956
244.0988 310.653
244.35832 312.364
244.6862 314.154
245.05871 315.97
245.33008 317.839
245.60588 319.581
245.83922 321.169
246.13874 322.612
246.47566 324.194
246.91131 325.543
247.27607 326.749
247.57963 327.942
247.8047 328.985
248.02374 329.656
248.28405 329.736
248.58218 329.29
248.97341 328.487
249.492461 327.272
250.107957 325.534
250.694928 323.958
251.27958 322.48
251.79241 321.265
252.19356 320.523
252.48219 320.107
252.7471 319.929
253.05517 320.342
253.27196 320.93
253.424 322.007
253.52315 323.243
253.6487 324.747
253.74801 326.39
253.66877 328.078
253.65776 329.488
253.51591 331.038
253.27984 332.366
252.98516 333.446
253.13929 334.042
253.21094 334.323
253.22283 334.376
253.27736 334.127
253.36342 333.487
253.4691 332.586
253.61792 331.432
253.73886 330.133
254.02737 328.668
254.26075 327.389
254.55801 326.062
254.91028 324.868
255.26609 323.881
255.65768 323.09
256.04124 322.453
256.42334 321.999
256.80048 321.689
257.15256 321.506
257.46525 321.503