235.1009 338.135
235.1141 338.27
235.112 338.293
235.1272 338.027
235.1245 337.828
235.1251 337.561
235.1012 337.277
235.0726 336.642
235.1094 335.76
235.1517 334.875
235.18 333.781
235.2452 332.4
235.3086 330.881
235.3659 329.046
235.4645 326.85
235.5477 324.221
235.6548 321.212
235.7399 317.993
235.8531 314.713
235.9297 311.496
235.9744 308.559
236.0022 305.666
235.7869 303.494
235.6414 301.314
236.6084 294.985
236.601 293.627
236.7268 291.816
236.955 289.755
237.2054 287.87
237.4587 286.079
237.6536 284.603
237.7955 283.274
237.843 282.27
237.8415 281.592
237.833 281.195
237.8384 280.97
237.8614 281.022
237.8779 281.418
237.8797 282.06
237.8708 282.804
237.8514 283.785
237.8198 284.923
237.7913 286.222
237.7682 287.755
237.7106 289.554
237.6786 291.462
237.7142 293.444
237.5468 295.905
237.6334 297.973
237.4742 300.645
237.505 303.186
237.4709 305.904
237.43 308.769
237.375 311.477
237.3546 314.239
237.3839 316.707
237.5039 319.091
237.691 321.411
237.815 323.761
237.9043 326.033
237.9524 328.243
237.9419 330.446
237.8813 332.564
237.7662 334.663
237.6382 336.602
237.4727 338.665
237.3326 340.741
237.1521 342.743
236.9833 344.687
236.8173 346.556
236.6221 348.324
236.4456 349.863
236.2791 351.443
236.234 352.698
236.244 353.727
236.4868 354.085
236.8488 353.924
237.2867 353.579
237.7855 352.787
238.4022 351.638
239.1005 350.065
239.8878 348.205
240.68982 346.071
241.35241 343.884
241.92722 341.93
242.42273 340.359
242.86646 339.175
243.27355 338.337
243.64376 337.709
243.89661 337.39
243.91279 337.321
243.7202 337.482
243.34238 337.937
242.81506 338.682
242.2421 339.443
241.61858 340.148
241.05218 341.008
240.56329 341.789
240.09821 342.373
239.7227 342.859
239.5244 342.938
239.3673 343.243
239.337 343.787
239.4928 344.278
239.896 344.408
240.34777 344.527
240.86746 344.438
241.39928 344.215
241.93006 343.772
242.44893 342.944
242.93108 342.09
243.42131 341.106
243.90132 340.349
244.42393 339.658
244.97435 339.244
245.52839 339.097
246.074 339.083
246.59517 339.287
247.20442 338.73
247.80292 338.591
248.39698 338.391
248.95913 338.559
249.41838 339.372
249.839008 339.768
250.207488 340.309
250.485475 340.437
250.704651 340.205
250.835139 340.038
250.921258 339.825
250.88064 340.338
250.803391 340.377
250.596581 341.345
250.355429 341.719
249.9779964 342.761
249.571825 343.507
249.192884 344.333
248.90552 345.072
248.73472 346.014
248.66072 346.83
248.62783 347.719
248.62526 348.798
248.65396 349.997
248.63932 351.332
248.52403 352.506
248.29301 353.708
247.93556 354.808
247.54185 355.959