221.2182 275.184
221.136 275.299
221.0922 275.323
221.1274 275.312
221.2242 275.214
221.3593 275.162
221.5097 275.054
221.7001 274.903
221.9206 274.771
222.1624 274.588
222.4661 274.494
222.8818 274.442
223.417 274.39
224.0609 274.213
224.8228 274.152
225.7063 274.235
226.7656 274.608
227.9326 274.99
229.274 275.544
230.7286 275.978
232.2423 276.939
233.8158 277.56
235.3602 278.538
236.8556 279.595
238.2481 281.281
239.6587 282.822
241.03339 284.695
242.47288 286.318
243.86471 288.24
245.25747 289.753
246.48474 291.366
247.57428 293.218
248.59167 295.091
249.511686 297.159
250.314602 299.264
251.03574 301.354
251.65259 303.348
252.21892 305.243
252.77361 306.939
253.31154 308.508
253.7645 310.018
254.15099 311.447
254.4599 312.949
254.77268 314.367
255.12512 315.838
255.55783 317.169
255.99291 318.305
256.39071 319.172
256.75444 320.059
257.05552 321.031
257.23397 321.727
257.33408 322.411
257.34743 322.997
257.34493 323.432
257.28023 323.886
257.24381 324.022
257.18583 324.003
257.09704 323.772
256.98129 323.348
256.83378 322.832
256.67294 322.361
256.45994 321.785
256.19026 321.043
255.88698 320.218
255.57514 319.389
255.26101 318.534
254.9879 317.341
254.74519 316.028
254.51883 314.511
254.29118 312.892
254.05624 311.281
253.78155 309.63
253.46035 308.168
253.07701 306.676
252.67807 305.176
252.28055 303.846
251.96916 302.34
251.74675 300.814
251.54071 299.469
251.48228 297.887
251.50006 296.35
251.55284 294.748
251.66297 292.984
251.84518 291.076
252.03962 289.33
252.28239 287.531
252.55721 285.807
252.91664 284.105
253.3714 282.535
253.94822 281.175
254.6478 280.014
255.39257 279.044
256.18404 278.197
256.99796 277.565
257.84911 276.998
258.77005 276.533
259.74058 276.146
260.7404 275.892
261.7736 275.646
262.8256 275.556
263.87 275.495
264.8699 275.596
265.7824 275.512
266.5015 275.779
267.1126 275.869
267.4928 276.042
267.6189 276.311
267.5818 276.399
267.33 276.595
266.9689 276.63
266.5335 276.795
266.0618 277.056
265.5917 277.547
265.071 278.589
264.5403 280.045
264.0781 281.772
263.7323 284.038
263.5188 286.556
263.4696 289.452
263.5514 292.47
263.6589 296.051
263.7175 300.144
263.74 304.461
263.712 308.747
263.6307 312.807
263.57 316.6
263.65 319.933
263.7557 323.238
263.8685 326.684
263.9203 330.022
263.8793 333.208
263.8701 335.95
263.7889 338.331
263.7449 340.379
263.6171 342.14
263.3924 343.571
263.0964 344.656
262.7446 345.203
262.3528 345.433
261.9899 345.201
261.6467 344.433
261.3502 343.706
261.1103 343.293
260.8831 343.633
260.6338 344.587
260.3438 346.13
259.98971 348.251
259.49686 350.304
258.9456 352.649
258.38841 354.96
257.77676 357.143
257.1121 359.139
256.43517 360.275
255.79182 360.688
255.25948 360.275
254.89079 358.909
254.90987 356.85
255.2035 354.422
255.71283 351.483
256.13336 348.405
256.30787 345.639
256.10107 343.417
255.61353 341.86
255.00689 341.14
254.33806 341.169
253.59743 341.59
252.84422 342.369
252.0783 343.506
251.26816 344.895
250.515285 346.671
249.841542 348.456
249.304207 350.437
248.90567 352.522
248.70446 354.216
248.73033 355.888
248.91568 357.191
249.184544 358.266
249.532258 358.607
249.9384634 358.771
250.421802 358.971
250.948429 358.581
251.54434 357.334
252.25221 356.188
252.99733 354.723
253.78061 353.7
254.49798 352.316