186.9552 292.837
186.7883 293.116
186.5974 293.346
186.475 293.54
186.3465 293.542
186.1909 293.252
186.0473 293.334
185.9855 293.142
185.9472 293.008
186.0217 292.704
186.2 292.414
186.4713 292.14
186.7997 291.922
187.1893 291.629
187.6698 291.556
188.2989 291.518
189.0274 291.779
189.9226 292.098
190.9175 292.339
192.0567 292.749
193.2554 293.402
194.5434 294.143
195.8753 295.147
197.2314 296.24
198.5167 297.553
199.7745 299.011
200.9937 300.489
202.1917 302.148
203.3877 303.829
204.5085 305.683
205.5579 307.615
206.6036 309.533
207.6794 311.308
208.7659 313.137
209.7845 315.1
210.6851 317.134
211.5026 319.365
212.2717 321.638
213.0859 323.756
213.7916 325.811
214.4124 328.068
214.973 330.283
215.514 332.481
215.9251 334.946
216.2988 337.666
216.8048 340.071
217.2761 342.508
217.6364 344.724
217.9684 346.906
218.3708 348.718
218.7531 350.232
219.0692 351.609
219.3207 352.979
219.5812 354.309
219.7978 355.284
220.0002 356.354
220.0947 357.31
220.1385 357.955
220.1586 358.39
220.1467 358.701
220.0932 358.697
219.972 358.663
219.8449 358.462
219.6163 358.197
219.3646 357.957
219.1185 357.724
218.809 357.476
218.5145 356.908
218.216 356.175
217.8808 355.069
217.5971 353.784
217.2422 352.273
216.822 350.416
216.5193 348.808
216.1567 347.101
215.7633 345.479
215.3289 343.942
214.9194 342.211
214.4799 340.603
214.1006 338.938
213.7354 337.121
213.4192 335.019
213.1204 332.626
212.885 330.243
212.716 327.971
212.7115 325.791
212.7412 323.799
212.8011 321.904
212.8879 320.163
213.0187 318.389
213.1745 316.482
213.3369 314.664
213.5372 312.881
213.7622 311.21
214.0414 309.399
214.4053 307.6
214.8275 306.099
215.2863 304.914
215.7698 303.893
216.4627 302.688
217.0146 302.162
217.7621 301.332
218.5438 300.662
219.3471 300.199
220.2164 299.707
221.1053 299.45
221.9688 299.537
222.8122 299.801
223.6509 300.246
224.4918 300.997
225.2974 302.229
226.0633 303.665
226.8596 305.177
227.5781 307.05
228.0985 309.175
228.2451 311.41
227.9663 313.98
227.3685 316.702
226.6372 319.616
225.8875 322.285
225.2238 324.536
224.7427 326.356
224.2309 328.14
223.9022 329.667
223.4288 331.205
223.0152 332.66
222.602 334.046
222.3201 335.24
222.1797 336.319
222.0985 337.271
222.0401 338.068
222.0279 338.655
222.0714 338.964
222.2123 338.768
222.3805 338.241
222.5476 337.519
222.6635 336.797
222.6546 336.114
222.5662 335.725
222.4775 335.747
222.4401 336.292
222.3273 337.443
222.1791 339.154
222.0947 340.937
222.0018 342.952
221.9795 345.149
222.1059 347.096
222.3703 348.782
222.6573 350.711
223.0317 352.359
223.4868 353.696
224.0038 354.608
224.6302 355.049
225.2848 355.431
226.0038 355.821
226.5962 356.785
227.1253 358.181
227.5218 360.223
227.9547 362.655
228.3605 365.713
228.6897 368.82
229.0382 372.399
229.0755 376.076
228.8062 379.944
228.3574 382.922
227.7597 385.882
227.157 388.436
226.6301 390.614
226.2455 392.45
226.0479 393.229
225.9454 394.008
225.9161 394.085
225.9834 393.305
226.1519 392.236
226.4756 390.417
226.8064 388.166
227.2445 385.702
227.6869 383.223
228.1097 381.153
228.5265 379.663
228.8309 378.513
229.0299 377.84
229.191 376.987
229.2248 375.984
229.2445 375.63
229.2525 375.241
229.1876 374.968
229.0965 374.554
229.017 374.051
228.8686 373.658
228.8569 373.391
229.033 373.117
229.2705 373.006
229.6882 373.101
230.1464 373.089
230.6249 372.892
230.9799 372.616
231.2123 372.631
231.2845 372.932
231.3089 373.09
231.3131 373.01
231.2358 372.589
231.129 372.147
231.0793 371.93
231.0475 371.394
231.0409 371.13
231.0995 371.013
231.2644 370.598
231.4526 370.244
231.7539 369.803
232.0275 369.454
232.3304 368.981
232.6121 368.659
232.8604 368.32