274.2301 311.019
274.6339 312.075
275.0348 312.915
275.4318 313.499
275.7609 313.778
276.0252 313.468
276.1693 312.548
276.2064 311.095
276.2421 309.303
276.33 307.187
276.2919 304.537
276.3499 301.358
276.4289 297.931
276.5067 293.973
276.4645 289.787
276.266 285.593
275.9169 281.669
275.9623 277.751
276.1399 274.017
276.4456 270.562
276.8531 267.183
277.2132 263.953
277.6203 260.482
278.0022 256.909
278.2403 253.568
278.337 250.472
278.2852 247.659
278.0923 245.098
277.6274 243.035
277.0202 241.033
276.3044 239.142
275.5878 237.16
274.8404 235.124
273.9342 233.188
272.9725 231.255
271.8699 229.499
270.6383 227.882
269.3133 226.227
267.8355 224.811
266.2454 223.659
264.6054 222.595
262.9529 221.694
261.3349 221.075
259.81344 220.711
258.39771 220.507
257.00396 220.643
255.54445 221.38
254.05381 222.406
252.54036 223.853
251.09017 225.557
249.834219 227.122
248.81576 229.078
248.10749 231.022
247.7089 232.819
247.56772 234.639
247.64613 236.499
247.89838 238.356
248.25433 240.274
248.68805 242.215
249.27697 243.88
250.0234068 245.578
250.88943 247.258
251.6783 248.714
252.29196 250.182
252.72738 251.576
253.01178 252.925
253.13348 254.096
253.12021 255.356
253.02692 256.715
252.92034 258.127
252.75945 259.601
252.52604 261.136
252.27532 262.426
251.90508 263.738
251.38338 265.084
250.731474 266.348
249.99571208 267.505
249.210013 268.408
248.3865 269.185
247.49311 269.81
246.49194 270.216
245.39263 270.377
244.23617 270.168
243.06832 269.734
241.91461 269.143
240.83364 268.331
239.8964 267.391
239.1378 266.429
238.5691 265.475
238.2226 264.355
238.103 263.299
238.1889 262.438
238.4762 261.773
238.9952 261.348
239.8308 261.238
241.08438 261.571
242.80792 262.604
245.00114 264.29
247.54649 266.624
250.315243 269.504
253.05808 272.962
255.5575 276.868
257.73482 280.935
259.62944 285.491
261.3065 290.347
262.9712 295.4
264.4093 300.336
265.645 305.144
266.6692 309.908
267.4907 314.614
268.1159 319.106
268.5508 323.044
268.8732 326.323
269.1359 328.76
269.3613 330.241
269.641 330.905
269.9426 330.793
270.1536 329.766
270.4305 328.149
270.7257 326.04
271.0604 323.912
271.2702 321.492
271.3386 319.356
271.1986 317.802
271.8118 316.65
272.2367 316.004
272.6135 315.788
272.8522 315.976
272.9916 316.527
273.1218 317.42
273.2692 318.441
273.4027 319.577
273.5136 320.617
273.6393 321.354
273.8332 321.909
274.1171 322.13
274.4562 321.933
274.8034 321.427
275.1335 320.683
275.4653 319.921
275.7456 319.06
275.9597 318.367
276.1625 317.872
276.4049 317.539
276.6961 317.287
276.9801 317.135
277.2798 316.964
277.5397 316.891
277.7532 316.965
277.9169 317.033
278.1157 317.341
278.2938 317.841
278.4748 318.603
278.7001 319.396
278.9562 320.348
279.2172 321.101
279.5123 321.813
279.8927 322.516
280.3061 323.278
280.7136 324.006
281.081 324.661
281.4096 325.139
281.6908 325.762
281.8776 326.334
282.0013 326.762
282.0796 327.001
282.1085 327.098
282.1376 327.191
282.0895 327.193