250.712136 403.233
250.317143 403.789
249.866811 404.04
249.377784 403.996
248.84392 403.878
248.25676 403.921
247.6182 403.585
246.94575 403.703
246.1551 403.482
245.31642 402.976
244.45597 402.592
243.56639 402.354
242.61363 401.994
241.69273 401.39
240.74845 401.21
239.7759 400.993
238.7773 400.692
237.754 399.963
236.6896 399.769
235.6817 399.124
234.6319 398.656
233.5799 398.13
232.5241 397.045
231.4904 395.93
230.4766 394.937
229.4555 393.896
228.4866 392.871
227.5375 391.501
226.5546 390.247
225.5788 389.109
224.5523 387.653
223.5739 385.872
222.6196 384.184
221.6442 382.952
220.8178 380.88
220.0125 379.027
219.1708 377.408
218.339 375.896
217.5638 374.025
216.8447 371.893
216.1519 370.264
215.5504 368.43
215.0124 366.533
214.5822 364.542
214.1833 362.69
213.9081 360.724
213.7748 358.616
213.6656 356.688
213.6106 354.978
213.612 353.399
213.7697 351.241
213.9932 349.247
214.2579 347.826
214.6069 346.325
214.9937 344.849
215.4433 343.496
215.962 342.396
216.5179 341.381
217.1097 340.442
217.7017 339.714
218.3379 338.987
218.9909 337.977
219.6571 337.204
220.4189 336.31
221.2539 335.64
222.1516 335.07
223.1741 334.476
224.1905 334.489
225.2349 334.219
226.2534 334.081
227.2656 334.051
228.3343 334.159
229.3957 334.498
230.5209 334.709
231.6699 335.022
232.8583 335.343
234.0421 335.929
235.2189 336.426
236.375 337.005
237.4724 337.639
238.4785 338.65
239.3508 339.887
240.13594 341.233
240.91465 342.304
241.62709 343.251
242.29678 344.275
242.94148 345.508
243.54325 346.624
244.12647 348.152
244.6891 349.516
245.21234 351.256
245.75218 353.138
246.35418 355.088
246.98751 356.512
247.59348 358.055
248.11228 359.939
248.56888 361.817
248.99906 363.43
249.444844 365.066
249.869494 366.509
250.189873 368.118
250.503054 369.647
250.687054 371.275
250.949362 372.7
250.999446 373.883
251.09194 375.075
251.08293 376.813
251.00341 378.446
251.02635 380.126
251.16301 381.453
251.27415 383.03
251.27999 384.499
251.22101 385.883
251.01046 387.224
250.650765 388.713
250.180585 390.279
249.734224 391.806
249.36394 392.855
249.151652 394.44
249.035026 395.688
248.88176 396.958
248.70902 398.295
248.56483 399.678
248.38913 401.071
248.23078 402.268
248.10235 403.37
247.99006 404.137
247.90856 405.388
247.86668 406.186
247.86905 406.698
247.79568 407.074
247.7628 407.266
247.7483 407.473
247.73969 407.463
247.73917 407.492
247.65656 407.831
247.58475 407.658
247.53712 407.356
247.54511 406.558
247.55983 405.838
247.58754 405.302
247.60333 404.833
247.65324 404.158
247.68418 403.403
247.77383 402.777
247.84959 401.716
247.93003 400.298
248.0697 398.936
248.20401 397.397
248.3719 395.645
248.58445 394.024
248.76219 392.395
248.9098 390.589
249.058416 388.684
249.276609 386.202
249.555411 384.377
249.882428 382.549
250.253009 380.909
250.564148 379.199
250.941607 377.523
251.13457 375.828
251.44568 373.825
251.67551 372.25
251.76371 370.951
251.90142 369.809
252.148 368.195
252.46277 366.687
252.84776 365.374
253.2733 363.833
253.62218 362.389
253.92991 360.697
254.30424 359.044
254.71826 357.817
255.12937 356.612
255.60848 355.59
256.06019 354.419
256.54851 353.292
257.06602 352.156
257.62356 350.901
258.22026 349.777
258.89713 348.55
259.58704 347.374
260.2754 346.367
260.9165 345.42
261.546 343.976
262.1766 342.95
262.7479 341.894
263.172 341.715
263.7354 340.677
264.3205 339.665
264.8579 339.069
265.3617 338.334
265.8611 337.802
266.3939 337.34
266.9798 336.995
267.5338 336.546
268.1292 336.371
268.6905 335.929
269.4546 335.425
269.9521 335.495
270.3723 335.538
270.79 335.444
271.2706 335.596
271.7253 335.841
272.2023 336.279
272.6546 336.511
273.0968 336.582
273.461 336.746
273.8648 337.016
274.2883 337.256
274.5565 337.766
274.7535 338.406
275.0014 338.881
275.1616 339.255
275.3392 339.853
275.3902 340.497
275.3488 340.88
275.2039 341.516
274.9661 341.886
274.7571 342.745
274.4951 343.469
274.4192 344.439
274.2655 345.344
274.1334 346.388