172.8488 438.805
172.8435 438.794
172.9467 438.477
173.2122 437.703
173.3442 437.304
173.5309 436.678
173.6535 436.419
173.841 435.934
174.0105 435.148
174.2755 434.058
174.6662 432.473
175.1516 430.501
175.7514 428.229
176.4666 425.944
177.253 423.609
178.1482 420.788
179.1127 417.918
180.1607 414.618
181.3598 411
182.6484 407.314
184.1416 403.241
185.8612 398.883
187.6298 394.721
189.4724 390.277
191.3147 386.02
193.1319 381.851
194.8326 377.961
196.5532 373.881
198.2637 369.74
199.942 365.625
201.5356 361.558
202.9076 358.176
204.2007 354.553
205.4072 351.007
206.4404 347.878
207.3769 344.834
208.2474 341.775
209.0353 338.823
209.7171 336.112
210.3252 333.456
210.8543 330.89
211.3383 328.544
211.7896 326.326
212.2094 324.241
212.6124 322.241
212.9743 320.448
213.2965 318.736
213.5527 317.306
213.7878 315.927
213.943 314.752
214.086 313.674
214.2066 312.854
214.2935 312.35
214.3778 311.985
214.4043 311.799
214.3858 311.835
214.3138 312.095
214.191 312.593
214.0582 313.24
213.9202 314.122
213.7688 315.247
213.5998 316.621
213.4357 317.985
213.3215 319.379
213.1312 321.167
212.9555 323.12
212.8103 324.951
212.6629 327.002
212.5158 329.191
212.4198 331.294
212.4149 333.464
212.4681 335.739
212.573 337.984
212.6924 340.076
212.8097 342.211
213.0024 344.104
213.2237 346.136
213.5482 348.053
213.8995 349.986
214.3608 351.607
214.8567 353.197
215.4003 354.753
215.9821 356.305
216.575 357.66
217.2157 359.034
217.9596 360.106
218.7458 361.096
219.5491 362.026
220.41 362.736
221.3463 363.532
222.3074 364.091
223.3047 364.311
224.3369 364.483
225.3639 364.667
226.4264 364.592
227.4785 364.415
228.4283 364.229
229.3788 363.749
230.306 362.933
231.2717 362.16
232.2259 361.245
233.1668 360.189
234.0525 359.291
234.924 358.085
235.8166 356.661
236.6867 355.185
237.5143 353.512
238.3173 352.042
239.0871 350.317
239.8673 348.593
240.66446 346.913
241.40526 345.406
242.16204 343.628
242.96216 342.021
243.75471 340.273
244.49736 338.398
245.19382 336.568
245.86324 334.812
246.35403 333.015
246.81247 331.245
247.23693 329.463
247.60103 327.712
247.9522 325.977
248.25994 324.358
248.58858 322.94
248.91327 321.642
249.235382 320.457
249.569885 319.568
249.9072366 318.749
250.240985 317.982
250.579961 317.176
250.923999 316.62
251.21449 316.139
251.46903 315.897
251.69312 315.639
251.85565 315.537
251.95043 315.63
251.99079 315.782
251.97788 316.069
251.89623 316.454
251.70908 316.813
251.4488 317.128
251.17199 317.862
250.914124 318.492
250.692215 318.99
250.529292 319.608
250.394722 320.455
250.258679 321.409