213.7419 409.733
213.6502 409.471
213.6043 408.709
213.5016 407.766
213.329 406.902
213.2372 405.111
213.1444 403.207
212.9996 401.6
212.9043 399.944
212.8925 398.035
212.8845 396.086
212.9702 394.043
213.0507 391.988
213.1935 389.854
213.3256 387.781
213.5346 385.487
213.835 382.861
214.1555 380.112
214.5353 377.233
214.9252 374.479
215.3589 371.682
215.7429 369.083
216.1284 366.483
216.5435 363.797
216.9148 361.183
217.2667 358.881
217.6639 356.495
218.0516 354.457
218.5047 352.456
219.0113 350.505
219.5049 348.608
220.0708 346.731
220.7195 344.85
221.3606 343.344
222.0538 342.088
222.9103 340.782
223.866 339.598
224.9245 338.296
225.9765 337.4
227.093 336.491
228.1456 335.935
229.1938 335.57
230.1552 335.625
231.1402 336.055
232.173 336.534
233.1862 337.353
234.2159 338.316
235.2597 339.37
236.2496 340.28
237.1545 341.548
238.0085 343.133
238.8439 345.059
239.7446 346.857
240.73163 348.479
241.58063 350.248
242.30275 351.925
242.96466 353.652
243.55637 355.34
244.12967 356.964
244.62828 358.661
245.15812 360.296
245.8451 362.26
246.61455 364.289
247.4171 366.271
248.13265 368.467
248.7849 370.521
249.380484 372.744
249.866846 374.8
250.120163 376.958
250.305012 379.183
250.365788 381.384
250.583263 383.619
250.452998 385.275
250.463131 387.071
250.448708 388.867
250.480014 390.481
250.513253 392.114
250.563595 393.714
250.531056 394.858
250.444327 396.452
250.31321 397.85
250.226095 399.638
250.125833 401.448
249.9291367 402.886
249.708717 403.623
249.54595 405.594
249.394425 407.262
249.275302 408.73
249.21003 410.483
249.119487 411.272
249.05946 412.566
249.014402 413.827
248.97587 414.743
248.92319 415.339
248.82498 415.578
248.67623 415.845
248.52691 416.272
248.4041 416.316
248.28563 416.651
248.18503 416.552
248.16335 415.893
248.22235 414.818
248.22442 413.996
248.11026 412.905
247.99911 412.042
247.78596 410.985
247.64482 409.449
247.50773 408.325
247.4474 407.059
247.40411 405.987
247.4376 404.27
247.56961 401.827
247.65651 399.456
247.78271 396.718
247.91082 394.282
248.02699 391.721
247.99156 388.94
248.06099 386.721
248.23712 383.967
248.4491 381.058
248.62158 378.912
248.77501 376.434
248.89282 374.092
249.000276 372.187
249.121855 370.094
249.222065 367.889
249.331051 365.87
249.509617 363.836
249.714751 361.592
249.9449155 359.753
250.246474 358.079
250.576477 356.327
250.965782 354.294
251.49318 352.58
252.14291 351.007
252.86535 348.946
253.57799 347.262
254.37495 345.49
255.18577 343.512
255.97116 342.101
256.72882 340.435
257.6481 338.759
258.74199 337.195
259.90953 336.114
261.26 334.889
262.664 333.8
264.1858 332.655
265.7193 331.552
267.1821 331.106
268.5152 330.839
269.6073 330.96
270.5406 330.922
271.2563 331.31
271.9088 331.631
272.4367 331.899
272.7954 332.104
273.0501 332.53
273.3375 333.355
273.4844 333.694
273.527 334.159