166.7877 404.822
166.6479 403.629
166.6319 401.927
166.8342 399.703
167.2221 397.475
168.0548 394.511
169.2394 391.118
170.7877 387.02
172.6519 382.241
174.8722 376.731
177.4047 370.532
180.2756 363.846
183.2881 357.527
186.5016 351.408
189.9132 345.801
193.4821 340.611
197.1176 335.971
200.8006 331.726
204.4516 327.672
207.7154 324.56
210.7598 321.83
213.5459 319.492
215.9724 317.731
218.0783 316.706
219.8817 316.254
221.4179 316.522
222.7184 317.457
223.762 318.927
224.5735 320.87
225.2337 323.491
225.6401 326.765
225.9169 330.487
226.1602 334.961
226.4101 339.867
226.7465 345.232
227.222 350.883
227.8436 356.874
228.7585 363.11
229.9174 369.361
231.1947 375.499
232.5293 381.9
233.9824 388.329
235.5739 394.062
237.1109 400.147
238.5572 405.603
239.8369 410.752
240.95951 415.476
241.74221 419.543
242.24071 423.121
242.49785 425.897
242.64854 427.841
242.87501 430.749
242.64659 432.043
242.18735 432.359
241.46117 431.92
240.40735 430.987
238.9116 429.582
237.0397 427.041
234.7704 423.855
232.0754 419.502
229.078 414.3
225.9142 408.243
222.743 402.854
219.6286 397.484
216.4365 392.579
213.2378 386.767
209.8531 381.291
206.4091 375.239
202.923 369.155
199.4469 362.924
196.0142 357.051
192.7243 351.547
189.5192 347.024
186.3798 343.325
183.3382 340.292
180.4677 337.624
177.8827 335.28
175.4488 333.257
173.2378 331.301
171.2797 329.531
169.4285 328.025
167.8055 326.74
166.2982 325.753
164.8536 325.087
163.5729 324.712
162.4397 324.415
161.52 324.212
160.8407 323.943
160.2622 323.965
159.769 324.248
159.4504 324.434
159.2114 324.707
159.0194 324.884
158.9775 324.929
158.9037 325.178
158.7794 325.766
158.8303 326.23
159.0253 326.644
159.2678 327.475
159.6412 328.336
160.1605 329.251
160.698 330.234
161.1766 331.461
161.7662 332.528
162.343 333.558
162.7943 334.585
163.3538 335.581
163.8162 336.369
164.3159 337.085