195.2824 428.249
195.3474 427.864
195.392 427.836
195.5074 427.598
195.5404 427.866
195.6238 427.678
195.7126 427.911
195.7209 428.585
195.6421 429.492
195.7923 429.18
195.8857 429.477
195.9846 429.734
196.0455 430.509
196.1096 430.854
196.1909 430.923
196.3088 430.754
196.4383 430.3
196.588 429.518
196.7274 428.836
196.8137 428.513
196.9058 427.548
197.0773 425.991
197.1862 424.464
197.2626 422.773
197.3531 420.821
197.4648 418.299
197.3713 416.348
197.2207 414.096
197.107 411.384
196.9954 408.538
196.935 405.89
196.9885 402.661
197.0769 399.564
197.1247 397.035
197.1788 394.247
197.2428 391.295
197.332 388.362
197.4413 385.365
197.6063 382.166
197.7925 379.202
198.0168 376.362
198.338 373.862
198.7621 371.268
199.2885 368.306
199.9443 365.787
200.7209 363.355
201.5053 361.008
202.4103 358.971
203.3557 357.381
204.4764 355.853
205.6795 354.77
207.0096 353.948
208.4388 353.551
209.9379 353.585
211.5485 353.749
213.1905 353.94
214.7568 354.845
216.3116 355.867
217.7921 357.117
219.2617 358.214
220.7518 359.669
222.2254 361.655
223.6897 363.981
225.1006 366.177
226.2616 368.667
227.3332 371.217
228.3054 374.102
229.1861 376.571
230.0235 379.005
230.8103 381.713
231.5229 384.575
232.0912 387.516
232.6542 390.585
233.2732 393.447
233.9499 396.118
234.557 398.725
235.0339 401.427
235.3755 404.227
235.6007 407.012
235.8663 408.941
235.7647 411.103
235.8368 413.356
235.6548 415.633
235.5849 417.935
235.4333 420.328
235.2616 422.162
235.1343 424.187
234.984 426.521
234.88 428.18
234.8229 429.162
234.7263 430.327
234.5194 431.086
234.3258 432.023
234.1218 432.826
233.9342 432.826
233.7518 433.608
233.5761 433.684
233.527 432.99
233.4512 432.093
233.4075 431.647
233.1845 430.323
233.1694 429.208
233.1472 427.846
233.1009 427.105
233.0296 426.04
232.8004 424.601
232.8995 423.274
232.9158 421.67
233.0429 419.335
233.2352 417.594
233.493 415.27
233.7884 412.595
234.069 409.773
234.2576 407.058
234.4695 404.29
234.7416 401.019
235.0205 397.057
235.2068 393.312
235.3901 390.135
235.3783 386.925
235.3257 383.301
235.0487 379.774
234.9918 376.364
234.9075 372.689
234.7915 368.887
234.6913 365.103
234.536 361.293
234.2264 357.189
233.8992 353.285
233.579 349.623
233.2252 345.536
232.7607 341.616
232.2885 337.569
231.834 333.595
231.2377 329.467
230.6544 325.274
229.7531 321.617
228.8968 317.793
227.8095 313.928
226.8076 310.001
225.5975 306.209
224.4049 302.278
223.0532 298.855
221.7798 295.671
220.4068 292.91
219.0761 290.336
217.6836 287.978
216.347 285.649
214.9338 283.775
213.281 282.44
211.5006 281.511
209.5901 280.879
207.5359 280.412
205.0383 280.677
202.3469 281.481
199.8192 282.228
197.5905 283.122
195.6932 284.024
194.0066 285.076
192.4624 286.265
191.0603 287.57
189.6743 289.065
188.2331 290.889
186.7347 292.954
185.1943 295.236
183.7371 297.375
182.4613 299.495
181.531 301.296
180.8563 302.959
180.4344 304.404
180.1365 305.916
179.994 307.15
179.8901 308.258
179.8992 309.044
179.8644 309.953
179.8087 310.885
179.9068 311.45
180.0429 311.961
180.261 312.378
180.5553 312.768
180.9202 313.051
181.3138 313.374
181.754 313.655
182.1791 314.148
182.6049 314.741
183.0692 315.247
183.5758 315.774
184.1372 316.119