187.4298 286.382
187.3809 286.289
187.3709 286.172
187.3481 286.108
187.3332 285.994
187.3369 285.82
187.2985 285.733
187.3003 285.537
187.3503 285.228
187.4349 284.847
187.537 284.528
187.712 284.068
187.881 283.627
188.1437 283.063
188.5087 282.494
188.9665 281.935
189.6069 281.3
190.4489 280.713
191.5776 280.119
192.9824 279.515
194.6929 278.913
196.6529 278.364
198.8406 277.884
201.1829 277.593
203.6387 277.448
206.1393 277.547
208.559 278.139
210.9223 279.109
213.2432 280.514
215.5058 282.401
217.7827 284.386
220.026 286.679
222.208 289.314
224.3643 292.085
226.4473 295.032
228.5292 298.057
230.4205 301.292
232.1188 304.409
233.629 307.582
234.9878 310.548
236.1098 313.403
237.0245 316.242
237.7688 318.86
238.4061 321.302
238.9194 323.53
239.3349 325.42
239.7682 326.839
240.07581 328.08
240.29927 328.842
240.48947 329.194
240.66353 329.112
240.78469 328.633
240.85619 327.73
240.87319 326.304
240.88008 324.514
240.94431 322.31
241.04907 319.635
241.16203 316.475
241.19751 312.69
241.02815 308.46
240.86912 303.699
240.67528 298.693
240.42106 293.433
240.09963 287.855
239.5032 282.205
238.8558 276.386
238.048 270.315
237.0775 264.176
235.8029 258.291
234.355 252.52
232.785 246.792
231.0173 241.499
229.1209 236.813
227.2045 232.767
225.1967 229.431
223.0094 226.66
220.5675 224.466
217.8978 222.741
215.0806 221.527
212.2062 220.765
209.3444 220.504
206.5995 220.644
204.0357 221.185
201.7001 222.272
199.6125 223.947
197.8093 226.13
196.361 228.904
195.3336 232.052
194.7588 235.396
194.6736 239.098
195.0423 242.977
195.9139 246.761
197.1763 250.782
198.7431 254.902
200.5395 259.131
202.5217 263.286
204.584 267.679
206.7743 272.176
209.086 276.828
211.5297 281.522
214.1031 285.943
216.737 290.022
219.4828 293.759
222.1393 297.341
224.6849 300.873
227.061 304.458
229.3721 308.183
231.7046 311.693
234.0541 315.146
236.4068 318.489
238.7539 321.617
240.93142 324.559
242.95068 327.223
244.66924 329.711
245.98298 332.078
246.95457 334.209
247.58314 336.228
248.17852 338.014
248.49281 339.691
248.4994 341.351
248.18492 342.583
247.63271 343.964
246.85607 345.784
245.99639 347.536
245.05579 349.133
244.14613 350.957
243.35992 352.571
242.57211 353.942
241.91954 355.479
241.46613 356.455
241.26394 356.562
241.33517 356.311
241.54448 355.054
242.01671 353.012
242.54213 350.389
243.20869 347.021
243.81753 343.756
244.50651 340.858
245.17675 338.547
245.80668 337.05
246.406 336.701
246.94661 337.02
247.51418 337.843
247.84167 339.399
247.85172 341.287