243.90435 353.595
243.95202 354.745
243.96899 355.273
243.92229 354.731
243.84407 353.853
243.84883 352.443
243.73125 350.079
243.62669 346.728
243.4374 342.535
243.31469 337.643
242.86441 331.621
242.22035 325.008
241.50232 317.556
240.64581 309.618
239.8195 301.205
238.9615 292.724
237.8856 284.53
236.7664 276.683
235.6944 269.392
234.714 263.077
234.0115 257.369
233.5352 252.254
233.0993 248.026
232.7344 244.293
232.3666 241.143
232.012 238.538
231.704 236.474
231.4478 235.008
231.2024 234.195
230.953 233.931
230.6759 234.161
230.3658 234.862
230.0365 236.027
229.8732 237.188
229.7846 238.773
229.8183 240.74
229.9995 243.052
230.2992 245.651
230.6788 248.399
231.0657 251.374
231.5512 254.381
232.1003 257.635
232.7485 261.145
233.5963 264.681
234.6973 268.107
236.1294 271.292
237.9344 274.273
240.08962 277.038
242.66575 279.39
245.47138 281.491
248.42704 283.584
251.46795 285.414
254.51985 287.063
257.56312 288.734
260.501 290.251
263.2309 291.622
265.6509 292.918
267.6179 294.048
269.111 295.062
270.1975 295.959
270.8734 296.787
271.1291 297.357
270.8827 297.75
270.1524 297.9
268.8778 297.832
267.0926 297.662
264.8354 297.337
262.2317 296.808
259.38489 295.961
256.32445 294.787
253.09788 293.155
249.761231 291.314
246.36799 289.034
243.04756 286.534
239.9548 283.759
237.1815 281.067
234.7879 278.726
233.0001 276.595
231.8936 274.73
231.5211 272.963
231.8765 271.257
232.9402 269.556
234.5778 267.762
236.6285 265.985
238.9402 264.109
241.38884 262.287
243.93285 260.393
246.40476 258.807
248.96457 257.01
251.56984 255.264
254.1371 253.701
256.55827 252.314
258.77256 251.197
260.76 250.347
262.4654 249.681
263.8674 249.357
264.979 249.233
265.7324 249.426
266.2022 249.715
266.4561 250.022
266.5662 250.391
266.5374 250.875
266.394 251.512
266.2112 252.238
266.0192 252.896