221.2857 257.219
221.4218 256.511
221.5631 256.004
221.7453 255.667
221.9892 255.471
222.2771 255.446
222.6362 255.699
223.1061 256.144
223.7215 256.806
224.5333 257.612
225.5785 258.681
226.8979 260.028
228.44 261.791
230.1709 264.007
232.062 266.581
234.017 269.689
236.1387 272.92
238.2152 276.759
240.25538 281.121
242.25647 285.936
244.19068 291.201
246.08134 296.588
248.0691 301.79
249.9375318 307.336
251.69419 313.09
253.2961 318.814
254.65735 324.565
255.91184 330.227
256.90265 335.97
257.5804 341.272
258.06385 346.714
258.44403 351.753
258.70141 356.496
258.91399 361.06
258.99131 365.103
259.01285 368.948
259.01281 372.765
259.24911 376.484
259.28439 379.199
259.26246 380.892
259.22919 382.544
259.20904 383.794
259.12623 384.454
259.06764 384.93
259.02257 384.78
258.93838 384.459
258.54128 383.637
258.12641 382.361
257.71775 380.606
257.33948 378.267
256.86779 375.795
256.24467 372.967
255.53016 369.553
254.90571 366.215
254.26475 362.481
253.66609 358.337
253.10878 353.872
252.34754 349.188
251.70232 343.989
251.21462 338.273
250.811062 332.522
250.49805 326.57
250.086656 320.713
249.452136 314.917
248.82785 309.15
248.28103 303.301
247.82596 297.467
247.43085 291.765
246.89266 286.49
246.30263 281.436
245.67795 276.512
245.021 271.897
244.38783 267.759
243.83138 263.88
243.21286 260.531
242.62612 257.49
242.02466 254.729
241.45272 252.382
240.88658 250.5
240.34248 249.075
239.8278 248.221
239.3691 247.954
238.9867 248.283
238.7106 249.197
238.5691 250.612
238.6515 252.31
238.6571 254.968
238.8501 257.839
239.123 261.142
239.5241 264.986
240.12085 269.237
241.16023 273.635
242.54162 278.53
244.35086 284.074
246.62655 289.995
249.410898 295.975
252.25142 301.87
254.9122 307.585
257.3447 312.943
259.65639 317.589
261.9214 321.732
264.2294 325.105
266.6603 327.865
269.0845 330.13
271.4242 331.954
273.7255 332.991
275.8034 333.43
277.4965 333.166
278.7664 332.109
279.7077 330.422
280.2318 328.476
280.3313 326.341
280.0294 324.145
279.3366 321.965
278.2521 319.706
276.7696 317.376
274.8923 314.966
272.4997 312.692
269.898 310.167
267.0927 307.578
264.0922 304.741
260.9764 302.006
257.90545 299.642
255.18448 297.642
252.83725 295.992
250.850217 294.668
249.250966 293.482
248.04838 292.498
247.29704 291.458
246.9837 290.459
247.07902 289.294
247.51635 288.006
248.25559 286.404
249.206064 284.665
250.272904 282.721
251.32237 280.922
252.52711 278.886
253.90779 276.908
255.44874 274.974
257.14933 273.04
258.92843 271.137
260.6661 269.323
262.2608 267.736
263.8073 266.181
265.2664 264.695
266.6372 263.263
267.8886 262.036
268.9898 261.126
269.9682 260.455
270.8719 259.912
271.7417 259.539
272.5894 259.367
273.3923 259.465
274.1534 259.69
274.7266 260.228
275.2451 260.852
275.6753 261.519