254.713 281.204
256.39984 286.081
258.01984 291.365
259.60203 296.991
261.3494 302.644
262.9836 308.614
264.3658 314.454
265.5495 320.217
266.5196 325.886
267.4435 330.951
268.0515 335.334
268.4323 339.037
268.7906 342.264
269.0814 344.594
269.3346 346.328
269.5139 347.387
269.5158 347.642
269.5037 347.204
269.497 346.112
269.5169 343.997
269.447 341.086
269.6336 337.709
269.8089 333.668
270.0581 328.775
270.1706 323.076
269.9387 317.13
269.5841 310.638
269.1856 303.792
268.6529 296.738
267.8648 289.648
267.0795 282.444
266.1506 275.614
265.347 269.206
264.6815 263.461
264.1025 258.373
263.4135 253.934
262.6824 249.709
261.9085 245.667
261.1079 241.818
260.1077 238.534
259.19169 235.317
258.35146 232.437
257.59277 230.057
257.01117 228.256
256.58795 227.237
256.2408 227.012
255.95973 227.552
255.74761 228.724
255.62579 230.416
255.73565 232.297
255.92427 234.604
256.21401 237.173
256.59015 239.968
257.03986 242.885
257.66501 245.854
258.30707 249.154
259.04735 252.65
259.94953 256.345
261.1802 260.103
262.4679 264.021
263.8057 267.875
265.1662 271.473
266.5771 274.87
268.0073 278.137
269.4652 281.059
271.1266 283.457
272.7644 285.589
274.4828 287.502
276.2855 289.071
278.1674 290.359
280.1848 291.341
282.3506 291.936
284.388 292.186
286.1858 292.019
287.6127 291.579
288.6371 290.722
289.2864 289.446
289.2049 288.024
288.7562 286.426
287.9295 284.816
286.7807 283.041
285.3587 281.357
283.7099 279.677
281.9041 277.942
279.9698 276.134
277.9239 274.337
275.7443 272.467
273.4819 270.553
271.2234 268.569
269.0602 266.963
267.3308 265.491
266.0883 264.129
265.3495 262.879
265.1021 261.667
265.325 260.472
265.9401 259.251
266.7578 258.104
267.7134 256.844
268.7744 255.411
269.9119 254.031
271.1849 252.566
272.5326 251.224
273.9332 249.812
275.4052 248.366
276.8788 247.04
278.2434 245.837
279.5258 244.737
280.7328 243.633
281.6737 242.928
282.6811 241.951
283.2967 241.406
283.8416 240.924
284.2921 240.504
284.6811 240.095
285.1614 239.539
285.3862 239.531