251.91977 373.35
252.06399 375.38
252.15401 377.003
252.17101 378.924
252.1014 380.017
251.96847 381.035
251.84159 381.639
251.75364 381.807
251.68755 381.869
251.68649 381.337
251.82052 380.372
252.01629 378.925
252.32512 376.914
252.71167 373.965
253.27047 370.167
253.7027 365.306
254.30644 359.745
254.87506 353.253
255.11477 346.081
255.25275 338.154
255.21514 329.629
255.01273 320.613
254.57872 311.37
254.21613 302.095
253.79615 292.936
253.38016 284.011
252.78538 275.609
252.11355 267.703
251.31981 260.318
250.338008 253.666
249.351519 247.653
248.36857 242.506
247.40175 238.588
246.58852 235.486
245.94028 233.105
245.4377 231.513
245.05949 230.683
244.76471 230.464
244.45195 230.901
244.18193 231.736
243.8891 233.286
243.63526 235.51
243.52564 238.309
243.76965 241.34
244.33992 244.837
245.23555 248.7
246.46363 252.797
248.15634 256.913
250.229347 261.353
252.68194 266.237
255.43568 271.324
258.34209 276.411
261.4891 281.117
264.7159 285.625
268.0765 289.723
271.583 293.321
275.0811 296.449
278.4101 299.364
281.3452 301.815
283.7859 304.028
285.9271 305.893
287.294 307.539
288.4383 308.773
289.107 309.502
289.2802 309.791
288.9873 309.587
287.9619 309.033
286.5717 308.082
284.9018 306.854
283.068 305.29
281.1143 303.685
278.9666 302.187
276.6107 300.591
274.1562 298.798
271.6417 296.828
269.186 294.693
266.8517 292.436
264.6691 289.973
262.5657 287.444
260.8178 284.867
259.48967 282.281
258.6194 279.833
258.26272 277.608
258.39497 275.595
258.95336 273.633
259.88907 271.738
261.1321 269.817
262.4765 267.968
264.0318 265.948
265.7631 263.698
267.5702 261.246
269.3662 258.64
271.2269 255.976
273.1527 253.487
275.1854 250.997
277.2275 248.772
279.0541 247.037
280.8487 245.52
282.5352 244.212
284.1203 243.163
285.6041 242.233
286.9645 241.34
288.0921 240.603
288.9969 240.07
289.7082 239.724
290.2129 239.482
290.5892 239.354
290.8568 239.404
290.9932 239.71
291.0637 240.188
291.0519 240.823
290.9884 241.514
291.0717 241.926
291.033 242.378
290.9833 242.871