237.221 342.001
237.5962 345.941
237.9924 349.972
238.3335 353.995
238.6162 358.013
238.7518 361.658
238.8466 364.832
238.9337 367.964
239.1741 370.968
239.3693 373.949
239.3145 376.482
239.5438 378.968
239.6671 380.926
239.7368 382.484
239.688 383.714
239.6392 384.451
239.5842 384.921
239.3892 384.275
239.2304 382.93
239.1432 381.278
239.1575 379.362
239.1589 377.036
239.1659 374.136
239.3884 371.014
239.3533 367.487
239.4048 363.525
239.4894 359.162
239.6705 354.107
239.8982 348.796
240.11634 343.051
240.10934 337.317
240.1058 331.183
240.0739 325.078
240.11155 319.445
240.10816 314.163
240.12726 308.91
240.11089 303.811
239.9891 298.758
239.7863 293.849
239.382 289.241
238.9792 284.6
238.5798 280.046
238.2188 275.632
237.8778 271.476
237.4824 267.653
237.134 264.019
236.8835 260.492
236.6931 257.169
236.5382 254.003
236.3101 251.146
236.1412 248.228
236.0026 245.347
235.9008 242.523
235.8258 239.786
235.708 237.324
235.6689 234.868
235.6917 232.406
235.7691 229.957
235.8712 227.47
235.8774 225.132
235.896 222.663
235.8403 220.211
235.7125 217.763
235.4628 215.514
235.2265 213.221
235.0102 211.01
234.816 208.906
234.5444 207.12
234.2852 205.349
233.995 203.697
233.6895 202.166
233.4043 200.743
233.1505 199.4632
232.8637 198.6233
232.6356 197.945
232.4279 197.4928
232.2291 197.2461
232.0515 197.1615
231.9765 197.0799
231.9262 197.2795
231.9281 197.7214
231.9847 198.4098
232.0772 199.3388
232.1751 200.529
232.2794 201.898
232.455 203.281
232.595 204.941
232.6868 206.835
232.744 208.928
232.9077 210.955
233.0856 213.199
233.3178 215.527
233.5725 218.043
233.9541 220.452
234.3553 222.992
234.7977 225.596
235.3092 228.22
235.8836 230.839
236.5928 233.297
237.3609 235.772
238.1678 238.261
239.0004 240.762
239.8885 243.269
240.84751 245.702
241.9433 247.9
242.98892 250.182
244.05476 252.431
245.12024 254.603
246.16526 256.756
247.18101 258.953
248.179 261.083
249.161529 263.163
250.275133 264.905
251.35358 266.71
252.45814 268.485
253.53313 270.323
254.62718 272.015
255.74842 273.561
256.88843 275.057
258.04374 276.528
259.23304 277.909
260.4365 279.341
261.6426 280.588
262.8919 281.697
264.1202 282.766
265.385 283.727
266.6725 284.653
267.9279 285.466
269.1698 286.251
270.3862 287.082
271.7271 287.71
272.9775 288.326
274.1013 288.957
275.0933 289.446
275.8909 289.761
276.5067 289.902
276.9522 289.798
277.2406 289.679
277.385 289.456
277.1762 289.267
276.8604 288.93
276.3901 288.504
275.7921 287.886
275.0559 287.222
274.1462 286.431
273.0376 285.5
271.7068 284.454
270.1888 283.366
268.516 282.247
266.6965 281.162
264.7672 280.135
262.7563 279.105
260.7196 278.119
258.69274 277.037
256.68235 275.876
254.67709 274.623
252.69839 273.355
250.769286 272.004
248.86016 270.641
247.03061 269.179
245.30894 267.869
243.71226 266.719
242.24372 265.574
240.90947 264.488
239.7442 263.412
238.6999 262.445
237.8552 261.44
237.1895 260.392
236.7092 259.197
236.3904 257.978
236.2183 256.778
236.2048 255.596
236.347 254.546
236.6949 253.574
237.2438 252.673
237.9921 251.815
238.9272 250.908
240.02859 249.955
241.24849 248.944
242.56544 247.893
243.88245 247.009
245.362 245.949
246.97555 244.8
248.70709 243.561
250.560096 242.165
252.44674 240.651
254.35616 239.037
256.26665 237.349
258.11904 235.747
259.83541 234.251
261.5583 232.711
263.3176 231.04
265.0783 229.302
266.7943 227.632
268.394 226.013
269.9466 224.412
271.2644 223.039
272.5091 221.689
273.6598 220.367
274.6754 219.09
275.5638 217.941
276.3279 216.915
276.9701 216.073
277.4938 215.428
277.9455 214.967
278.3504 214.688
278.703 214.594
279.0432 214.687
279.3293 214.929
279.5325 215.221
279.6284 215.623
279.6382 216.112
279.5951 216.593