206.5741 242.535
206.7267 242.043
206.9944 241.601
207.3975 241.183
207.9395 240.928
208.653 240.79
209.549 240.856
210.6789 240.979
212.0303 241.37
213.5775 241.98
215.3361 242.485
217.1443 243.272
218.9133 244.409
220.6746 245.728
222.4363 247.5
224.2532 249.65
226.0871 252.167
227.9293 255.086
229.7875 258.469
231.8044 261.887
233.7688 266.23
235.9058 270.556
238.0347 275.129
240.07793 279.972
242.00269 284.958
243.75809 290.033
245.43449 295.011
246.92519 300.222
248.20864 305.584
249.368431 310.786
250.383562 316.001
251.2449 321.238
251.96313 326.306
252.67959 330.989
253.21506 335.328
253.59842 339.107
253.77823 342.321
253.83053 345.13
253.7226 347.733
253.46516 350.21
253.00383 352.346
252.39513 353.967
251.68242 354.919
250.955274 355.357
250.244079 355.354
249.634986 354.83
249.088456 353.812
248.57512 352.445
248.13037 350.536
247.68926 348.047
247.27718 345.158
246.66746 342.129
246.10872 338.783
245.63717 334.916
245.25153 330.856
244.90865 326.498
244.56601 322.025
244.17989 317.449
243.80393 312.674
243.28986 308.399
242.924 303.998
242.70241 299.542
242.5503 294.957
242.462 290.294
242.37469 285.734
242.16328 281.452
241.96039 277.044
241.68971 272.767
241.39719 268.663
241.13754 264.754
241.00153 261.036
240.90897 257.825
240.97046 254.612
241.10962 251.577
241.36342 248.689
241.75461 246.04
242.27771 243.706
242.84678 241.941
243.52215 240.357
244.23558 239.067
244.92735 238.097
245.54926 237.46
246.10911 237.089
246.64934 236.92
247.21779 236.851
247.82171 236.833
248.41087 236.91
248.96488 237.037
249.445371 237.339