210.5385 247.367
210.8983 246.926
211.4778 246.568
212.3494 246.474
213.4834 246.443
214.8621 246.614
216.4217 246.873
218.1613 247.362
220.0424 248.008
222.0637 248.659
224.2186 249.252
226.5147 250.137
228.9734 251.113
231.6185 252.334
234.3805 253.793
237.1342 255.482
239.7922 257.315
242.27929 259.305
244.57953 261.436
246.6939 263.774
248.64457 266.258
250.395733 269.182
252.0645 272.448
253.80961 275.749
255.54312 279.385
257.23012 283.175
258.87142 287.324
260.3747 291.504
261.7441 295.788
263.052 299.893
264.4446 303.855
265.8204 307.765
267.2092 311.635
268.5966 315.545
269.875 319.412
271.0645 323.655
272.0974 327.707
273.0663 331.843
274.0938 335.794
274.9617 339.683
275.7328 343.261
276.3921 346.818
277.0017 349.956
277.6085 352.951
278.1688 355.928
278.54 358.688
278.7481 361.426
278.8817 363.965
278.9705 366.355
279.0039 368.417
278.8632 370.135
278.673 371.263
278.4517 372.312
278.1836 373.505
277.8418 374.316
277.4467 374.99
277.0205 375.943
276.5755 376.63
276.0102 376.956
275.4437 377.234
275.0306 377.415
274.4379 377.157
273.6515 376.422
272.8258 375.375
271.8729 374.302
270.9316 372.664
270.0194 371.056
269.1486 369.44
268.2723 367.943
267.3367 366.639
266.287 364.859
265.1934 362.785
264.0841 360.74
262.989 358.452
261.858 356.075
260.7662 353.806
259.68563 351.498
258.62839 348.983
257.62123 346.446
256.68689 344.002
255.82568 341.433
255.02641 338.992
254.28205 336.503
253.54142 334.096
252.97904 331.548
252.36146 328.976
251.79726 326.259
251.24521 323.461
250.750897 320.582
250.278402 317.874
249.828918 315.313
249.413528 312.808
248.98685 310.299
248.58773 307.88
248.26001 305.37
248.01963 302.886
247.82201 300.441
247.77081 297.897
247.8363 295.164
247.97048 292.464
248.18821 289.756
248.48735 287.082
248.85432 284.403
249.264372 281.795
249.690914 279.318
250.103377 277.143
250.616678 274.961
251.20631 272.781
251.86308 270.718
252.56899 268.716
253.29436 266.712
254.04164 264.81
254.82292 262.944
255.56998 261.177
256.30777 259.594
257.00012 258.312
257.73473 257.115
258.4999 255.956
259.25685 254.788
259.99218 253.737
260.7265 252.723
261.4098 251.733
262.0348 250.943
262.5979 250.338
263.0833 249.952
263.4653 249.831
263.7863 249.919
264.0339 250.206
264.2124 250.525
264.3331 250.891
264.4083 251.361
264.4838 251.898
264.553 252.465
264.6032 253.096
264.6498 253.848
264.6829 254.632
264.6923 255.405