261.0162 326.03
262.5522 327.852
264.5326 330.522
267.0926 334.314
269.6335 339.411
271.8914 345.28
273.5865 350.988
274.8371 356.571
275.9202 362.197
276.7735 367.768
277.4223 373.063
278.3149 378.51
278.8941 383.461
279.1213 388.23
279.2107 393.12
279.4673 398.012
278.98 401.401
278.5218 404.694
278.0052 407.527
277.5997 410.271
277.4861 412.735
277.3198 414.823
276.7432 415.659
276.1875 415.326
276.1061 415.161
275.5933 413.336
275.6066 411.874
275.3941 409.62
275.2259 406.596
275.2896 403.12
275.5046 399.352
275.8328 395.14
275.8433 389.392
275.7611 382.545
275.737 375.554
275.4762 367.592
274.8644 358.815
273.8473 349.522
272.6943 339.719
271.4717 329.772
270.1118 320.277
269.0225 311.541
268.1954 303.697
267.5655 297.05
266.85 291.428
266.1311 286.257
265.3657 281.431
264.5472 276.765
263.66 272.317
262.6478 268.342
261.6601 264.468
260.729 260.781
259.90053 257.448
259.21162 254.608
258.70385 252.368
258.37484 250.65
258.08038 249.791
258.02312 249.042
257.9113 248.824
257.97861 248.488
258.03619 248.419
258.10366 248.559
258.21717 248.798
258.39006 249.307
258.62462 250.075
258.86385 251.082
259.13916 252.275
259.42982 253.658
259.70906 255.174
259.93219 256.888
260.1348 258.642
260.3543 260.336
260.7136 261.74
261.021 263.107
261.2843 264.501
261.4886 265.942
261.6362 267.245