204.6588 336.563
204.6583 337.237
204.6538 338.027
204.7138 338.728
204.8109 339.371
204.9779 340.023
205.2087 340.436
205.4344 340.863
205.685 340.872
205.86 340.809
206.0428 340.371
206.273 339.529
206.4906 338.322
206.712 336.686
206.944 334.627
207.1149 332.327
207.2093 329.622
207.1462 326.689
207.0709 323.375
206.9129 320.011
206.7495 316.547
206.5376 313.141
206.3077 309.772
206.0487 306.62
205.7651 303.601
205.4947 300.645
205.1971 297.969
204.8511 295.421
204.4808 293.066
204.0273 291.291
203.5586 289.913
203.1814 288.883
202.8068 288.62
202.5359 288.794
202.4311 289.194
202.4299 289.991
202.5179 291.247
202.7729 292.726
203.1485 294.734
203.6995 297.319
204.3554 300.432
205.1148 303.863
206.0026 307.434
206.9712 310.91
207.9749 314.199
208.8835 317.591
209.7966 320.786
210.8112 323.683
211.7979 326.64
212.7907 329.372
213.7796 332.019
214.7567 334.407
215.7282 336.59
216.7345 338.35
217.6306 340.058
218.4695 341.373
219.2277 342.247
219.9135 342.499
220.499 342.294
221.0388 341.656
221.5793 340.662
222.1389 339.542
222.7692 337.877
223.36 336.07
223.9143 333.876
224.3431 331.258
224.6863 328.385
224.9248 325.249
225.0368 321.866
225.0199 318.524
224.9674 315.451
224.9774 312.407
225.0607 309.538
225.1332 306.857
225.1675 304.597
225.1767 302.752
225.1927 301.354
225.2067 300.292
225.1168 299.707
225.2003 299.207
225.3381 299.127
225.5726 299.287
225.8795 299.799
226.2673 300.765
226.7844 302.014
227.4526 303.384
228.255 305.151
229.2091 307.185
230.2384 309.499
231.3503 311.912
232.4798 314.433
233.6263 316.92
234.7648 319.322
235.9545 321.569
237.2234 323.841
238.5912 326.117
239.9947 328.277
241.39578 330.445
242.76909 332.371
244.12883 334.29
245.55298 335.944
246.84047 337.666
248.02856 338.857
249.154942 339.921
250.168703 340.718
251.09668 341.226
251.95875 341.418
252.72275 341.015
253.36846 340.514
253.90567 339.513
254.42608 338.507
254.67733 337.029
254.93249 335.646
255.18893 334.042
255.39462 332.219
255.517 330.007
255.53544 327.568
255.42276 324.986
255.19333 322.024
254.87593 319.328
254.58557 316.976
254.3382 314.794
254.17528 312.864
254.05472 311.15
253.95539 309.505
253.7037 308.12
253.51461 306.748
253.33379 305.318
253.19063 304.132
253.10557 303.187
253.06778 302.53
253.07723 302.11
253.11766 301.936
253.19562 301.946
253.30064 302.019
253.43414 302.017
253.56666 302.064
253.66648 302.159
253.74504 302.315
253.79361 302.542
253.82026 302.702