223.6339 316.826
223.7657 317.191
224.1185 317.455
224.6574 317.763
225.4626 317.914
226.5227 318.055
227.8096 318.306
229.296 318.393
230.8455 318.472
232.5073 318.453
234.1922 318.54
235.8746 318.498
237.5376 318.509
239.0981 318.627
240.52781 318.918
241.87278 319.363
243.10285 320.076
244.21503 321.041
245.21551 322.126
246.1227 323.172
246.95799 324.17
247.754 325.262
248.47883 326.126
249.098825 327.066
249.638041 327.846
250.12166 328.59
250.598581 329.307
251.0203 329.99
251.40153 330.602
251.7355 330.95
252.04072 330.889
252.28896 330.478
252.5128 329.795
252.71927 328.662
252.85703 327.312
252.87452 325.803
252.7656 324.199
252.48314 322.261
252.10707 319.783
251.55147 317.222
250.861405 314.273
250.0460035 310.899
249.152313 307.353
248.1263 303.815
247.17844 300.134
246.29832 296.451
245.52043 292.958
244.82535 289.861
244.2426 287.337
243.82599 285.372
243.60027 283.823
243.54222 282.584
243.62985 281.683
243.79662 281.216
244.01108 281.241
244.28426 281.537
244.62836 282.121
245.01319 283.121
245.43023 284.469
245.8508 286.188
246.30467 288.23
246.82188 290.565
247.45776 293.082
248.19769 295.642
249.123607 298.178
250.047168 300.821
250.986136 303.426
252.02147 306.338
253.1292 309.367
254.2697 312.466
255.41455 315.597
256.57421 318.367
257.79267 320.962
259.02056 323.375
260.2211 325.747
261.5611 327.881
262.8064 329.787
263.7888 331.406
264.7683 332.719
265.67 333.639
266.7312 334.344
267.4954 334.957
268.3513 335.449
268.8274 335.489
269.475 335.224
270.0601 334.996
270.5465 334.387
270.751 333.336
270.9341 331.977
271.0111 330.245
270.9585 328.151
270.8012 325.835
270.4773 323.163
269.9571 320.173
269.2356 316.857
268.3399 313.476
267.1686 309.921
265.9809 306.372
264.8341 303.06
263.8542 300.04
263.1125 297.699
262.6229 296.1
262.3324 295.292
262.2165 294.96
262.2103 295.004
262.3136 295.272
262.5486 295.695
262.9142 296.159
263.3479 296.738
263.8503 297.547
264.3928 298.467
265.0226 299.66
265.7397 301.374
266.6251 303.474
267.7661 305.743
268.904 308.273
269.9608 310.799
270.9248 313.208
271.8045 315.768
272.6728 318.044
273.5414 320.25
274.4446 322.497
275.3578 324.456
276.3373 326.247
277.2637 327.948
278.1394 329.202
278.9233 330.164
279.5902 331.073
280.1893 331.972
280.9358 332.734
281.3364 333.432
281.7466 333.981
282.1012 334.145
282.4361 333.995
282.7796 333.657
283.1064 333.021
283.3855 332.065
283.5609 330.529
283.6041 329.114
283.5357 327.449
283.2677 325.381
282.9161 323.076
282.4727 320.54
281.926 317.645
281.285 314.379
280.3227 310.964
279.324 307.111
278.323 303.134
277.353 299.15
276.4749 295.351
275.8576 292.062
275.612 289.473
275.8055 287.465
276.2244 285.832
276.7746 284.613
277.4766 283.679
278.3314 282.944
279.3778 282.549
280.6546 282.484
282.1279 282.81
283.6961 283.437
285.154 284.341
286.3841 285.646
287.3935 287.157
288.2133 288.833
288.8244 290.367
289.2754 291.769
289.638 292.979
289.8738 294.194
290.0644 295.394
290.2305 296.379
290.3109 297.396
290.3068 298.293