226.4473 329.41
226.3801 329.076
226.2691 328.839
226.1755 328.379
226.1102 327.726
226.0576 326.665
225.9264 325.425
225.7885 323.836
225.6274 321.975
225.437 319.854
225.2229 317.346
224.9763 314.319
224.6845 310.885
224.3812 307.098
224.1279 302.929
223.8596 298.796
223.6545 294.81
223.546 291.179
223.5173 288.186
223.5754 285.686
223.7164 283.579
223.8577 281.962
224.0299 280.665
224.2295 279.624
224.3969 278.992
224.5299 278.73
224.6344 278.862
224.7184 279.495
224.8614 280.481
225.0815 281.754
225.4047 283.39
225.8285 285.226
226.3501 287.271
226.984 289.343
227.6655 291.642
228.3469 294.101
229.0547 296.638
229.7847 299.395
230.5676 302.246
231.3816 305.085
232.2123 307.806
233.0504 310.612
233.9266 313.248
234.8004 315.84
235.6463 318.491
236.4545 320.961
237.2317 323.319
238.0085 325.68
238.8833 327.658
239.7355 329.376
240.59153 330.824
241.42832 332.082
242.28371 332.91
243.12149 333.386
243.93793 333.501
244.72297 333.417
245.41751 332.697
245.84229 331.859
246.18335 330.685
246.375 329.191
246.46694 327.26
246.49078 324.978
246.45127 322.336
246.3037 319.265
246.02641 315.905
245.66082 312.43
245.21135 308.935
244.69494 305.924
244.28908 303.391
243.98256 301.457
243.80506 300.135
243.74651 299.376
243.81229 299.029
243.95331 299.034
244.12034 299.458
244.47353 299.88
244.72102 300.623
245.11792 301.611
245.51955 302.974
245.96347 304.598
246.47936 306.511
247.08859 308.698
247.74495 311.018
248.50135 313.477
249.289336 315.781
250.0952509 318.073
250.94501 320.243
251.85212 322.257
252.77536 324.064
253.74618 325.812
254.8768 327.612
255.93217 329.148
256.97281 330.697
257.99861 331.974
258.83134 332.902
259.75459 333.523
260.7011 333.69
261.6022 333.605
262.4771 333.162
263.2124 332.289
263.8574 331.145
264.4269 329.632
264.9239 327.859
265.3344 325.76
265.6218 323.337
265.7855 320.586
265.9033 317.581
265.9789 314.485
265.8646 311.163
265.7877 307.846
265.8026 304.723
265.849 301.952
265.9603 299.494
266.2115 297.316
266.5241 295.322
266.8694 293.536
267.182 291.958
267.5281 290.574
267.8718 289.433
268.1939 288.66
268.4994 288.043
268.8231 287.65
269.1609 287.4
269.5102 287.359
269.9208 287.473
270.3243 287.853