212.808 355.053
212.8308 354.886
212.9033 354.603
212.9616 354.09
212.9653 353.651
212.9663 352.965
212.9943 351.853
213.0123 350.679
213.0351 349.366
213.071 347.686
213.1061 345.718
213.0697 343.572
213.0064 341.047
212.856 338.325
212.6113 335.237
212.2867 331.738
211.8701 328.033
211.4169 324.34
210.9497 320.62
210.4381 317.139
209.9244 313.459
209.4061 309.722
208.8694 306.014
208.3157 302.597
207.7963 299.311
207.3375 296.123
206.83 293.324
206.3092 290.6
205.7667 288.092
205.2763 285.817
204.8353 283.969
204.4616 282.585
204.1222 281.907
203.8258 281.9
203.5867 282.395
203.4306 283.344
203.4167 284.447
203.507 285.896
203.6923 287.597
203.9586 289.645
204.3277 291.986
204.7726 294.654
205.3187 297.444
205.9448 300.38
206.5879 303.477
207.2996 306.465
208.0321 309.46
208.8372 312.416
209.6894 315.441
210.6113 318.448
211.6308 321.385
212.6921 324.345
213.8431 327.333
215.0903 330.166
216.404 332.901
217.7404 335.505
219.0652 337.677
220.3905 339.732
221.7191 341.509
223.0566 342.941
224.3791 344.446
225.7152 345.468
227.1054 346.295
228.5205 346.66
229.9139 346.622
231.2165 346.401
232.2767 345.766
233.1728 344.594
233.8602 343.012
234.3331 341.228
234.6428 339.249
234.6599 336.969
234.5972 334.431
234.4593 331.85
234.2659 329.046
234.0297 325.996
233.6942 322.979
233.2792 319.703
232.7377 316.256
232.0788 312.611
231.3082 309.009
230.4183 305.977
229.6766 303.207
229.0454 300.931
228.5243 299.112
228.1077 297.739
227.7888 296.818
227.5724 296.476
227.4746 296.572
227.5536 296.87
227.8748 297.388
228.3258 298.265
228.8704 299.446
229.5292 301.016
230.2809 302.712
231.0933 304.868
231.9556 307.218
232.8849 309.672
233.8409 312.25
234.8344 314.807
235.8698 317.296
236.8978 319.773
237.9325 322.238
238.953 324.677
240.01185 326.931
241.11595 329.271
242.3127 331.627
243.56044 333.75
244.99852 335.625
246.41645 337.556
247.85967 339.365
249.302116 340.869
250.803771 342.367
252.31544 343.063
253.71519 343.657
255.03043 344.041
256.27677 344.131
257.40169 344.124
258.43043 343.875
259.37881 343.255
260.0366 342.416
260.6295 341.426
261.2049 339.823
261.7216 337.922
262.1488 335.936
262.4758 333.684
262.6998 331.115
262.8208 328.414
262.8568 325.642
262.7558 322.853
262.5409 319.726
262.1995 316.489
261.5872 313.222
260.934 309.711
260.2399 306.065
259.52095 302.496
258.84171 299.033
258.25726 295.743
257.81362 292.616
257.51062 289.872
257.3918 287.399
257.33423 285.327
257.51768 283.531
257.87217 281.926
258.35682 280.515
258.95123 279.398
259.64017 278.603
260.4296 278.037
261.2101 277.86
261.9991 277.936
262.8262 278.244
263.696 278.712
264.6132 279.432
265.5313 280.227