231.0791 334.15
230.8118 332.956
230.4924 331.767
230.0944 330.327
229.5963 328.717
229.1449 326.999
228.6987 325.262
228.267 323.383
227.8727 321.395
227.4728 319.128
227.0521 316.725
226.6038 314.203
226.1272 311.505
225.6208 308.603
225.1085 305.609
224.6098 302.773
224.1475 299.959
223.7684 297.341
223.4692 295.088
223.1515 293.644
223.0195 292.084
222.8462 291.211
222.7333 290.763
222.7666 290.367
222.8072 290.505
222.9354 290.94
223.1399 291.613
223.4744 292.31
223.7974 293.49
224.1758 294.961
224.6287 296.686
225.1197 298.653
225.6482 300.765
226.2645 302.791
226.8808 305.069
227.563 307.332
228.2482 309.643
228.995 311.974
229.8152 314.148
230.6792 316.297
231.5949 318.233
232.6004 319.938
233.6911 321.571
234.8422 322.924
235.9631 324.225
237.0454 325.517
238.0704 326.639
239.0043 327.533
239.9073 328.216
240.75525 328.777
241.62789 329.044
242.48537 329.255
243.32616 329.148
244.1415 328.788
244.90489 328.33
245.55631 327.684
246.1059 326.903
246.54972 325.825
246.89199 324.637
247.11924 323.279
247.27596 321.653
247.33216 319.866
247.2756 317.921
247.11852 315.819
246.89415 313.725
246.58143 311.533
246.27933 309.197
245.95476 306.85
245.4907 304.763
245.12769 302.51
244.81618 300.256
244.51961 298.084
244.27762 295.915
244.17368 293.911
244.26656 292.392
244.5408 291.275
245.03502 290.56
245.63032 290.103
246.34799 289.783
247.15422 289.708
248.00474 289.86
248.94194 290.168
249.9273785 290.626
250.888247 291.105
251.80044 291.617
252.64383 292.267
253.44333 292.936
254.17842 293.709
254.858 294.402