253.92819 355.942
253.16201 356.291
252.27456 356.441
251.23556 356.559
250.00815336 356.763
248.5915 356.897
247.0425 357.101
245.39632 356.882
243.63783 356.595
241.79437 356.122
239.8562 355.418
237.8639 354.406
235.9695 352.946
234.1036 351.326
232.3113 349.333
230.582 347.197
228.8996 345.083
227.4002 342.477
226.0792 340.063
225.0219 337.682
224.2046 335.292
223.5886 332.947
223.2302 330.349
223.0649 327.84
223.1878 325.26
223.5913 322.557
224.2304 319.792
224.9551 317.286
225.7747 314.989
226.7338 312.861
227.9125 310.753
229.293 309.063
230.872 307.461
232.6848 305.956
234.6113 304.522
236.6778 303.245
238.7699 302.188
240.89389 301.432
243.1075 300.918
245.36926 300.64
247.65927 301.004
250.0237668 301.64
252.30478 302.553
254.4298 303.61
256.38434 304.82
258.14117 306.018
259.68939 307.342
261.1048 308.846
262.3804 310.63
263.5584 312.576
264.6371 314.568
265.5535 316.814
266.2878 319.072
266.8439 321.247
267.2288 323.409
267.4847 325.458
267.6578 327.564
267.6219 329.595
267.4165 331.606
267.0766 333.831
266.8443 335.899
266.4442 338.018
265.9289 339.801
265.2069 341.466
264.3723 343.179
263.3807 344.76
262.296 346.368
261.1301 347.803
260.0143 349.098
258.89651 350.128
257.75435 351.096
256.55377 352.039
255.27802 352.828
253.99226 353.433
252.77072 353.877
251.60618 354.152
250.495277 354.539
249.36599 354.677
248.32458 354.916
247.31616 354.977
246.33894 354.827
245.50527 354.909
244.74108 354.825
244.06989 354.653
243.61836 354.235
243.46584 353.838
243.67223 353.385
244.27541 353.097
245.27638 352.76
246.54965 352.24
248.02116 352.067
249.501652 351.843
250.852492 351.6
252.18661 351.538