224.821 345.171
225.6658 345.632
226.6079 346.32
227.6388 347.352
228.7904 348.445
230.0705 349.93
231.4949 351.75
233.0891 353.726
234.9044 355.9
236.8833 358.02
238.9944 360.27
241.16992 362.187
243.43832 363.898
245.74112 365.561
248.1158 366.666
250.421001 367.496
252.71333 368.009
254.81593 368.136
256.62566 368.326
258.01183 368.356
258.99127 368.601
259.60347 368.847
259.89747 369.142
259.8017 369.413
259.36639 369.629
258.58827 369.598
257.5694 369.477
256.17286 368.968
254.53054 368.127
252.7154 367.368
250.896604 366.45
249.205863 365.337
247.24963 363.732
245.26395 361.437
243.33811 358.772
241.47716 355.033
239.7525 350.735
238.2171 345.913
236.9108 340.822
235.8277 335.678
235.0667 330.475
234.7494 325.779
234.9593 322.193
235.7001 319.095
236.9028 316.299
238.4569 313.763
240.15929 311.846
241.87965 310.298
243.56854 309.241
245.16759 308.575
246.82056 308.56
248.49551 309.114
250.179204 310.453
251.91117 312.348
253.5603 314.603
254.99408 317.295
256.19564 320.306
257.26204 323.518
258.23361 326.774
259.1584 329.982
259.86329 333.404
260.255 336.797
260.4038 340.275
260.3417 343.625
260.047 346.386
259.57739 349.113
258.90653 351.437
257.95123 353.559
256.8032 355.328
255.59199 356.783
254.36146 358.072
253.10625 359.02
251.84231 359.777
250.594793 360.246
249.453126 360.502
248.40494 360.843
247.60872 361.393
247.07402 361.807
246.80797 362.277
246.81814 362.337
247.17999 362.548
247.92211 362.475
248.95256 362.583
250.191347 362.271
251.45539 362.067
252.87331 361.968
254.35568 361.609
255.91719 361.594
257.6898 361.228
259.54658 361.154
261.6404 361.384
263.927 361.716
266.2839 362.217
268.748 362.688
271.1714 363.015
273.643 363.64
275.9951 364.207
278.0359 365.029
279.7389 365.877
281.1105 366.898
282.218 368.34
283.0078 370.339
283.3057 372.163
283.3097 373.844
282.9323 375.296