250.517663 389.406
249.121344 390.408
247.50415 390.956
245.63758 390.987
243.59112 390.371
241.45909 389.253
239.2744 387.63
237.0615 385.295
234.9603 382.278
233.0213 378.539
231.0764 374.875
229.4595 370.459
228.1487 365.613
227.2114 360.311
226.5832 355.078
226.2913 350.016
226.483 345.824
227.2394 342.2
228.5505 338.636
230.2359 335.318
232.1585 332.576
234.2882 330.208
236.4666 328.55
238.5335 327.62
240.6567 327.15
242.89199 327.224
245.39318 327.474
247.67334 328.93
250.178362 330.575
252.61496 332.98
255.1017 335.977
257.4057 339.508
259.34471 343.449
261.066 347.728
262.586 352.261
263.6853 356.498
264.3087 360.403
264.5651 364.437
264.5082 368.314
264.029 371.603
263.221 374.899
262.0986 377.8
260.7509 380.33
259.35909 382.302
257.7781 384.248
255.99218 385.609
254.19351 386.904
252.23348 387.88
250.289783 388.206
248.40321 388.817
246.61546 389.421
245.01874 389.43
243.72935 389.482
242.63913 389.909
241.82788 389.827
241.27319 389.772
240.85903 389.561
240.70674 389.524