229.9504 376.487
228.9938 378.734
227.7294 380.762
226.12 382.232
224.2293 383.537
221.9445 384.588
219.3848 385.449
216.6029 385.405
213.6357 384.625
210.4763 383.966
207.2885 382.629
204.0142 381.066
200.7324 378.466
197.4703 375.127
194.1808 371.302
191.1369 366.58
188.4258 361.027
185.9844 355.458
183.9328 349.803
182.2926 344.342
181.2457 338.842
180.8093 334.063
181.1001 329.312
182.1175 324.582
183.8061 320.012
186.0655 315.622
188.9719 310.963
192.2558 306.354
195.7478 302.009
199.4131 297.88
203.2104 294.108
207.2053 290.687
211.1744 288.326
215.2591 286.173
219.3175 284.668
223.3685 283.559
227.4331 282.873
231.6296 282.379
235.736 282.183
239.6698 282.488
243.4773 283.284
247.20672 284.904
250.780457 287.077
254.49376 289.796
258.13067 293.162
261.748 297.05
265.0887 301.712
268.1916 306.991
270.9958 312.455
273.5634 317.784
275.6338 323.544
277.2673 329.769
278.2186 335.765
278.7638 342.222
278.8229 348.872
278.217 355.471
277.0137 361.357
275.4991 367.613
273.5421 372.778
271.251 377.632
268.8598 381.995
266.1127 385.603
262.9739 388.532
259.36325 391.1
255.48966 393.082
251.5123 394.307
247.57924 394.704
243.7274 394.74
240.03901 393.597
236.6093 392.142
233.5338 390.662
230.7403 388.9
228.2365 387.681
226.1324 385.829
224.3823 384.192
223.0378 383.206
222.1803 382.218
221.7979 381.377
221.6601 380.835
221.7568 380.375