213.4353 379.455
213.6756 379.907
213.9641 379.743
214.1213 378.844
214.3096 376.949
214.6267 374.309
215.1322 370.487
215.8283 365.755
216.6321 359.93
217.3444 352.994
217.7868 345.204
217.8099 336.441
217.6634 326.889
217.307 317.048
216.8102 307.323
216.3886 297.629
215.9631 289.037
215.7791 281.096
215.6715 274.042
215.5507 267.602
215.3515 261.889
215.0186 257.004
214.6574 252.842
214.2345 249.342
213.7884 246.336
213.2486 244.045
212.6491 242.615
212.0405 242.085
211.413 242.511
210.8854 243.428
210.4127 245.102
210.0035 247.513
209.6859 250.493
209.4001 254.217
209.1154 258.711
208.8792 263.853
208.7435 269.532
208.7567 275.707
208.9645 282.29
209.5339 288.876
210.4503 295.684
211.5587 302.893
212.8577 310.076
214.249 317.448
215.8123 324.521
217.3699 331.445
218.9833 338.059
220.706 344.546
222.6673 350.288
224.7643 355.467
227.0894 360.106
229.6185 364.181
232.3456 367.89
235.3367 371.353
238.624 373.971
242.13987 376.196
245.75029 378.033
249.598887 379.046
252.98881 379.374
256.44344 379.398
259.56263 378.455
262.2089 376.89
264.3608 375.085
265.9312 372.818
267.0686 370.22
267.6809 367.265
267.6221 363.722
266.9058 359.473
265.5624 354.953
263.6714 350.249
261.0765 345.443
258.05543 340.944
254.73323 336.607
251.17252 333.161
247.4228 330.178
243.55235 327.857
239.73 325.859
235.9897 324.524
232.4586 323.606
229.1656 323.311
226.1714 323.293
223.4857 323.725
221.2577 324.638
219.3935 326.059
217.7983 328.013
216.5092 330.393
215.5542 332.978
215.0236 335.48
214.9654 337.623