212.0992 386.576
212.2443 388.774
211.9728 390.989
211.267 393.187
210.1465 394.968
208.638 396.262
206.643 397.415
203.9602 397.345
200.7691 396.894
197.3185 395.734
193.6992 393.852
190.0598 391.087
186.5992 387.082
183.394 382.17
180.3342 377.061
177.7298 371.081
175.4373 365.067
173.5109 359.474
172.1192 354.253
171.3067 349.822
171.0927 346.058
171.5268 342.83
172.5064 340.23
173.9627 338.284
175.7988 337.287
178.1326 336.747
181.0335 336.568
184.1579 337.54
187.4798 339.201
190.8051 341.381
193.9259 344.161
196.7108 347.559
199.2182 351.262
201.4879 355.358
203.5921 359.525
205.5005 363.609
207.2564 367.04
208.8437 370.852
210.1577 374.751
211.2487 378.672
212.2768 382.041
213.0653 385.333
213.6719 388.823
214.1313 391.601
214.3381 393.399
214.2746 395.024
214.0504 396.22
213.7091 397.201
213.3914 397.466
212.9198 397.467
212.3313 397.02
211.7348 395.789
211.1413 394.09
210.6562 391.696
210.1842 388.664
209.7202 384.518
209.2006 379.235
208.6555 373.311
208.1322 366.436
207.55 359.087
206.9386 351.429
206.3718 343.19
205.8874 334.686
205.4054 326.322
205.197 318.479
205.4222 311.556
206.0302 305.508
206.8534 300.234
207.9191 295.26
209.0009 291.675
210.2999 288.286
211.5833 286.112
212.9422 284.373
214.4569 282.581
215.9505 281.558
217.3656 281.986
219.0161 282.175
220.5326 283.608
222.0594 284.981
223.4665 286.489
224.7243 288.195
225.8275 289.801
226.7908 291.414
227.5409 293.265
228.1042 294.981
228.5046 296.882
228.7307 298.798
228.7855 300.779
228.7666 302.468