236.1793 380.252
236.2685 382.144
236.2064 384.394
235.7239 386.408
234.899 388.672
233.741 390.906
232.3125 392.659
230.5144 393.643
228.3863 394.15
225.7806 394.448
222.9421 394.526
219.93 394.063
216.7936 393.002
213.5131 391.4
210.145 388.461
206.5279 385.54
202.9036 381.741
199.4321 377.256
196.2222 372.355
193.3447 367.326
190.9827 362.546
189.2383 357.846
187.9905 353.679
187.4154 349.517
187.4425 345.903
188.0064 343.022
189.2154 340.507
190.9604 338.536
193.3448 336.915
196.2483 335.789
199.5686 335.268
203.1481 335.367
206.762 336.225
210.1106 338.053
213.1201 340.386
215.7215 343.308
218.0217 346.855
220.1535 350.771
222.0479 354.711
223.7568 358.526
225.3116 362.235
226.705 365.304
227.907 368.566
229.0705 371.686
229.7269 374.461
230.3807 377.771
230.8879 380.37
231.2018 382.949
231.3137 385.689
231.3426 387.644
231.1649 389.614
230.9335 391.147
230.6045 392.709
230.3538 393.677
230.1015 394.028
229.8679 394.306
229.5799 394.336
229.2148 393.96
228.8939 393.149
228.6197 391.461
228.3801 389.117
228.1833 386.038
227.7846 382.206
227.3417 377.659
226.8302 372.29
226.2358 366.073
225.5721 359.129
224.8524 351.674
224.0651 343.759
223.4111 335.747
222.9616 327.648
222.7048 320.074
222.7459 313.147
223.1904 307.3
223.9561 302.487
224.8796 298.296
225.9546 294.738
226.9291 292.114
227.9885 289.811
229.2717 287.527
230.4366 286.006
231.65 284.72
232.8487 283.948
234.0544 283.5
235.4326 282.948
236.7783 282.653
238.1278 282.649
239.3141 283.204
240.52251 283.84
241.70514 284.548
242.85742 285.269
243.93749 286.092
245.01873 287.076
246.05035 288.242
247.23216 289.106
248.33788 290.318
249.291853 291.865
250.481922 293.303
251.67422 294.733
252.81615 296.392
253.9303 298.087
255.03569 299.736
256.12643 301.424
257.22704 302.97
258.25672 304.632
259.28753 306.361
260.2465 308.02
261.1313 309.982
261.9652 312.104
262.7057 314.008