255.51484 390.949
254.63697 392.251
253.30749 393.039
251.64053 393.575
249.622048 393.815
247.35046 393.768
244.80424 392.983
242.03858 392.604
239.1792 391.202
236.3069 389.377
233.3888 387.042
230.5684 384.11
227.9326 380.702
225.5194 377.081
223.3298 373.371
221.3462 369.473
219.554 365.779
218.0831 361.895
216.9696 358.067
216.2914 354.447
216.1537 351.218
216.5664 348.528
217.525 346.115
218.9147 344.01
220.6305 342.356
222.667 341.161
224.9749 340.284
227.3913 339.757
229.7865 339.778
232.0699 340.388
234.2518 341.484
236.3937 343.238
238.4724 345.453
240.46967 348.405
242.37936 351.732
244.125 355.288
245.71694 358.582
247.21911 361.803
248.5975 365.218
249.9406874 368.316
251.20402 371.303
252.40104 374.231
253.39745 376.743
254.24013 379.367
255.02087 381.77
255.71661 384.256
256.32794 386.134
256.85089 387.763
257.26843 389.207
257.69314 390.552
258.01849 391.42
258.32589 392.729
258.50718 393.435
258.65034 394.062
258.76078 394.737
258.87136 395.226
258.95283 395.822
259.01954 395.931
259.01654 395.949
258.89958 395.606
258.73206 395.01
258.61145 394.677
258.45906 394.558
258.37873 394.135
258.18797 393.798
257.87188 392.69
257.44277 391.649
256.85325 390.326
256.06448 388.506
255.38394 386.312
254.4844 384.13
253.58346 381.449
252.66324 378.907
251.73721 376.232
250.849023 373.172
249.9162638 370.161
248.96668 366.913
248.0706 363.187
247.22767 359.15
246.3355 354.925
245.45697 350.539
244.59669 345.968
243.78958 341.194
242.87652 336.759
241.97337 332.336
241.16026 327.933
240.52007 323.308
239.9301 318.931
239.5638 314.375
239.2274 310.06
238.9951 305.851
238.7455 301.776
238.5352 297.831
238.3038 294.345
238.1898 290.892
238.0412 288.051
238.1233 284.859
238.1965 282.379
238.4221 279.759
238.6755 277.391
239.054 274.883
239.4386 272.726
239.9293 270.392
240.4409 268.636
241.12358 266.842
241.89413 265.498
242.85435 264.329
243.98231 263.42
245.26713 262.828
246.72282 262.714
248.23791 262.927
249.727828 263.575
251.29607 264.166
252.76447 265.277
254.22625 266.438
255.60459 267.79
256.95171 269.369
258.29653 271.053
259.51973 272.732
260.5842 274.519
261.4229 276.489
262.0009 278.421
262.3473 280.301
262.4856 282.05