263.8931 398.401
263.176 400.591
262.3062 402.496
261.1759 404.112
259.80574 405.887
258.2185 407.641
256.25285 409.003
253.98182 410.214
251.62963 411.576
248.91192 412.605
245.97684 412.732
243.05286 412.868
239.9574 411.748
236.9033 410.62
233.7917 409.544
230.692 408.06
227.6016 406.183
224.513 403.714
221.5226 400.446
218.6432 396.995
215.8912 393.506
213.2535 390.009
210.8413 386.378
208.7161 382.638
207.0031 378.6
205.582 374.674
204.46 371.121
203.7789 367.383
203.4327 363.945
203.4012 360.439
203.7225 356.973
204.4108 353.659
205.4044 350.789
206.7642 348.336
208.3672 346.284
209.992 344.525
211.4597 343.226
212.9096 342.116
214.4199 341.35
215.975 341.216
217.5438 341.155
219.1281 341.303
220.7723 341.793
222.5006 342.854
224.3509 344.412
226.3015 346.143
228.3729 348.077
230.4143 350.094
232.35 352.533
234.1853 354.85
235.8373 357.394
237.3323 360.116
238.8246 362.714
240.26895 365.19
241.67032 368.06
243.17741 370.766
244.44878 373.838
245.75919 376.536
246.90667 378.988
247.9177 381.552
248.72371 384.14
249.296887 386.322
249.790286 388.824
250.212204 391.188
250.578201 392.933
250.983917 394.635
251.43432 396.479
251.92304 397.483
252.42475 398.874
252.9037 400.503
253.25084 401.891
253.46281 402.743
253.50002 403.34
253.50466 404.409
253.38786 404.987
253.20908 405.26
252.88638 405.344
252.54349 405.548
252.22244 405.752
251.81513 405.143
251.37375 404.703
251.03442 403.975
250.74242 402.945
250.403957 401.629
250.0968634 400.165
249.776348 398.033
249.43953 395.395
249.021526 392.895
248.54148 390.114
247.87996 387.513
247.29235 384.373
246.76316 380.76
246.29922 376.914
245.74973 373.008
245.07848 368.734
244.30374 364
243.43971 359.332
242.57166 354.855
241.71677 350.477
240.85334 345.91
239.83 341.349
238.7394 336.904
237.7715 332.325
236.8714 327.421
235.8547 322.402
234.8174 317.097
233.7873 311.742
232.7781 306.508
231.8134 301.714
231.0059 297.304
230.4683 292.945
230.0462 288.933
229.7929 285.048
229.5894 281.289
229.5148 277.489
229.4793 273.785
229.5176 270.223
229.7816 266.709
230.6337 263.113
231.7808 260.36
233.1629 258.404
234.7595 257.106
236.4855 256.45
238.3128 256.069
240.16768 256.098
242.03945 256.552
243.9845 257.297
245.90357 258.304
247.85513 259.605
249.498709 261.36
251.0701 263.249
252.69591 264.957
254.04303 266.899
255.17678 268.86
256.09081 270.87
256.79194 272.752