228.9158 393.234
229.1543 393.094
229.3288 392.467
229.4438 391.381
229.4664 389.584
229.4318 387.702
229.2805 385.828
229.2438 382.663
229.0828 379.164
228.9439 375.216
228.7844 370.676
228.6316 365.444
228.453 359.756
228.1795 353.582
227.7385 347.293
227.2312 341.089
226.637 335.324
226.128 329.535
225.564 324.42
224.8399 320.275
224.1481 316.387
223.5726 312.644
222.9743 309.75
222.3381 307.868
221.6917 306.695
221.0628 306.19
220.4554 306.383
219.9178 307.214
219.3946 308.858
218.9952 311.1
218.6996 314.106
218.6359 317.282
218.7408 320.704
218.9392 324.707
219.2606 328.722
219.7548 332.566
220.3555 336.785
221.1295 341.216
222.063 345.641
223.129 349.889
224.2652 354.378
225.5295 358.738
226.9255 363.096
228.537 367.154
230.3221 370.694
232.3202 373.957
234.5638 376.886
236.9527 379.308
239.5814 381.457
242.10886 383.292
244.65042 384.635
247.40843 386.44
249.791941 387.461
252.44766 388.303
254.98296 389.159
257.46825 389.456
259.8275 389.532
262.063 389.373
263.9014 389.066
265.7565 388.394
267.4553 388.259
268.9613 387.631
270.3465 386.83
271.6285 386.615
272.7534 386.212
273.9826 385.735
274.4833 385.171
274.8283 384.715
275.0352 384.795
274.9972 384.918
274.7819 385.003
274.4281 385.144
273.9777 385.659
273.4556 386.379
272.9436 386.825
272.6255 386.857