240.63213 384.353
240.51302 383.786
240.44083 382.881
240.44346 382.097
240.45179 381.025
240.51836 379.788
240.50131 378.154
240.58608 376.094
240.7333 373.601
240.88085 370.723
240.99332 367.306
241.06821 363.335
241.09464 358.996
241.07001 354.562
241.02191 349.718
240.94105 345.039
240.89244 340.179
240.95055 335.08
240.81753 330.383
240.67986 325.589
240.3745 320.815
240.08419 316.224
239.7031 312.085
239.3275 308.333
238.7979 305.248
238.3192 302.733
237.8673 300.812
237.4108 299.487
237.0945 298.573
236.673 298.466
236.2047 298.893
235.7085 299.902
235.4101 301.115
235.2108 302.813
235.1142 304.844
235.2231 307.307
235.4091 310.081
235.6805 313.155
236.0366 316.274
236.4514 319.534
236.8954 323.276
237.3364 327.059
237.7794 330.549
238.3651 333.976
238.8868 337.662
239.3842 341.542
239.9696 345.527
240.5624 349.249
241.236 352.7
241.99512 356.176
242.79025 359.309
243.60039 362.39
244.59382 365.289
245.59542 367.709
246.6467 370.125
247.75021 372.44
249.024743 374.689
250.351017 376.349
251.82757 378.186
253.60945 379.833
255.33988 381.556
256.82801 382.643
258.41259 383.258
260.107 383.661
261.9683 384.38
264.113 384.913
265.9504 384.751
267.7934 384.394
269.7197 384.306
271.467 383.798
273.2093 383.351
274.7655 383.118
276.1871 383.419
277.5182 383.447
278.6539 383.219
279.5514 382.833
280.3445 382.744
281.0347 382.828
281.6395 382.738
282.1842 382.803
282.5592 382.752
282.8837 382.776
283.0898 382.912
283.2464 382.919
283.3961 383.084