214.5034 302.971
215.0351 302.719
215.7094 302.359
216.4998 302.115
217.4751 301.933
218.6438 302.043
220.022 302.336
221.6179 302.899
223.4252 303.59
225.3903 304.374
227.4385 305.421
229.4988 306.817
231.5638 308.422
233.6801 310.213
235.8367 312.088
238.0158 314.164
240.13636 316.632
242.24269 319.363
244.24127 322.18
245.93924 325.035
247.39471 328.058
248.73949 330.9
249.80584 334.081
250.610018 337.376
251.22934 340.892
251.59553 344.283
251.83357 347.329
252.02472 350.288
252.22527 353.113
252.36861 355.874
252.42257 358.316
252.38424 360.292
252.2342 361.996
251.91915 363.832
251.28135 365.535
250.676877 366.593
250.143908 367.332
249.64845 367.515
249.238914 368.034
248.96175 368.265
248.99869 368.317
249.242721 368.509
249.80247 369.108
250.668734 369.57
251.89015 369.869
253.31076 369.989
254.83974 370.711
256.37968 371.273
257.9201 371.799
259.47339 371.917
261.0974 372.748
262.6939 373.1
264.1559 373.187
265.4988 373.559
266.6671 373.496
267.6675 373.492
268.4061 373.286
268.8688 372.684
269.0254 371.997
268.8157 370.607
268.3863 369.123
267.8374 367.39
266.9978 364.84
265.9753 361.773
264.8787 358.419
263.6702 354.765
262.4493 351.255
261.2536 347.555
260.2969 344.381
259.55173 341.53
259.00133 338.628
258.32262 336.495
257.69599 334.068
257.43355 331.291
257.18808 329.076
257.08302 327.207
257.04887 325.362
257.04313 323.648
257.15139 322.092
257.51287 320.448
257.80058 319.229
258.18543 318.23
258.73968 317.718
259.45308 317.117
260.2666 316.759
261.1726 316.485
262.031 316.491
262.8904 316.82
263.7384 316.976
264.5605 317.342
265.3801 317.953
266.1356 318.6
266.7973 319.176
267.408 320.15
268.1076 320.75
268.3444 321.696
268.5211 322.532