212.2297 392.174
212.2315 392.437
212.4566 392.371
212.8783 392.465
213.5096 392.575
214.4961 391.833
215.6492 391.589
217.0293 390.927
218.6795 389.767
220.5697 388.277
222.6969 386.514
224.9407 384.479
227.2619 382.027
229.4814 379.059
231.3708 375.826
232.9393 372.055
234.2206 368.222
235.322 364.045
236.2685 359.618
237.0947 355.191
237.7966 350.537
238.403 345.421
238.8411 340.388
238.9805 335.604
239.0332 330.715
239.0711 325.83
239.0204 321.047
238.8613 316.334
238.699 311.862
238.5906 307.553
238.5331 303.407
238.4923 299.468
238.4076 296.055
238.4135 292.836
238.4362 290.165
238.4789 288.023
238.4845 286.515
238.4275 285.626
238.3698 285.274
238.3534 285.319
238.3075 286.013
238.2654 287.092
238.2686 288.503
238.2943 290.394
238.3409 292.57
238.5123 294.765
238.6476 297.497
238.7716 300.487
238.957 303.813
239.1468 307.471
239.3451 311.116
239.5187 314.822
239.6774 318.526
239.9278 322.1
240.21263 325.546
240.55299 329.043
240.96702 332.724
241.47214 336.278
242.13582 339.859
242.91168 343.421
243.74879 346.893
244.62384 350.328
245.51285 353.481
246.4778 356.35
247.54218 359.376
248.73271 361.946
250.0756799 364.46
251.549 367.053
253.16123 369.326
254.91955 371.51
256.6265 373.56
258.50944 375.348
260.5602 377.121
262.5244 379.042
264.4876 380.578
266.6002 381.825
268.4286 382.666
270.4611 383.819
272.1366 383.899
273.9446 384.127
275.6413 384.05
277.3101 383.985
278.7906 383.93
280.1857 383.831
281.3659 383.287
282.3004 382.718
282.9974 382.175
283.5045 381.811
283.703 381.224
284.0238 380.804
283.9316 380.8
283.7594 380.839
283.5568 380.997
283.3798 381.211
283.2206 381.351