226.0536 355.982
227.2754 355.981
228.5887 355.737
229.9333 355.188
231.2293 354.344
232.4743 353.032
233.6076 351.511
234.6838 349.372
235.6366 346.93
236.5283 344.214
237.321 341.196
237.975 337.854
238.5645 334.26
239.0091 330.87
239.4225 327.064
239.7545 322.989
239.9405 318.927
239.9944 314.735
239.9775 310.601
239.8802 306.497
239.7304 302.404
239.5118 298.54
239.2811 294.877
239.0368 291.68
238.8753 288.616
238.765 285.87
238.7247 283.396
238.705 281.258
238.6844 279.506
238.6014 278.258
238.468 277.572
238.3159 277.187
238.1796 277.112
238.0546 277.456
237.9557 278.306
237.907 279.597
237.9627 281.211
238.0378 283.257
238.1941 285.327
238.361 287.757
238.5867 290.459
238.9069 293.305
239.2851 296.264
239.761 299.342
240.30432 302.46
240.86692 305.617
241.39854 309.194
241.92989 312.784
242.51636 316.211
243.16112 319.675
243.84464 323.217
244.66535 326.269
245.49913 329.486
246.39113 332.738
247.38419 335.95
248.46199 339.248
249.696989 342.476
251.1068 345.821
252.68161 348.704
254.44952 351.663
256.3778 354.476
258.47357 356.804
260.7591 359.146
263.1688 361.506
265.6812 363.294
268.458 364.736
271.5546 365.98
274.7312 366.84
277.8153 367.74
280.7529 368.686
283.4513 369.285
285.8958 369.505
288.2205 369.707
290.417 369.806
292.5392 369.89
294.5291 369.739
296.5737 369.728
298.4794 369.543
300.2556 368.799
301.9316 368.695
303.4553 368.134
304.8704 367.797
306.14 367.518
307.3245 367.24
308.403 367.426
309.2229 367.484
309.7666 367.953
310.0633 368.447
310.2452 369.347
310.2297 369.753
310.1608 370.246
310.0627 370.798