279.6482 374.099
279.494 374.308
279.1765 374.598
278.7934 374.897
278.205 375.049
277.4819 375.359
276.5915 375.72
275.5727 375.887
274.3148 375.334
272.9427 375.171
271.3869 374.985
269.5085 374.41
267.3276 373.62
264.9329 372.824
262.3283 371.791
259.52009 370.472
256.47603 368.812
253.28866 367.041
250.122513 365.274
247.0765 363.229
244.26768 360.93
241.66864 358.679
239.289 356.286
237.1392 353.962
235.1496 351.895
233.4038 349.745
231.8867 348.101
230.6128 346.557
229.6476 345.12
229.0596 343.682
228.8743 342.427
229.1592 341.355
229.924 340.362
231.0456 339.822
232.4994 339.239
234.2122 338.675
236.1769 338.307
238.3995 338.088
240.86658 338.185
243.55438 338.097
246.38313 338.058
249.367544 338.018
252.5126 337.968
255.7779 337.819
259.02063 337.49
262.2748 337.34
265.4223 337.113
268.3434 336.723
271.1527 336.055
273.7501 335.364
276.1857 334.527
278.3536 333.663
280.2802 332.686
281.9433 331.376
283.3719 329.865
284.54 328.51
285.4248 326.939
286.0276 325.223
286.3904 323.284
286.5835 321.573
286.5484 319.606
286.241 317.624
285.7351 315.595
285.0326 313.535
284.0955 311.5
282.9105 309.474
281.3709 307.592
279.6534 305.641
277.7936 303.611
275.7693 301.653
273.5752 299.722
271.1972 297.933
268.6662 296.136
265.9662 294.385
263.2234 292.847
260.34 291.497
257.38572 290.373
254.40486 289.472
251.4696 288.765
248.6552 288.143
245.98354 287.894
243.47337 287.913
241.1534 287.955
239.0111 288.244
237.1252 288.419
235.398 289.047
233.967 289.575
232.8256 290.207
232.0122 290.999
231.4968 291.943
231.2866 292.878
231.3378 293.821
231.6285 294.789
232.1109 295.841
232.7456 296.821
233.4824 297.797