297.339 399.599
296.7037 399.148
295.7811 398.452
294.7645 398.095
293.5913 397.872
292.218 397.202
290.6871 396.915
289.0456 396.519
287.2728 396.436
285.107 395.846
282.6981 395.725
280.0138 395.085
277.2022 394.395
274.3416 393.831
271.5365 393.533
268.6733 392.932
265.6083 391.846
262.4582 390.702
259.27581 389.587
255.98916 388.235
252.61617 387.061
249.189881 385.991
245.7281 384.667
242.36067 382.984
238.9702 381.174
235.8994 379.483
232.8166 377.599
229.7279 375.756
226.6756 373.729
223.6917 371.578
220.8429 369.487
217.9766 367.219
215.2816 365.075
212.8319 362.787
210.5267 361.138
208.5259 359.363
206.7039 357.665
205.0607 356.067
203.5971 354.435
202.3468 352.461
201.2049 350.632
200.3391 348.583
199.7337 346.701
199.398 344.679
199.2387 343.074
199.2292 341.761
199.4779 340.501
199.873 339.438
200.462 338.292
201.2608 337.013
202.2043 335.991
203.3559 335.11
204.8033 334.118
206.4731 333.301
208.3622 332.55
210.3791 332.126
212.5057 331.914
214.7749 331.654
217.1656 331.469
219.6831 331.308
222.3272 331.15
225.0934 331.067
227.9418 331.105
230.814 330.952
233.7582 331.152
236.8446 331.232
239.9417 331.263
242.92865 331.183
246.01997 331.036
249.086421 330.771
251.99347 330.491
254.93348 330.061
257.80366 329.591
260.6618 328.952
263.5355 328.377
266.3558 327.619
269.1892 326.91
271.9432 326.207
274.5554 325.477
277.032 324.527
279.4475 323.436
281.8464 322.452
284.1458 321.443
286.3961 320.407
288.5005 319.148
290.3178 317.731
291.9319 316.085
293.3855 314.412
294.6561 312.557
295.7349 310.731
296.4382 309.006
296.9713 307.141
297.299 304.993
297.4339 302.961
297.3634 300.821
297.1283 298.633
296.6393 296.368
295.9612 294.021
295.1391 291.714
294.1306 289.373
292.9533 287.058
291.6102 284.746
290.1184 282.578
288.4226 280.436
286.4371 278.534
284.2945 276.633
281.9479 274.787
279.3943 272.982
276.6077 271.311
273.5963 269.716
270.3923 268.22
267.0379 266.771
263.5178 265.349
259.89149 263.965
256.1539 262.785
252.36834 261.701
248.5701 260.732
244.82656 259.87
241.13858 259.195
237.5304 258.751
234.0261 258.35
230.6436 258.152
227.3753 258.003
224.269 257.945
221.3725 258.006
218.6892 258.23
216.2599 258.48
214.0565 258.85
212.0924 259.32
210.3901 259.823
208.9437 260.403
207.7805 261.048
206.9172 261.742
206.3404 262.457
206.0509 263.218
206.0524 263.915
206.2822 264.632
206.6937 265.401