296.0749 391.541
294.9695 391.342
293.6056 391.012
291.9873 390.697
290.1576 390.346
288.167 390.146
285.9886 389.708
283.6259 389.02
281.0325 388.287
278.2478 387.278
275.4121 385.583
272.5777 383.677
269.8965 381.555
267.4177 379.208
265.2019 377.386
263.1899 375.405
261.3435 373.381
259.65651 371.268
258.4389 369.66
257.47331 368.046
256.92608 366.483
256.74341 364.941
256.91185 363.816
257.37723 362.978
258.17762 362.248
259.26615 361.668
260.6917 361.732
262.451 361.759
264.5327 362.021
266.853 362.228
269.4938 362.334
272.3345 362.298
275.4075 362.127
278.6849 361.731
282.0903 361.21
285.4451 361.252
288.4992 360.835
291.185 360.306
293.4394 359.373
295.4087 358.327
297.1057 357.078
298.4517 355.883
299.3471 354.641
299.8864 353.161
300.1222 351.803
299.7929 350.141
299.0272 348.32
297.777 346.351
295.998 344.224
293.6057 341.997
290.8787 339.435
287.8334 336.451
284.5074 332.973
281.1027 329.812
277.819 326.982
274.7084 324.368
271.7217 322.173
268.8136 320.184
266.0065 318.542
263.3462 317.293
260.8209 316.021
258.48153 315.164
256.36068 314.605
254.46575 314.229
252.8703 313.937
251.57453 313.964
250.632546 313.968
250.000785706 314.048
249.662042 314.18
249.591611 314.328
249.766606 314.64
250.134683 314.893
250.621519 315.327