245.93107 303.281
247.63425 303.317
249.409023 303.769
251.3127 304.374
253.31367 305.526
255.4396 307.181
257.66239 309.196
259.8889 311.75
262.0899 314.852
264.2773 318.444
266.4602 322.165
268.6989 326.322
270.7761 330.738
272.6706 335.283
274.4916 340.085
276.2308 344.958
277.9261 349.953
279.457 354.716
280.8543 359.185
282.0422 363.828
282.9293 368.167
283.5737 372.304
283.9701 375.871
284.1926 378.965
284.3477 381.407
284.6072 383.674
284.5751 384.849
284.5018 385.533
284.4228 385.755
284.4113 385.523
284.3648 384.872
284.6482 383.89
285.3043 382.309
286.2643 380.209
287.7913 377.701
289.1827 371.954
294.6663 360.449
298.5811 351.702
301.2673 344.903
303.381 339.356
304.9724 334.703
306.0139 330.145
306.5089 326.13
306.4592 322.695
305.7372 319.227
304.512 315.962
302.7829 313.139
300.586 310.647
298.0198 308.666
295.0276 306.776
291.8346 305.069
288.4729 303.705
285.0598 302.441
281.6032 301.46
278.0906 300.613
274.6182 299.804
271.3106 299.489
268.1642 299.452
265.4872 299.528
263.3084 299.575
261.542 299.908
260.2252 300.372
259.38061 300.827
259.05343 301.245
259.26716 301.642
259.91528 302.058
261.0601 302.473
262.5842 302.312
264.5793 302.144
267.0363 302.078
269.9092 301.645
273.1378 301.049
276.5724 300.816
280.4503 301.104
284.5411 301.785
288.9581 302.572
293.2564 303.668
297.2967 305.149
300.8554 306.65
304.093 308.731
306.9386 310.934
309.512 313.364
311.8083 316.033
313.8372 318.501
315.4096 321.288
316.3192 323.764
316.8393 326.222
316.9643 328.336
316.8171 330.308
316.4805 331.88
316.2745 333.312
315.8512 334.591
315.0919 335.911