230.987 305.319
231.5679 304.566
232.3408 303.946
233.4111 303.501
234.8219 303.496
236.6291 303.636
238.7805 304.251
241.22154 305.137
243.79781 306.398
246.40774 307.927
249.036276 309.916
251.61767 312.278
254.0865 315.056
256.32546 318.279
258.31523 321.843
260.1056 325.634
261.9109 329.513
263.6205 333.438
265.1092 337.305
266.3994 341.238
267.3691 344.856
268.0778 348.301
268.5677 351.654
268.816 354.617
268.8505 357.45
268.7175 360.119
268.4696 362.495
268.1025 364.351
267.7026 366.027
267.3247 367.319
267.0389 368.042
266.6813 368.21
266.1127 367.781
265.8212 366.982
265.7692 365.909
266.1185 364.475
266.9089 362.619
268.0104 360.284
269.4757 357.7
271.2893 354.613
273.2541 351.359
275.2682 347.919
276.9308 344.595
278.5211 340.959
279.9965 337.259
281.4204 333.617
282.6935 330.063
283.7974 326.443
284.6164 322.944
285.199 319.506
285.486 316.135
285.4904 312.963
285.2173 309.95
284.4616 307.27
283.4556 304.964
282.2045 302.943
280.7704 301.321
279.1886 300.047
277.4823 299.144
275.6535 298.461
273.7682 298.016
271.8082 297.724
269.7918 297.555
267.7481 297.539
265.663 297.753
263.6683 297.964
261.5245 298.482
259.49928 298.954
257.49145 299.495
255.58846 300.07
253.908 300.571
252.47896 301.001
251.40232 301.369
250.728082 301.641
250.507158 301.988
250.796997 302.385
251.65821 302.665
252.98212 302.857
254.73088 303.194
256.89336 303.396
259.39766 303.362
262.1829 303.279
264.9612 303.267
267.9657 303.03
270.787 303.064
273.638 302.961
276.474 303.074
279.3536 303.409
282.3416 303.526
285.2408 303.927
288.001 304.404
290.6994 305.265
293.2359 306.057
295.6422 307.291
297.6924 308.344
299.5474 309.717
301.0325 311.097
302.2473 312.599
303.2724 314.391
304.1053 316.14
304.7334 317.783
305.257 319.298
305.5967 320.83
305.7657 322.263