254.89461 402.1
255.72494 403.67
256.68072 403.871
257.90547 403.753
259.27179 402.131
260.7845 399.224
262.407 395.066
264.1385 389.178
266.301 382.048
268.7996 373.4
271.2496 363.487
273.0478 352.308
274.2988 339.937
274.9175 327.011
274.7077 314.35
274.277 302.808
273.6589 293.523
273.3033 286.451
273.0554 281.372
272.7653 277.934
272.3012 275.669
271.6192 274.685
270.9032 274.746
269.6134 276.266
268.0915 278.684
266.0072 282.029
263.4191 286.049
260.4189 290.597
257.12078 295.367
253.61214 299.934
249.751935 304.572
245.66175 309.253
241.48257 313.779
237.3309 318.068
233.4265 322.074
229.6588 325.902
226.1427 329.21
222.9985 332.095
220.3948 334.439
218.5536 336.357
217.705 337.803
217.8304 338.998
218.956 340.055
221.1284 340.879
224.2138 341.891
228.1356 342.781
232.6219 344.083
237.6482 345.464
242.93325 346.613
248.22674 347.898
253.30021 348.99
257.93943 349.922
262.2191 350.854
266.2026 351.751
269.8813 352.701
273.1904 353.243
276.1435 353.981
278.7436 354.715
280.879 355.401
282.5993 356.07
284.0067 356.66
284.9972 357.018
285.6144 357.167
285.8956 357.345
285.9307 357.427
285.6673 357.211
285.319 357.249
284.8411 357.075
284.2865 356.819
283.8108 356.871
283.2782 356.611