258.48281 387.72
258.43672 391.067
258.43795 394.177
258.4425 397.459
258.51893 400.135
258.75977 402.498
258.97496 403.903
259.24405 404.971
259.45752 405.204
259.75423 405.078
260.115 404.125
260.5291 402.156
261.172 399.769
261.905 396.532
262.8543 391.963
263.5848 386.01
264.2636 378.757
264.7122 370.367
264.8524 360.726
264.5045 350.248
264.2361 339.315
263.9401 328.136
263.4764 317.553
263.0247 307.644
262.4365 298.705
261.7808 291.203
260.9952 285.371
260.3544 280.871
259.84536 277.805
259.43325 275.689
259.01625 274.639
258.50442 274.503
257.80401 275.329
256.86175 276.893
255.84461 279.019
254.43587 281.904
252.78606 285.242
251.02147 288.878
249.308919 292.671
247.63123 296.526
246.13829 300.13
244.55052 303.933
242.91696 307.875
241.27019 311.895
239.6138 316.197
237.9034 320.654
236.3265 324.754
234.7193 328.702
233.2296 331.993
232.036 334.991
231.3018 337.315
231.036 339.061
231.2496 340.635
231.9259 341.958
233.0831 343.045
234.6399 343.739
236.541 344.572
238.7043 345.116
241.07384 345.406
243.76107 345.511
246.84596 345.513
250.352056 345.576
254.30322 345.603
258.63458 345.224
263.2181 344.998
267.7677 344.608
272.5127 344.031
277.1785 343.802
281.1291 343.751
284.8266 343.584
288.0526 343.675
290.8045 344.068
293.2355 344.632
295.4202 345.15
297.3698 345.869
298.9442 346.492
300.101 346.952
300.8846 347.499
301.3535 348.285
301.4862 348.75