259.40241 345.182
260.3348 350.922
261.2637 356.792
262.2068 362.581
262.9427 368.221
263.7012 373.459
264.5998 378.332
265.3075 382.674
265.8045 386.561
266.0574 389.498
266.267 391.414
266.5041 392.657
266.7279 392.899
266.9798 392.467
267.1393 390.682
267.3434 387.677
267.707 383.643
267.9117 378.426
268.2793 372.388
268.6392 364.961
268.9057 355.989
269.0015 345.794
269.0409 334.483
268.8218 322.449
268.5955 310.036
268.0304 297.793
267.3749 286.017
266.4181 275.248
265.4063 265.543
264.3806 257.075
263.2959 250.313
262.3957 245.043
261.8223 241.118
261.4966 238.373
261.2714 236.601
261.039 235.717
260.77 235.608
260.4687 236.239
260.0874 237.671
259.62404 239.942
259.25323 242.662
258.7276 246.031
258.01352 249.989
257.08219 254.392
256.07523 258.923
254.84877 263.838
253.42192 269.115
251.8927 274.652
250.00891808 280.482
247.81492 286.64
245.38878 292.833
242.87466 298.748
240.16492 304.312
237.3642 309.66
234.6089 314.439
231.9685 318.464
229.4473 321.987
227.2429 324.958
225.3062 327.518
223.7436 329.654
222.6592 331.377
222.1364 332.621
222.1874 333.491
222.8005 334.272
224.0981 334.885
226.1157 335.259
228.9256 335.739
232.6537 336.014
237.3407 336.186
242.80601 336.318
248.8103 336.401
254.8251 336.502
260.95 336.707
266.9661 336.792
272.7818 337.076
278.5723 337.422
283.5115 337.932
288.4182 338.477
292.5468 338.933
296.5582 339.334
299.9767 339.814
302.9072 339.917
304.9834 340.262
307.0871 340.309
308.8774 340.96
310.1498 341.32