260.772 376.039
261.6461 380.479
262.2985 384.664
262.91 388.672
263.4852 391.971
264.1175 394.479
264.6764 396.126
265.2575 396.923
265.726 397.097
266.1743 395.987
266.7797 393.244
267.1435 389.055
267.7019 384.003
268.336 377.099
268.905 369.216
269.3544 360.194
269.4335 349.824
268.9293 338.385
268.1528 326.237
267.4081 313.704
266.6998 301.188
265.8184 289.212
264.9314 277.901
263.8784 267.622
262.8492 258.367
261.8701 250.567
261.1006 244.236
260.5044 239.195
259.97462 235.323
259.4612 232.499
258.91714 230.84
258.36127 230.369
257.88139 230.871
257.28284 232.563
256.65968 235.154
255.96362 238.643
255.33501 242.698
254.56254 247.435
253.61774 252.702
252.61815 258.119
251.45588 263.87
250.207072 269.911
249.034107 276.071
247.72748 282.43
246.24163 288.896
244.66017 295.288
242.86303 301.447
240.959 307.309
238.9923 312.762
237.0113 317.591
235.2208 321.96
233.5091 325.843
231.9585 329.268
230.6655 332.256
229.6598 334.979
229.0149 337.069
228.7235 338.596
228.8745 339.66
229.4801 340.137
230.7142 340.374
232.6691 340.351
235.467 340.028
239.1432 339.489
243.44255 338.988
248.75631 338.431
254.38798 338.024
260.4171 337.705
266.7372 337.762
272.5334 337.744
278.1878 338.079
283.9896 338.441
288.9856 338.874
294.0676 339.293
298.8124 340.122
302.9313 340.521
306.4722 340.794
309.72 341.363
312.3781 341.77
314.7175 342.221
316.6092 342.732
317.8694 343.222
318.8131 343.791
319.5946 344.579
319.9684 345.158
320.029 345.265