273.8386 390.195
274.237 391.169
274.689 391.938
275.0869 392.371
275.4721 392.242
275.5872 391.493
276.0467 390.579
276.4043 388.826
276.4433 386.103
276.8255 382.908
277.2567 378.997
277.8801 374.106
278.7544 368.605
279.7208 362.043
280.824 354.624
281.6401 346.623
282.3244 338.284
282.7995 329.508
282.7708 320.326
282.5859 310.993
282.2629 301.833
281.6626 293.398
281.1047 285.723
280.5665 278.965
280.0069 273.357
279.2344 268.908
278.4602 265.357
277.6941 262.589
276.8894 260.737
276.0192 259.796
275.062 259.732
273.9926 260.611
272.8229 262.129
271.6667 264.15
270.3734 266.79
268.9656 269.909
267.3968 273.479
265.677 277.421
263.9066 281.513
261.8748 285.89
259.57429 290.44
256.99576 295.044
254.25006 299.716
251.28591 304.318
248.15487 308.959
244.94383 313.506
241.79796 317.576
238.7631 321.344
236.0194 324.628
233.448 327.673
231.1134 330.336
228.9966 332.793
227.1905 334.863
225.7156 336.731
224.6382 338.599
223.9585 340.205
223.698 341.518
223.9367 342.382
224.6926 342.982
225.9612 343.442
227.7061 343.828
229.9449 343.967
232.7274 344.125
236.1076 344.207
240.1376 344.055
244.80256 343.811
250.0532965 343.764
255.50453 343.961
261.4477 344.293
267.7756 344.258
273.771 344.494
279.9342 344.872
285.7475 345.203
290.9881 345.877
296.0508 346.363
301.087 346.488
305.7849 346.505
310.0693 346.748
313.992 347.104
317.4285 347.382
320.5123 347.725
323.142 347.89
325.5285 348.53
327.5208 349.232
328.9816 349.52
330.014 349.607
330.8611 349.884
331.3008 349.972