235.6582 300.004
236.0795 298.997
236.5663 298.065
237.1736 297.076
237.8702 296.148
238.6711 295.504
239.5471 295.365
240.46764 295.79
241.42061 296.853
242.38344 298.496
243.32441 300.597
244.24595 302.961
245.12321 305.463
245.93249 308.062
246.64471 310.675
247.22366 313.35
247.67049 315.728
247.97559 317.717
248.14377 319.155
248.19296 320.183
248.08715 320.513
247.87138 320.216
247.58866 319.308
247.26671 317.836
246.93922 315.827
246.54665 313.255
246.06394 310.024
245.51113 306.152
244.91623 301.542
244.2084 296.648
243.43623 291.334
242.65828 285.998
241.99789 280.723
241.5866 275.866
241.44556 272.178
241.58969 269.115
241.99344 266.513
242.61993 264.397
243.48185 262.639
244.53079 261.357
245.77563 260.353
247.16809 259.744
248.61569 259.591
250.0871262 259.826
251.52734 260.844
252.95412 262.475
254.32281 264.739
255.66825 267.351
257.07739 270.013
258.39033 273.055
259.78823 276.025
261.1392 279.123
262.4193 282.447
263.5429 286.02
264.5132 289.627
265.4239 293.187
266.205 296.739
266.93 300.103
267.7398 303.028
268.4538 305.713
269.0768 308.23
269.6585 310.648
270.1803 312.67
270.6473 314.479
271.098 315.97
271.4709 316.91
271.7318 317.65
271.9258 318.007
271.9948 317.707
271.9689 317.113
271.8874 316.161
271.7805 314.931
271.6006 313.507
271.3725 311.834
271.1522 309.939
270.7894 307.726
270.4946 305.017
270.2364 301.579
270.0641 297.66
269.957 293.29
269.8533 288.545
269.6661 283.852
269.5529 279.251
269.6161 274.944
269.889 271.278
270.4045 268.373
271.1399 266.216
272.0793 264.63
273.1657 263.445
274.3168 262.618
275.5016 262.244
276.662 262.133
277.8027 262.304
278.9106 262.676
279.918 263.389
280.8318 264.375
281.6884 265.404
282.4364 266.544