226.4469 336.736
226.7616 335.479
227.2365 334.352
227.9726 333.081
228.947 332.265
230.1754 331.719
231.6535 331.45
233.3124 331.439
235.0889 331.958
236.8199 333.019
238.4851 334.552
240.00582 336.477
241.45973 338.764
242.85058 341.447
244.10127 344.607
245.24506 347.967
246.27005 351.415
247.15922 354.508
247.93696 357.43
248.48453 359.805
248.8821 361.787
249.030362 363.202
249.029008 364.097
248.89565 364.443
248.30493 364.584
247.53571 364.15
246.70026 363.494
245.7806 362.183
244.85257 360.35
243.87978 358.125
242.8465 355.559
241.83842 352.355
240.77557 348.819
239.692 344.887
238.6246 340.361
237.4896 335.742
236.4653 330.91
235.5297 325.988
234.7505 320.805
234.0827 315.578
233.5575 310.204
233.1266 304.747
232.775 299.895
232.7004 295.413
232.9868 291.297
233.6542 287.651
234.6657 284.455
236.0155 281.84
237.6364 280.031
239.4836 278.869
241.43316 278.546
243.42565 278.843
245.43157 279.729
247.46266 281.19
249.46323 283.38
251.50175 285.99
253.54479 288.867
255.52318 292.081
257.40722 295.61
259.18685 299.325
261.0304 302.951
262.7243 306.764
264.296 310.673
265.703 314.692
266.9842 318.59
268.0929 322.536
269.0974 326.187
269.9851 329.795
270.721 333.015
271.5742 336.181
272.2586 339.421
272.7915 342.445
273.221 345.16
273.5839 347.573
273.8545 349.485
274.0584 350.987
274.1815 351.751
274.2216 352.191
274.1994 352.162
274.0774 351.609
273.9978 350.742
273.8611 349.728
273.6056 348.44
273.2958 346.615
272.8505 344.278
272.4125 341.463
271.9518 337.999
271.3967 333.985
270.6489 329.64
269.7532 324.969
268.7986 320.046
267.785 315.056
266.7557 310.367
266.0116 306.025
265.6525 302.036
265.624 298.57
265.8543 295.457
266.3527 292.599
267.0599 289.902
267.8804 287.6
268.7857 285.675
269.7515 283.944
270.7175 282.421
271.6429 281.313
272.5695 280.429
273.5405 279.935
274.4939 279.816
275.3935 280.003
276.2556 280.516
277.1295 281.304
277.9885 282.179
278.8007 283.174
279.5046 284.438