255.59199 370.732
255.49306 370.39
255.27841 370.106
255.05883 369.999
254.87201 369.913
254.68659 369.528
254.50798 369.004
254.32038 368.478
254.13604 367.646
253.9437 366.632
253.73137 365.763
253.52673 364.757
253.35853 363.475
253.19196 361.483
252.97088 359.381
252.75261 357.042
252.49325 354.475
252.18441 351.563
251.97885 348.513
251.8911 345.456
251.94053 342.557
252.15119 339.716
252.51463 336.932
253.04046 334.379
253.59816 331.98
254.2537 329.46
254.96401 326.668
255.77475 324.128
256.68911 321.833
257.71706 319.734
258.86259 317.816
260.1426 316.14
261.532 314.883
262.9713 314.056
264.4791 313.419
266.0318 313.111
267.5806 313.003
269.1656 312.954
270.7925 313.382
272.4331 313.973
274.0777 314.413
275.7807 315.305
277.4455 316.39
279.1101 317.453
280.688 318.653
282.2287 320.095
283.6751 321.689
285.0184 323.358
286.2482 325.172
287.3985 327.199
288.4566 329.291
289.431 331.465
290.2687 333.399
291.2002 335.175
291.7771 337.171
292.5381 339.011
293.2248 341.072
293.7761 343.069
294.2566 345.155
294.643 347.218
294.9804 349.343
295.3166 351.513
295.7455 353.652
296.135 355.771
296.5926 357.879
297.0025 360.048
297.3409 362.017
297.6751 363.939
297.9055 365.555
298.1431 367.495
298.335 369.417
298.383 370.472
298.4863 371.655
298.5456 372.931
298.5881 373.931
298.6443 374.973
298.7204 375.974
298.7412 376.802
298.7418 377.49
298.7339 378.429
298.6466 379.024