231.7286 419.98
231.679 420.079
231.6833 419.691
231.611 419.781
231.5996 419.51
231.5885 418.935
231.5822 417.73
231.602 416.844
231.5638 415.918
231.5972 415.051
231.6413 413.927
231.7199 412.257
231.8213 410.34
231.9286 408.313
232.0492 406.339
232.2522 404.261
232.488 401.777
232.8111 399.128
233.1842 396.103
233.5984 393.236
234.026 390.355
234.559 387.563
235.1496 384.647
235.7068 382.099
236.4639 379.431
237.3149 377.13
238.3436 374.657
239.3868 372.384
240.46883 370.455
241.62844 368.624
242.87038 366.91
244.14691 365.284
245.42723 364.148
246.74174 362.986
248.09616 362.465
249.48426 362.238
250.983923 362.056
252.45572 362.123
253.90228 362.487
255.29724 362.957
256.73228 363.359
258.04383 364.145
259.27687 365.141
260.4586 366.459
261.5579 368.092
262.6728 369.705
263.7034 371.416
264.6743 373.351
265.5465 375.104
266.4025 377.299
267.1985 379.546
267.9317 381.588
268.754 383.471
269.5024 386.149
270.0836 388.404
270.5883 390.277
271.1241 392.75
271.5599 395.153
271.9845 397.212
272.3506 399.327
272.6996 401.736
272.9609 403.697
273.2344 405.835
273.4463 407.498
273.7044 409.682
273.9223 411.808
273.9206 413.498
273.9869 414.944
274.032 416.146
274.1376 417.195
274.1467 418.047
274.1545 418.67
274.2335 419.612
274.3029 420.713
274.3221 421.368
274.3253 422.076
274.2966 422.552
274.3196 423.052
274.3386 424.146
274.3726 425.101
274.4243 424.93
274.4985 425.36
274.5204 425.678
274.5486 426.392
274.4333 426.708