187.0624 391.082
187.1147 391.346
187.0824 391.696
186.9944 391.81
186.9385 391.436
186.8236 391.099
186.6136 390.467
186.3964 389.496
186.1381 388.574
185.8705 387.293
185.5592 385.821
185.1971 384.035
184.8206 381.603
184.4209 378.899
184.0403 376.093
183.7044 373.443
183.4298 370.957
183.2753 368.325
183.134 365.75
183.0252 363.247
183.0533 360.59
183.1713 358.03
183.389 355.342
183.6455 352.647
183.8329 350.255
184.0514 347.821
184.3276 345.406
184.7013 342.992
185.1211 340.85
185.6739 338.682
186.3038 336.714
187.0363 334.736
187.8331 332.86
188.6458 331.136
189.4608 329.653
190.4184 328.003
191.3902 326.612
192.4191 325.359
193.4754 324.634
194.6883 323.775
195.9427 323.105
197.2788 322.525
198.6309 322.232
199.9808 322.3
201.4419 322.39
202.8709 322.892
207.7492 326.802
211.284 329.816
214.0101 332.475
216.2885 334.905
218.2718 337.276
219.9024 339.906
221.2821 342.567
222.3558 345.407
223.2783 348.062
224.1271 350.411
224.9545 352.914
225.8062 355.431
226.6146 358.074
227.3487 360.62
228.0275 363.014
228.6882 365.247
229.2648 367.603
229.8305 369.93
230.3132 372.205
230.7894 374.196
231.2119 375.881
231.6906 377.845
232.1506 379.131
232.592 380.971
233 382.496
233.3546 383.829
233.6672 384.984
233.8846 386.233
234.1053 387.093
234.3391 387.961
234.5177 388.934
234.7116 389.576
234.8685 390.1
234.9333 390.65
235.038 391.158
235.1028 391.775
235.2327 392.248
235.3904 392.591
235.4992 392.86
235.6368 393.109
235.8021 393.064