200.1385 366.063
200.332 365.459
200.5022 364.762
200.74 363.966
200.9805 362.724
201.2424 360.839
201.5201 359.16
201.7588 357.527
202.161 355.478
202.7031 352.9
203.3006 350.187
203.9482 347.303
204.6633 343.969
205.3613 340.345
206.0123 336.552
206.6805 332.392
207.3255 328.331
207.9779 324.426
208.7158 320.612
209.4803 316.96
210.265 313.453
211.0758 310.2
211.8936 307.027
212.6535 303.94
213.4164 300.833
214.0781 298.116
214.7283 295.599
215.4191 293.055
216.0493 290.858
216.5467 289.163
217.072 287.543
217.557 286.27
218.0387 285.307
218.5247 284.603
218.9341 284.272
219.3378 283.996
219.6971 284.017
220.0564 284.247
220.4477 284.758
220.8968 285.607
221.4353 286.744
222.0011 288.37
222.7275 290.108
223.4752 292.007
224.2455 294.083
225.1093 296.216
226.058 298.585
227.1068 300.957
228.2818 303.545
229.529 306.207
230.7713 308.82
232.0122 311.567
233.1816 314.431
234.2815 317.321
235.3553 320.221
236.4032 323.164
237.4686 326.015
238.6374 328.644
239.7987 331.165
240.9661 333.433
242.12722 335.827
243.24851 338.359
244.354 340.736
245.35568 342.844
246.31205 345.067
247.103 347.19
247.84399 349.095
248.51359 350.803
249.105474 352.361
249.624723 354.073
250.185661 355.564
250.629315 356.798
251.00657 358.191
251.38743 359.463
251.72962 360.749
252.05375 361.884
252.419 362.872
252.7404 364.014
253.01475 365.026
253.32166 365.863
253.61538 366.7
253.90372 367.293
254.10529 367.792
254.2956 368.286
254.3857 368.743
254.45763 368.822
254.52416 369.262
254.60206 369.902
254.69788 370.386
254.77688 370.693
254.84051 371.106
254.89764 371.533
254.91279 371.945
254.84848 372.438