161.9929 368.49
162.0515 368.266
162.0242 368.19
162.0891 367.775
162.128 367.459
162.1306 367.189
162.2566 366.518
162.5353 365.581
162.8517 364.636
163.1542 363.777
163.5239 362.558
163.9353 361.113
164.3279 359.518
164.7615 357.648
165.2807 355.405
165.8309 352.866
166.3341 350.157
166.8648 347.245
167.476 343.954
168.1484 340.746
168.9412 337.38
169.7849 333.991
170.6022 330.585
171.4202 327.115
172.2095 323.736
172.9771 320.36
173.7885 316.866
174.6259 313.386
175.4272 310.131
176.2145 307.098
176.9722 304.384
177.7554 301.766
178.4586 299.495
179.1631 297.429
179.802 295.695
180.402 294.247
180.9827 293.022
181.4851 292.124
181.9625 291.451
182.4374 291.034
182.9175 290.912
183.3958 291.1
183.9168 291.326
184.4639 291.849
185.0321 292.477
185.5467 293.513
186.0539 294.74
186.6214 296.061
187.2283 297.505
187.8639 299.116
188.5614 300.886
189.3386 302.702
190.1624 304.617
191.1174 306.516
192.1402 308.509
193.2179 310.677
194.3705 312.875
195.6367 314.939
196.9275 317.116
198.2738 319.238
199.5524 321.542
200.9546 323.637
202.3465 325.586
203.6097 327.693
204.793 329.888
205.9206 332.201
207.0211 334.502
208.0572 336.978
209.1379 339.091
210.1691 341.267
211.1793 343.37
212.1702 345.436
213.1667 347.229
214.0851 349.15
214.9483 350.934
215.7823 352.541
216.5535 354.004
217.2699 355.536
217.9795 356.879
218.5258 358.368
219.0723 359.564
219.4948 360.733
219.8661 361.894
220.1973 362.971
220.459 363.774
220.7199 364.326
220.8987 365.031
221.0507 365.683
221.1814 366.423
221.3264 367
221.4898 367.41
221.6149 367.746
221.7388 368.213
221.8642 368.726
221.9701 369.074
222.0722 369.209
222.1531 369.305
222.2245 369.438
222.2538 369.466
222.2476 369.481
222.2169 369.415
222.1311 369.62