239.8196 360.172
240.0401 360.326
240.34239 360.578
240.80219 360.884
241.41355 361.159
242.26161 361.338
243.35798 361.43
244.78427 361.617
246.53652 361.632
248.4707 361.204
250.383871 360.732
252.00668 359.998
253.37753 359.419
254.5856 358.729
255.67092 357.735
256.72854 356.468
257.73867 355.242
258.70322 353.411
259.56539 351.673
260.3029 349.823
260.8839 347.816
261.3331 345.749
261.597 343.322
261.7933 340.874
261.735 338.411
261.7167 336.003
261.692 333.372
261.6413 330.605
261.5039 327.835
261.3412 325.261
261.127 322.724
260.8728 320.147
260.6332 317.671
260.4158 315.279
260.2144 312.834
260.0588 310.877
260.0014 309.254
259.94923 307.817
259.92348 306.628
259.97778 305.515
260.0966 304.598
260.3467 304.035
260.6814 303.82
261.0567 303.857
261.4501 304.166
261.9242 304.942
262.4848 305.878
263.1376 307.02
263.8486 308.5
264.6663 310.252
265.5637 312.194
266.5525 314.321
267.6291 316.423
268.7682 318.784
270.0119 321.21
271.3053 323.765
272.6251 326.421
273.9521 328.864
275.2587 331.401
276.5435 333.865
277.9451 336.218
279.2834 338.629
280.5785 340.959
281.867 343.172
283.1731 345.673
284.3717 347.83
285.5222 349.712
286.6709 351.884
287.777 353.973
288.7572 355.571
289.67 357.151
290.6063 358.968
291.5093 360.419
292.3353 362.02
293.1624 363.574
293.9326 364.937
294.6368 366.273
295.387 367.491
296.0244 368.447
296.5662 369.324
297.0961 369.84
297.5383 370.527
297.9556 371.272
298.329 371.753
298.6573 372.298
298.9325 373.188
299.1124 373.848
299.2526 374.466
299.3994 375.09
299.5449 375.539
299.6322 376.003
299.6107 376.274
299.6345 376.862
299.6169 377.43
299.5925 377.757
299.4519 377.897