178.9195 374.684
179.6104 374.366
180.4376 374.437
181.6526 374.099
182.9362 374.3
184.1742 375.091
185.5742 375.43
186.8892 375.693
188.078 376.399
189.2433 376.791
190.1672 377.674
191.0792 377.974
191.8835 378.145
192.4112 378.603
192.7709 378.594
192.9839 378.044
193.0122 377.318
192.9361 376.089
192.7693 374.57
192.6231 372.43
192.3998 370.093
192.0977 367.49
191.8224 364.463
191.6306 360.856
191.4495 356.928
191.3021 352.759
191.1022 348.603
191.0024 344.444
190.9808 340.485
191.0921 336.756
191.4467 333.019
192.0395 329.445
192.674 326.565
193.4709 324.061
194.4656 321.768
195.5897 319.905
196.6712 318.762
197.8423 318.041
199.0375 317.992
200.3194 318.359
201.6235 319.346
203.0576 320.772
204.5576 322.71
206.0968 324.936
207.6193 327.192
209.1032 329.564
210.4585 332.171
211.6254 335.269
212.6923 338.661
213.6863 342.034
214.5847 345.512
215.3078 348.908
215.9732 352.115
216.5023 355.261
217.0616 357.722
217.5223 360.012
217.9455 362.093
218.2447 363.761
218.561 365.194
218.6885 366.655
218.8181 367.599
218.9025 368.627
218.9089 369.219
218.8984 369.181
218.7606 369.238
218.6236 368.481
218.4318 367.562
218.2525 366.053
218.0502 364.722
217.9037 363.031
217.8297 361.386
217.8229 359.688
217.8921 357.792
218.0658 355.692
218.3388 353.191
218.6347 350.221
218.9878 346.906
219.2843 343.655
219.6787 340.098
220.1485 336.61
220.5318 333.614
221.1842 330.477
221.8645 327.96
222.6063 325.635
223.4339 323.513
224.3143 321.939
225.1866 320.615
226.2706 319.376
227.6208 318.156
228.9145 317.412
230.2832 317.209
231.7645 317.089
233.3056 317.051
234.8177 317.447
236.2658 317.977
237.6189 318.877
238.9059 319.75
240.27377 320.506
241.3736 321.934
242.486 323.481
243.72231 325.633
244.82172 327.984
245.85324 330.212
246.69007 332.785
247.46448 334.969
248.19178 336.859
248.86586 338.56
249.457097 340.25
249.9174284 342.306
250.280273 344.321
250.643222 346.165
250.926816 348.215
251.16166 350.16
251.40454 352.123
251.62435 354.022
251.79705 355.526
251.95671 356.982
252.08538 357.998
252.21756 359.231
252.36882 360.371
252.4586 361.123
252.51862 362.029
252.60499 362.92
252.64594 363.548
252.73032 364.315
252.9328 364.687
253.18206 365.044
253.34038 365.078
253.56719 364.807
253.79387 364.258
254.04218 363.817
254.31519 363.464
254.61667 362.856
254.96019 362.475
255.30798 361.87