200.9804 352.952
200.6864 353.053
200.2437 353.4
199.7223 353.709
199.1213 354.104
198.4174 354.515
197.6411 354.912
196.8105 355.178
195.8943 355.4
195.0266 355.251
194.1085 355.063
193.1622 354.753
192.1807 354.39
191.1233 353.932
189.9546 353.664
188.6947 353.28
187.4284 352.546
185.9747 351.86
184.4683 350.843
182.8661 349.877
181.2762 348.89
179.6383 347.986
178.0489 347.163
176.5825 346.156
175.1668 345.17
173.8081 344.141
172.4733 343.038
171.1296 341.955
169.8417 340.618
168.641 338.936
167.4278 337.503
166.1357 336.413
165.0045 335.082
163.9485 333.744
163.0943 332.284
162.2371 330.841
161.3407 329.548
160.5342 327.936
159.7493 326.392
158.9951 324.891
158.2551 323.416
157.5668 322.002
156.9915 320.515
156.5185 318.944
156.0715 317.392
155.7694 315.803
155.5239 314.293
155.2999 312.827
155.1291 311.501
155.1325 310.041
155.1532 308.655
155.182 307.441
155.4218 306.218
155.6815 305.05
155.9702 303.978
156.3336 302.938
156.7502 302.024
157.1366 301.052
157.7079 300.085
158.3235 299.163
158.8847 298.504
159.5388 297.817
160.2944 297.175
161.1759 296.474
162.0427 296.025
162.912 295.668
163.9138 295.288
164.9701 294.985
165.9968 294.936
167.0344 294.972
168.0842 295.206
169.203 295.411
170.2785 295.788
171.3818 295.951
172.4754 296.157
173.5462 296.486
174.5514 296.902
175.5002 297.401
176.363 298.023
177.1922 298.83
178.0713 299.535
178.9344 300.453
179.8157 301.414
180.6809 302.452
181.517 303.62
182.35 304.749
183.1158 305.994
183.806 307.547
184.5307 309.067
185.2641 310.663
186.0219 312.161
186.732 313.789
187.3945 315.471
188.0553 316.97
188.6472 318.52
189.1813 320.05
189.6772 321.708
190.1134 323.606
190.5465 325.516
191.0658 327.135
191.5592 328.862
192.0218 330.577
192.3953 332.259
192.7412 333.906
193.0669 335.457
193.3878 336.931
193.6631 338.451
193.9074 339.972
194.1851 341.154
194.4622 342.321
194.7708 343.233
195.099 344.127
195.4348 344.991
195.7823 345.664
196.0639 346.592
196.3495 347.318
196.605 347.929
196.8199 348.55
196.9679 349.074
197.1056 349.432
197.1864 350.012
197.3183 350.497
197.4678 351.038
197.6725 351.408
197.8821 351.421
198.0235 351.452
198.0978 351.456
198.2364 351.05
198.3321 350.602
198.3293 350.259
198.3688 349.624
198.3708 349.156
198.3827 348.558
198.3414 347.984
198.34 347.219
198.3812 346.081
198.4595 344.722
198.538 343.294
198.5134 342.053
198.473 340.724
198.4978 339.043
198.5298 337.251
198.6263 335.142
198.7425 332.959
198.8304 330.786
198.9141 328.734
199.0538 326.741
199.2258 324.852
199.5041 322.926
199.8739 320.951
200.3244 319.115
200.9078 316.97
201.4414 315.117
202.0342 313.34
202.66 311.627
203.2737 310.027
203.8647 308.644
204.4508 307.375
204.9847 306.366
205.4889 305.488
206.0492 304.572
206.6059 303.872
207.1483 303.36
207.6882 302.961
208.1767 302.742
208.6024 302.675
209.0033 302.641
209.3387 302.651
209.6012 302.843
209.8655 303.079
210.0963 303.4
210.315 303.747
210.4768 304.117
210.5766 304.494
210.6289 304.908
210.6929 305.104
210.6985 305.385
210.6824 305.747
210.6619 306.177