196.1908 342.319
195.5707 342.316
194.8097 342.384
193.9545 342.424
192.9897 342.608
191.9515 342.517
190.8521 342.207
189.6436 341.984
188.3333 341.869
186.9746 341.472
185.5643 340.956
184.087 340.453
182.5583 339.841
181.0304 339.022
179.5 338.052
177.9067 337.13
176.3339 336.026
174.6837 335.036
173.089 333.811
171.4931 332.587
169.9348 331.329
168.4155 329.985
166.8935 328.711
165.4107 327.293
163.96 325.822
162.5944 324.248
161.3001 322.631
160.1201 321.027
159.1438 319.223
158.2981 317.307
157.5513 315.405
156.9064 313.322
156.3208 311.089
155.7386 308.956
155.2393 306.821
154.7705 304.808
154.402 302.902
154.3845 300.766
154.4646 298.736
154.7249 296.68
155.1545 294.701
155.8073 292.814
156.5595 291.315
157.5349 289.982
158.6921 288.818
160.0038 287.806
161.4217 287.124
162.8592 286.811
164.346 286.763
165.8738 287.001
167.3989 287.629
169.0072 288.412
170.6951 289.383
172.3981 290.491
174.0791 291.953
175.7478 293.608
177.3715 295.408
178.9794 297.262
180.4597 299.306
181.8659 301.455
183.2085 303.671
184.4131 305.889
185.4066 308.248
186.2662 310.615
187.085 312.945
187.7741 315.507
188.4623 317.703
188.9707 320.14
189.4534 322.534
189.9703 324.699
190.5276 326.661
191.0508 328.453
191.5201 330.226
191.9892 331.848
192.3275 333.542
192.6331 335.119
192.9591 336.439
193.2554 337.631
193.5357 338.609
193.8629 339.318
194.1389 339.934
194.3932 340.388
194.6506 340.603
194.8797 340.797
195.1009 340.808
195.3687 340.522
195.5677 340.399
195.778 339.9
195.9467 339.369
196.076 338.683
196.2154 337.891
196.381 336.682
196.4823 335.478
196.6246 334.084
196.8174 332.576
197.0665 330.811
197.219 329.158
197.4126 327.314
197.6366 325.535
197.9682 323.546
198.3783 321.531
198.9431 319.366
199.3935 317.505
199.8713 315.506
200.2836 313.726
200.7143 311.87
201.1798 309.973
201.7168 308.134
202.2927 306.48
202.9747 304.856
203.6756 303.363
204.3926 301.972
205.1409 300.672
205.8798 299.586
206.6043 298.58
207.3355 297.562
208.0572 296.718
208.7592 296.053
209.4527 295.482
210.112 295.068
210.7517 294.76
211.3389 294.581
211.9293 294.377
212.5355 294.221
213.147 294.057
213.6401 294.194
214.3036 294.193
214.8775 294.387
215.5003 294.538
216.2345 294.663
216.9211 294.926
217.5363 295.221
218.0814 295.624
218.5169 296.037
218.8714 296.509
219.1407 297.106
219.3676 297.81
219.5473 298.517
219.7136 299.089
219.8913 299.661
220.0407 300.197
220.1257 300.625
220.1605 301.071