133.112 370.304
133.017 370.756
132.952 371.031
132.72 371.448
132.331 372.061
131.947 372.37
131.412 372.622
130.799 372.803
129.882 373.333
128.868 373.787
127.779 374.015
126.427 374.509
125.03 374.579
123.466 374.805
121.753 374.94
120.2 374.638
118.38 374.873
116.521 375.042
114.796 374.824
112.804 375.159
111.109 374.87
109.456 374.543
107.683 374.291
106.076 373.749
104.469 373.074
102.53 373.01
100.654 372.926
99.001 372.476
97.521 371.689
96.144 370.896
94.535 370.593
93.333 369.48
91.811 368.849
90.302 368.238
88.96 367.262
87.949 365.966
86.814 364.896
85.935 363.67
84.916 362.802
83.832 362.177
82.918 361.505
82.419 360.471
81.952 359.651
81.56 358.877
81.498 357.922
81.818 356.646
82.21 355.428
82.561 354.534
83.089 353.714
84.001 352.588
84.783 351.85
85.857 350.885
86.877 350.127
87.934 349.441
88.84 349.022
89.922 348.427
91.114 347.826
92.538 347.001
93.984 346.153
95.668 345.195
96.925 344.977
98.401 344.491
100.174 343.711
101.831 343.087
103.534 342.443
105.341 341.593
106.905 341.118
108.725 340.202
110.422 339.373
111.992 338.639
113.546 337.849
115.155 336.848
116.604 335.994
118.008 335.178
119.452 334.07
120.81 332.992
122.182 331.755
123.415 330.484
124.598 329.214
125.601 328.202
126.644 327.081
127.745 325.702
128.71 324.459
129.621 323.241
130.362 322.207
131.103 320.995
131.763 319.648
132.284 318.289
132.685 316.84
133.073 315.142
133.223 313.625
133.231 312.135
133.104 310.669
132.781 309.295
132.329 307.906
131.652 306.578
130.811 305.237
129.838 303.856
128.472 302.816
127.047 301.739
125.376 300.97
123.622 300.257
121.776 299.666
119.879 299.044
117.816 298.636
115.668 298.406
113.409 298.317
111.199 298.349
109.069 298.313
106.945 298.551
104.798 299.184
102.791 299.996
100.974 300.924
99.404 301.845
97.952 302.995
96.709 304.424
95.671 306.132
94.776 308.15
94.486 309.967
94.494 311.718
94.454 314.095
94.762 316.463
95.361 318.828
96.179 321.388
97.389 323.807
98.76 326.376
100.386 328.869
102.074 331.414
104.181 333.49
106.258 335.594
108.298 337.847
110.438 340.038
112.774 341.87
115.007 343.891
117.214 345.727
119.679 346.906
122.194 347.712
124.56 348.419
126.802 349.101
128.948 349.645
131.102 349.992
133.095 350.397
135.146 350.422
137.225 350.443
139.272 350.209
141.253 350.071
143.408 349.408
145.324 349.073
147.418 348.3
149.669 347.247
151.9388 346.307
154.163 345.613
156.4827 344.975
158.8396 344.549
161.2607 343.933
163.6401 343.606
165.9743 343.642
168.276 343.922
170.5842 344.378
172.775 345.414
175.0078 346.27
177.1397 347.226
178.9774 348.819
180.5225 350.589
181.7613 352.502
182.6806 354.415
183.1538 356.705
183.2513 358.903
183.0064 361.23
182.4878 363.557
181.6893 365.831
180.8314 367.294
179.599 368.922
178.2417 369.958
176.5623 370.836
174.5864 371.654
172.392 372.181
170.027 372.442
167.4535 372.726
164.8539 372.86
162.2717 372.703
159.7869 372.225
157.2556 371.996
154.9262 371.423
152.7246 370.697
150.5219 370.123
148.624 368.885
146.922 367.289
145.283 365.752
143.775 364.174
142.489 362.27
141.379 360.213
140.346 358.279
139.347 356.43
138.635 354.093
138.284 351.273
138.152 348.422
138.257 345.435
138.361 342.771
138.624 339.981
139.148 337.106
139.75 334.677
140.642 332.295
141.691 330.126
142.907 328.136
144.381 326.153
146.078 324.171
147.919 322.324
149.787 320.917
151.8801 319.347
154.0116 317.972
156.0553 316.836
158.0972 315.791
160.0854 314.879
162.0977 313.893
163.9932 312.959
165.8713 311.911
167.6579 310.961
169.2236 310.232
170.65 309.629
171.8977 309.239
173.112 308.882
174.2967 308.618
175.4218 308.621
176.6071 308.617
177.7507 308.785
178.7804 309.14
179.8655 309.575
180.9797 310.259
182.2669 310.86
183.5965 311.664
185.0007 312.334
186.3142 313.028
187.4376 313.866
188.3645 314.714
189.1358 315.599
189.7126 316.369
190.068 317.188
190.2236 317.895
190.2724 318.38
190.0433 319.015
189.7228 319.646
189.2891 320.256
188.7102 320.86
188.0775 321.467
187.4695 321.9
186.7463 322.553
186.0614 323.517
185.4388 324.406
184.8388 325.582
184.4328 326.704
184.082 327.943
183.7905 329.354
183.5765 330.77
183.47 332.516
183.5756 333.903
183.7668 335.536
184.0299 337.13
184.4323 338.555
184.7929 340.104
185.08 341.451
185.3371 342.867
185.5817 344.297
185.9506 345.451
186.366 346.303
186.8434 346.858
187.2345 347.764
187.5912 348.488
187.9683 348.836
188.2582 349.283
188.5233 349.814
188.818 350.336
189.2739 350.66
189.9312 350.811
190.7075 350.98
191.6844 350.822
192.8326 350.576
194.1099 350.354
195.5629 350.232
197.1604 350.036
198.9512 349.891
200.7827 349.921
202.7341 350.152
204.7193 350.181
206.8719 349.923
209.047 349.909
211.3076 349.702
213.5795 349.281
215.8657 349.239
218.0301 349.24
220.0727 349.202
221.954 349.337
223.6842 349.775
225.3435 350.221
226.8825 350.561
228.1907 351.432
229.2772 352.252
230.1359 353.189
230.6944 354.288
231.0541 355.31
231.2118 356.802
231.2834 358.368
231.1963 359.862
231.004 361.268
230.4716 363.029
229.7801 364.392
228.8742 365.873
227.6541 367.035
226.2856 368.493
224.7297 369.881
223.0777 371.327
221.2606 372.622
219.2952 373.763
217.2456 374.496
215.1168 375.25
212.9849 375.872
210.7752 376.27
208.7226 376.276
206.6256 376.178
204.5473 375.776
202.4829 375.049
200.4506 373.954
198.421 372.972
196.4446 371.791
194.5537 370.375
192.7922 368.596
191.0652 367.013
189.5131 365.187
188.1611 363.111
187.0047 360.891
185.9686 358.608
185.2008 355.843
184.5885 352.87
183.9937 350.232
183.4385 348.089
183.0114 346.107
182.792 343.927
182.7788 341.461
182.763 339.375
182.9901 336.912
183.2951 334.651
183.7824 332.345
184.2913 330.275
185.0097 328.137
185.8363 326.291
186.8531 324.544
188.0775 322.786
189.4202 321.136
190.8792 319.35
192.2835 317.83
193.7971 316.16
195.2291 314.857
196.711 313.592
198.2636 312.445
199.823 311.47
201.4125 310.523
202.9641 309.722
204.5045 309.093
206.0186 308.264
207.4903 307.549
208.8886 307.161
210.3498 306.81
211.8521 306.418
213.3007 306.462
214.8213 306.614
216.2436 306.795
217.5241 307.129
218.6601 307.62
219.6778 308.026
220.5857 308.454
221.4702 309.057
222.4506 309.667
223.527 310.364
224.6236 311.13
225.631 312.064
226.5234 312.947
227.3064 313.89
228.0362 314.937
228.7563 316.028
229.5739 317.182
230.3196 318.505
231.0032 320.15
231.4882 321.868
231.7257 323.935
231.6708 326.447
231.4143 328.794
231.144 331.313
230.9539 333.494
231.0328 335.7
231.0038 337.906
230.7798 340.096
230.3313 342.2
229.7418 344.102
229.0806 346.158
228.545 348.155
228.1831 350.227
228.0898 352.254
228.1425 354.171
228.3812 356.05
228.7823 357.607
229.3638 358.827
230.1462 360.31
231.2033 361.963
232.5818 363.663
234.3417 365.065
236.5289 366.308
238.9565 367.529
241.55921 368.824
244.19723 370.117
246.79391 371.529
249.230913 372.883
251.60283 374.1
253.86356 375.26
256.11256 375.925
258.35719 376.696
260.107 377.641
261.5902 378.837
262.7891 380.187
263.6388 381.284
263.9194 382.285
263.7098 382.771
262.954 382.93
261.8451 383.076
260.3572 383.387
258.41319 383.968
256.15711 383.922
253.59817 383.463
250.745943 382.713
247.65402 381.854
244.44793 380.778
240.99114 379.676
237.3126 378.386
233.9674 376.951
230.7678 375.282
227.7987 373.185
225.0986 370.667
222.6961 367.927
220.5679 364.952
218.818 361.917
217.4922 359.267
216.6311 357.206
216.2585 355.733
216.2962 354.792
216.7983 354.123
217.762 353.575
219.1282 353.275
220.8862 352.857
223.0065 352.684
225.2896 352.405
227.6476 352.399
230.1205 352.391
232.6673 352.51
235.3819 352.363
238.1745 352.336
240.80238 351.831
243.25028 350.878
245.51925 349.925
247.59745 348.909
249.611288 347.738
251.44116 346.398
253.03451 345.224
254.47443 343.583
255.41298 341.753
256.1092 339.835
256.58592 337.841
256.81756 335.697
256.79176 332.903
256.62979 329.792
256.29675 326.453
255.75182 323.013
254.88317 319.55
253.78433 316.237
252.39362 313.204
250.713993 310.493
248.84497 307.766
246.90201 305.302
244.834 302.986
242.84502 300.703
240.87991 298.639
239.0393 296.639
237.0496 295.009
235.2681 293.544
233.6755 292.394
232.2384 291.79
230.9329 291.482
229.7927 291.435
228.7762 291.633
227.8663 292.325
227.1868 293.306
226.9106 294.384
226.8768 295.651
227.1067 297.329
227.5838 299.469
228.2421 301.964
229.0599 304.621
229.8295 307.513
230.5544 310.516
231.1892 313.684
231.7836 316.935
232.255 320.527
232.5457 324.264
232.7319 328.063
232.8552 332.155
233.0969 336.238
233.2406 340.201
233.3756 343.907
233.5293 347.674
233.6886 351.198
233.7296 354.668
233.6427 357.962
233.3353 360.859
232.9178 363.463
232.4477 366.073
231.9386 368.443
231.5037 370.427
231.1193 372.156
230.7342 373.461
230.4029 374.407
230.1026 374.895
229.7952 375.165
229.5116 374.891
229.3792 374.215
229.3523 373.339
229.4441 372.37
229.5539 370.736
229.6611 368.76
229.9017 366.51
230.2249 364.113
230.7181 361.617
231.2544 358.712
231.9305 355.337
232.5478 351.632
233.1171 347.697
233.4296 343.579
233.6487 339.417
233.8417 335.101
233.9455 330.455
233.8517 325.411
233.5687 319.873
233.3337 314.393
233.0241 309.123
232.8224 303.97
232.7706 299.087
232.6315 294.498
232.5016 290.298
232.2343 286.606
232.0698 283.088
231.9338 279.82
231.8809 276.794
231.9568 273.912
231.9201 271.569
231.8556 269.529
231.6605 267.828
231.4714 266.392
231.2387 265.334
230.9761 264.634
230.7599 264.33
230.511 264.348
230.2471 264.609
229.9836 265.02
229.7207 265.694
229.4256 266.634
229.0896 267.971
228.766 269.439
228.526 271.14
228.3514 272.921
228.1708 274.878
228.0813 276.887
227.9155 279.134
227.5427 281.618
227.379 284.081
227.107 286.803
226.9641 289.555
226.5818 292.856
226.3516 295.984
226.0027 299.135
225.5998 302.357
224.9778 305.992
224.3867 309.762
223.8119 313.459
223.3094 317.376
222.7715 321.45
222.3728 325.587
222.0866 329.652
221.9913 333.559
221.9931 337.315
222.0741 341.261
222.3323 344.923
222.8342 348.227
223.5975 351.347
224.4749 354.559
225.5791 357.363
226.8659 359.918
228.1507 362.371
229.4784 364.386
230.8568 366.265
232.3298 367.577
233.8455 369.023
235.4711 370.436
237.1535 371.379
238.9061 372.685
240.77574 373.519
242.69909 374.053
244.71367 374.445
246.74751 374.561
248.88457 374.739
251.00285 374.89
253.14675 374.91
255.38374 374.92
257.63191 374.848
259.68064 374.369
262.0267 374.111
264.2948 374.431
266.4091 375.719
268.5263 376.954
270.5543 370.963
272.69 370.74
274.3275 369.805
275.9568 369.002
277.7399 366.729
278.7622 365.703
280.609 363.545
281.8356 361.738
283.0196 359.154
283.7304 356.626
284.5734 353.963
285.0722 352.365
285.4947 351.064
285.8033 349.84
285.9154 348.029
285.8066 345.45
285.4935 342.699
285.0531 339.957
284.4648 337.248
283.7916 334.943
283.0522 332.85
282.0768 331.065
280.7571 329.066
279.3805 326.98
278.0788 323.961
276.6379 321.524
275.0338 319.169
273.3014 317.137
271.4714 315.436
269.3898 314.514
267.178 312.79
265.3292 308.9
262.4883 309.034
259.76459 308.443
257.03318 307.11
254.26448 305.814
251.58237 304.602
248.88265 303.592
246.19969 302.744
243.63193 302.108
241.22629 301.584
238.9971 301.196
237.0392 301.099
235.3159 301.312
233.8576 301.638
232.6551 302.109
231.6454 302.71
230.9145 303.403
230.4204 304.3
230.2181 305.205
230.2779 306.241
230.6011 307.124
231.0253 308.19
231.5574 309.077
232.0883 309.924
232.6595 310.606
233.2894 310.837
233.9193 311.055
234.576 311.137
235.2864 311.069
236.036 310.892
236.8545 310.521
237.7456 310.083
238.7183 309.737
239.8556 308.969
241.07854 308.384
242.49225 307.973
244.09714 307.582
245.98049 307.553
248.11756 307.879
250.482057 308.775
252.91681 310.145
255.18632 312.191
257.13411 314.484
258.78362 316.675
260.2214 318.843
261.4241 320.797
262.493 322.688
263.3936 325.051
264.1345 327.78
264.7207 330.539
265.2825 333.709
265.9379 337.237
266.3444 340.271
266.98 343.4
267.6322 346.516
268.3756 349.559
269.2784 351.589
270.4698 351.4
271.9801 353.714
273.8164 356.174
276.0062 358.96
278.3239 361.949
280.516 363.961
282.9166 363.338
285.34 364.541
287.7766 366.132
290.3519 367.349
292.8818 368.971
295.1643 368.751
297.307 368.639
299.3335 369.273
301.3882 370.265
303.0086 371.75
305.0171 373.147
306.7359 373.765
307.7901 373.382
308.8525 372.547
309.2767 371.465
309.2125 370.626
309.8114 370.142
310.1711 370.187
310.2729 371.03
310.0194 371.954
309.176 372.286
307.8342 371.479
306.2109 370.209
304.3122 368.551
302.4149 368.72
300.2182 368.519
298.0449 367.859
295.6153 367.574
292.9265 365.809
290.4025 367.211
287.9504 369.05
285.2147 369.129
282.4147 368.331
279.6155 366.768
276.964 366.937
274.4179 366.552
272.1684 365.132
270.2465 362.789
268.6628 360.165
267.421 357.04
266.5026 353.759
265.8993 350.221
265.6399 346.462
265.4115 342.112
265.6663 338.537
266.1775 335.319
266.7581 332.342
267.6213 328.023
268.8966 324.346
270.5992 321.108
272.2389 318.196
274.0934 316.099
275.9447 314.291
277.9884 312.798
280.1797 311.666
282.4789 310.529
284.9008 309.533
287.3355 309.157
289.7171 309.056
291.8835 309.349
293.9473 310.303
295.7767 311.515
297.4848 312.901
299.1064 314.337
300.5698 315.989
301.8088 317.773
302.9007 319.981
303.9109 322.629
303.7411 330.164
303.1525 335.763
302.425 340.538
301.5101 344.619
300.2898 348.092
298.5725 350.049
296.6797 350.521
294.9533 353.563
293.5368 355.152
291.7254 356.748
290.232 358.425
288.6748 358.452
286.8562 360.052
285.3184 361.618
283.7762 363.28
282.3267 366.585
281.1947 368.337
280.2373 369.16
279.394 369.311
278.6259 369.208
277.8672 369.016
277.0919 368.6
276.3365 369.047
275.7623 369.622
275.2938 369.367
275.0659 369.331
275.0703 368.558
275.302 367.238
275.7423 365.603
276.5592 364.5
277.681 364.299
278.4302 361.804
280.2538 361.258
282.1676 358.388
284.174 356.448
286.3921 355.17
288.8046 354.743
291.3514 353.772
293.8974 352.896
296.4594 352.631
298.8237 352.547
301.0674 352.502
303.216 352.793
305.1516 353.237
306.9842 353.901
308.5691 353.983
309.166 354.473
311.004 355.118
314.7092 360.286
315.4657 360.744
317.5794 362.477
319.4941 364.547
321.4551 367.19
323.247 370.662
324.4357 373.658
324.935 375.836
325.1059 378.011
325.1914 380.657
325.2725 383.593
325.6647 386.834
324.6993 389.898
326.2745 396.708
323.8816 396.902
322.2024 396.777
320.8188 397.543
319.0966 399.365
318.1794 401.674
318.0578 403.809
317.9329 406.785
317.401 410.364
316.5823 413.188
315.6365 414.576
315.074 415.102
313.9747 415.619
312.963 417.17
311.8384 416.945
310.4622 417.352
309.744 418.87
308.6155 420
307.334 420.139
306.8076 419.915
306.2911 418.924
305.7045 417.716
305.191 416.975
304.6385 416.561
304.265 416.363
303.5763 416.441
303.5384 415.476
303.5123 414.45
303.4975 413.088
303.478 411.791
303.6874 410.93
303.8521 410.174
303.5296 408.914
303.8235 408.621
304.255 408.252
304.7378 407.259
305.2618 405.692
305.7854 403.421
306.4724 401.29
307.2689 399.234
307.7865 396.538
308.6431 394.66
309.6009 392.849
310.5985 390.537
311.4027 387.187
312.1332 382.909
312.7811 378.453
313.302 373.658
313.701 368.591
314.1939 363.476
314.7122 358.231
315.4002 353.38
316.7458 350.494
317.103 345.539
317.5589 340.549
318.0092 335.708
318.3866 330.874
318.7812 326.077
319.2307 321.401
319.421 316.041
319.9023 312.118
320.3259 308.036
320.3978 303.109
320.1551 297.938
319.7878 292.84
319.2902 287.986
318.7554 283.545
318.404 279.861
317.9397 277.066
317.5886 274.933
317.2853 273.542
316.9995 272.676
316.7463 272.375
316.4084 272.245
316.1716 272.532
315.6511 273.271
315.2692 274.551
315.024 276.445
315.2266 279.063
315.5286 282.337
315.682 285.993
315.5459 289.456
315.3796 293.078
315.3426 297.001
314.7235 300.418
313.7501 303.389
312.9115 307.386
312.1995 312.322
310.2056 315.021
308.7042 318.152
307.778 322.722
306.8782 327.536
306.0464 332.304
304.7695 336.46
303.0092 339.711
301.1333 341.814
299.052 342.778
296.9642 345.769
294.7902 346.891
292.5869 348.58
290.2378 349.178
287.8344 351.191
285.5508 355.432
283.0855 355.131
280.69 356.42
278.3175 357.309
276.0819 354.075
273.8553 357.454
271.8104 359.181
269.9893 359.285
268.4137 358.875
267.1076 358.146
266.0889 357.814
265.3658 357.157
264.9728 356.555
264.9364 356.106
265.2706 356.109
265.9504 356.342
267.0097 357.085
268.3734 358.407
270.0519 357.598
271.9916 357.214
274.3329 357.565
277.0175 358.513
279.8726 358.993
282.9281 359.793
286.1284 358.848
289.3317 359.277
292.5516 359.796
295.8115 360.74
299.074 362.049
302.3938 363.902
305.6008 365.797
308.6064 366.782
311.2961 366.862
313.7706 366.546
315.9823 366.09
318.9783 368.001
320.8661 368.379
322.8358 369.329
324.5498 370.048
326.1529 370.566
327.3211 370.153
328.4238 370.016
329.4324 369.536
330.332 369.33
331.0847 369.22
331.8461 369.244
332.1231 369.077
332.6494 368.741
333.2475 368.959
333.8338 369.611
334.2934 369.737
334.7163 369.981
335.0936 370.243
335.3295 370.297
334.9133 369.611
334.9913 369.355
335.0006 369.329
334.8489 368.917
334.733 368.671
334.6269 368.496
334.5228 368.172
334.1803 367.791
333.8886 367.503
333.6068 367.134
333.3007 366.947
332.9638 366.73
332.3796 366.064
331.8789 365.748
331.3539 365.647
330.8205 365.549
330.283 365.959
329.4321 366.064
328.6333 366.585
327.717 367.262
326.2341 367.085
325.2891 367.849
322.1793 364.51
319.2595 361.875
316.9988 361.504
314.7411 362.049
312.4936 363.479
309.85 363.824
306.7136 362.821
302.737 359.676
298.8768 358.067
294.6802 354.739
290.6228 351.683
286.222 351.096
281.433 350.944
276.7616 349.153
272.0964 346.542
267.4448 343.524
262.8052 341.433
258.17211 339.411
253.4535 337.827
248.68835 336.425
244.05876 334.771
239.451 333.371
234.9389 331.796
230.643 330.432
226.4499 329.423
222.5044 328.466
218.7157 327.727
214.9854 327.061
211.4219 326.361
207.9244 325.802
204.5404 325.301
201.3088 324.999
198.2793 324.697
195.5558 324.496
193.1361 324.656
191.0968 324.988
189.406 325.526
188.0046 326.434
186.8774 327.558
185.8962 329.091
185.121 330.596
184.4745 332.242
184.0168 333.958
183.7083 336.214
183.5886 338.492
183.5836 340.73
183.6182 342.972
183.6406 345.284
183.5496 347.689
183.3696 349.904
183.1582 351.867
183.0247 353.278
182.7964 354.523
182.6408 355.75
182.3949 357.08
182.2338 357.82
182.1393 358.062
182.1456 357.623
182.1156 356.886
182.1026 355.744
182.1112 354.395
182.1806 352.729
182.302 350.833
182.4954 348.46
182.7052 345.916
182.9251 343.156
183.183 339.941
183.4999 336.351
183.8848 332.397
184.212 328.198
184.6029 323.838
185.0438 319.448
185.4728 315.103
185.9314 310.622
186.295 306.476
186.6813 302.294
187.0393 298.268
187.3989 294.422
187.6226 291.204
187.8156 288.335
188.0237 285.837
188.1899 283.783
188.3469 282.048
188.4608 280.764
188.5657 279.9
188.7128 279.243
188.8946 278.791
189.0957 278.577
189.2699 278.761
189.4498 279.279
189.622 280.165
189.7544 281.429
189.886 282.82
190.0429 284.283
190.177 285.836
190.3271 287.434
190.4037 289.272
190.4557 291.202
190.4758 293.175
190.4775 295.274
190.4691 297.49
190.5433 299.656
190.6518 301.893
190.8742 303.993
191.2105 306.039
191.6547 308.111
192.1818 310.286
192.8065 312.519
193.5398 314.595
194.3225 316.535
195.1319 318.413
195.995 320.194
196.8619 321.997
197.8375 323.635
198.9088 325.24
200.0115 327.037
201.25 328.826
202.6013 330.53
203.9367 332.246
205.359 333.743
206.8825 335.035
208.4985 336.18
210.1625 337.071
211.8472 337.905
213.5915 338.759
215.3666 339.483
217.1153 340.178
218.8222 340.91
220.516 341.732
222.1442 342.502
223.8281 343.131
225.6129 343.492
227.4156 343.714
229.1417 343.745
230.7218 343.731
232.1813 343.514
233.4145 343.322
234.4564 342.932
235.3359 342.418
236.1071 342.176
236.7628 341.963
237.3042 341.725
237.6784 341.739
237.8759 341.807
237.8703 341.91
237.7083 342.392
237.3726 342.821
236.999 343.402
236.5517 344.126
236.0338 344.814
235.4748 345.522
234.9024 346.162
234.2902 346.814
233.5883 347.291
232.8737 347.644
232.1061 348.037
231.3998 348.303
230.7474 348.314
230.1747 348.173
229.6896 347.774
229.3132 347.16
229.0018 346.431
228.7906 345.696
228.6165 344.719
228.5245 343.625
228.4516 342.171
228.4883 340.586
228.4928 338.681
228.6605 336.506
228.9256 333.97
229.3331 331
229.828 327.673
230.4239 324.086
231.089 320.424
231.8105 316.482
232.6461 312.517
233.3811 308.428
234.1533 304.584
234.9795 301.474
235.8476 299.018
236.7034 296.934
237.4823 295.146
238.1971 293.605
238.9107 292.304
239.5994 291.361
240.32395 290.776
241.07038 290.544
241.81674 290.834
242.55786 291.492
243.27045 292.462
243.89696 294.013
244.41572 295.854
244.90671 298.093
245.32964 300.627
245.82824 303.349
246.2555 306.037
246.64836 308.993
247.01819 312.149
247.34203 315.306
247.63029 318.696
247.90975 322.177
248.19503 325.528
248.40924 328.746
248.47405 331.743
248.37875 334.475
248.38252 337.06
248.31563 339.371
248.00218 341.132
247.89415 342.559
247.74208 343.869
247.58139 344.967
247.42745 345.641
247.34066 346.062
247.34787 346.06
247.31262 345.483
247.30552 344.686
247.35639 343.581
247.2989 342.15
247.34122 340.536
247.46648 338.681
247.66247 336.628
247.95314 334.461
248.33673 332.15
248.75892 329.543
249.300289 326.945
249.9215447 324.188
250.572625 321.105
251.2935 317.826
252.12883 314.488
252.86793 311.51
253.62458 308.766
254.50146 306.463
255.36583 304.664
256.36392 303.115
257.42861 298.847
258.53536 296.654
259.83727 295.034
261.1773 293.335
262.5745 292.847
263.9716 292.736
265.3729 293.427
266.7525 293.786
268.1218 294.827
269.4492 296.228
270.6988 298.111
271.7833 300.265
272.92 302.38
273.7655 304.117
274.3785 305.902
274.849 308.544
275.0065 311.135
275.0176 314.279
274.8978 317.326
274.6142 320.045
274.313 322.669
274.0631 325.65
273.863 328.638
273.6541 331.289
273.4499 333.663
273.2698 336.132
273.1749 338.495
273.3099 340.641
273.4186 342.692
273.4503 344.85
273.4447 347.053
273.4441 349.072
273.4 350.6
273.4371 351.738
273.3145 352.935
273.3613 354.003
273.8267 355.038
274.2555 355.708
274.6614 356.149
275.0447 356.474
275.4613 356.513
275.8807 356.302
276.2834 356.191
276.6402 355.633
276.8966 354.676
277.1581 353.798
277.4051 352.862
277.6897 351.654
278.0263 350.244
278.466 348.174
278.7566 345.707
279.1566 343.13
279.6263 340.402
280.0002 338.675
280.3093 334.498
280.5467 330.819
280.6811 326.551
280.8343 321.859
281.0613 318.659
281.3761 315.57
281.6646 312.702
281.5992 309.474
281.558 306.385
281.4103 303.571
281.0728 301.115
280.6533 299.231
280.2595 297.87
279.9829 297.27
279.779 297.151
279.6531 297.204
279.4967 297.04
279.3447 297.015
279.1937 297.179
279.0423 297.836
278.8423 298.854
278.6622 300.561
278.6084 302.621
278.5213 304.66
278.2376 306.313
278.2391 308.066
278.1608 310.108
278.001 312.494
277.9651 314.604
278.0805 317.286
278.2341 320.93
278.3607 323.713
278.4092 326.344
278.4369 329.075
278.3686 331.427
278.3571 333.524
278.5458 335.852
278.9555 337.836
279.4852 339.231
280.1839 340.903
280.915 342.364
281.9141 343.82
282.8091 345.05
283.6359 345.926
284.4516 347.653
285.2349 347.608
286.0632 347.659
286.8768 347.947
287.7126 348.008
288.4658 347.502
289.2953 347.069
290.1426 346.668
290.9774 346.296
291.8374 345.838
292.7525 345.577
293.3812 345.019
294.0621 344.366
294.7013 343.551
295.4259 342.289
295.7222 340.596
296.1755 338.878
297.1283 337.781
298.0168 336.553
298.9099 335.512
299.8042 334.225
300.7436 332.906
301.6324 330.983
302.4594 328.583
303.2417 325.969
303.9526 323.287
304.7003 320.621
305.3873 317.543
306.3461 315.051
308.3231 315.473
309.8161 314.619
311.0686 313.075
312.3716 311.546
313.9697 310.529
315.5014 309.359
317.5388 309.423
319.7493 309.903
321.3237 308.819
322.5624 308.017
323.9143 307.806
325.5885 308.23
326.9953 308.579
328.2734 309.261
329.2606 309.882
329.8456 310.322
330.4372 311.276
331.1994 312.732
332.0023 314.485
333.3109 316.816
333.7726 318.496
333.8535 319.789
333.872 321.126
333.6608 322.381
333.1611 323.152
332.7612 324.101
332.5242 325.456
332.2704 326.906
331.9576 328.082