224.572 388.365
224.596 388.488
224.6095 388.405
224.6959 388.153
224.7833 387.91
224.8408 387.461
224.8506 387.158
224.8823 386.566
224.9536 385.596
225.0493 384.789
225.1068 384.033
225.234 382.655
225.3478 381.438
225.5896 380.106
225.8154 378.446
226.0394 376.973
226.3252 375.359
226.5173 373.585
226.6506 371.818
226.7893 369.73
226.9741 367.502
227.1502 365.317
227.3351 363.41
227.479 361.633
227.6344 359.561
227.8471 357.492
228.0107 354.98
228.1202 352.773
228.2491 350.602
228.4255 348.513
228.6289 346.497
228.8825 344.274
229.0891 342.01
229.3238 339.909
229.5134 337.873
229.6734 335.886
229.8088 333.832
229.9255 331.656
230.0896 329.619
230.3123 327.37
230.57 325.113
230.696 323.103
230.8312 321.059
230.9664 319.175
231.1946 317.047
231.4218 315.056
231.8061 312.742
232.0943 310.97
232.4113 309.14
232.7569 307.107
233.0915 305.252
233.4473 303.559
233.7927 301.845
234.1666 299.985
234.4719 298.417
234.7652 296.849
234.971 295.61
235.0925 294.518
235.3115 293.092
235.5917 291.588
235.8796 290.099
236.1754 288.698
236.4903 287.115
236.7302 285.803
236.9351 284.334
237.157 282.852
237.3723 281.485
237.6538 280.066
237.9441 278.617
238.247 277.223
238.5317 275.751
238.7186 274.549
238.9861 273.209
239.2714 271.765
239.4007 270.759
239.7262 269.217
239.9981 267.879
240.28147 266.468
240.34257 265.85
240.42195 264.985
240.49475 264.042
240.64121 262.785
240.76705 261.595
240.88489 260.372
240.98227 259.266
241.06029 258.405
241.08543 257.688
241.08259 257.174
241.05999 256.676
241.03398 256.245
240.96665 255.92
240.91931 255.622
240.85195 255.473
240.63898 255.812
240.29622 256.532
240.04602 257.083
239.6986 257.875
239.3901 258.705
239.0872 259.897
238.8824 261.132
238.7683 262.468
238.6619 264.075
238.6134 265.648
238.4844 267.627
238.3684 269.745
238.3186 271.72
238.2396 273.84
238.1526 275.911
238.0948 277.882
238.0741 279.892
238.0943 281.951
238.2519 283.897
238.4537 285.874
238.7263 288.005
239.0243 290.274
239.4056 292.333
239.8619 294.2
240.25137 296.152
240.56916 298.18
240.84508 300.199
241.20363 302.409
241.6557 304.549
242.1758 306.575
242.7955 308.562
243.42889 310.49
244.0146 312.483
244.5941 314.285
245.22086 315.925
245.92007 317.793
246.72346 319.532
247.56394 321.147
248.46323 322.545
249.368451 323.821
250.244732 324.829
251.14687 325.892
252.0797 326.682
253.0625 327.271
254.12805 327.991
255.29515 328.569
256.49707 329.063
257.68847 329.21
258.90444 329.383
260.1563 329.218
261.365 328.869
262.6178 328.687
264.0536 328.002
265.2652 327.872
266.725 327.037
267.9751 326.575
269.2332 325.809
270.3929 324.995
271.4824 324.138
272.4149 323.377
273.3328 322.547
274.1532 321.692
274.874 320.665
275.618 319.43
276.2942 318.156
276.9101 316.844
277.428 315.647
277.8371 314.557
278.1918 313.504
278.4246 312.671
278.5501 311.68
278.5668 310.691
278.7628 309.309
278.7017 308.28
278.7113 307.08
278.6304 305.752
278.4266 304.55
278.1621 303.391
277.8205 302.3
277.3573 300.987
276.8992 299.69
276.4957 298.306
276.0932 296.774
275.5872 295.211
275.0217 293.629
274.4128 292.061
273.8466 290.399
273.253 288.752
272.5769 287.254
271.6719 285.978
270.8837 284.325
270.0732 282.824
269.2705 281.187
268.479 279.687
267.6948 278.244
266.6913 277.23
265.8505 276.099
265.0313 275.108
264.2036 274.119
263.3702 273
262.539 271.906
261.5401 271.209
260.5509 270.633
259.73416 269.886
258.92378 269.074
257.94857 268.49
257.14849 267.667
256.2079 267.082
255.2142 266.678
254.23466 266.258
253.22235 265.975
252.25333 265.591
251.27667 265.389
250.300342 265.345
249.344006 265.149
248.35937 265.16
247.40337 264.9
246.41113 264.768
245.39566 264.514
244.31133 264.473
243.20158 264.466
242.12299 264.355
241.04755 264.454
240.02524 264.355
239.0767 264.214
238.1858 264.066
237.3387 264.149
236.5603 264.16
235.7725 264.374
235.0776 264.331
234.4259 264.186
233.7378 264.505
233.2752 264.404
232.9666 264.419
232.8281 264.577
232.7959 265.213
232.8476 265.963
233.0115 266.557
233.1668 267.324
233.3778 268.045
233.5977 268.697
233.925 268.882
234.278 269.059
234.6354 269.285
234.9483 269.976
235.3184 270.458
235.7012 270.915
236.0933 271.443
236.4585 272.074
236.7944 272.628
237.1081 273.201
237.365 273.713
237.618 274.001
237.8676 274.235
238.0848 274.553
238.2625 274.971