220.2604 390.828
220.1719 390.769
220.0354 390.929
219.9266 390.892
219.8114 390.637
219.6957 390.216
219.5537 389.719
219.3916 389.562
219.2204 389.276
219.1424 388.526
219.0527 387.831
218.977 387.093
218.8977 386.745
218.9131 386.114
218.9353 385.281
218.9135 384.228
218.8612 383.316
218.848 381.827
218.7757 380.387
218.6615 379.208
218.5354 377.772
218.4225 375.9
218.236 373.848
218.083 371.719
218.0243 368.999
217.9382 366.86
217.8197 364.808
217.7343 362.583
217.6864 360.505
217.7175 358.433
217.7668 356.293
217.7896 354.042
217.757 351.851
217.6984 349.526
217.6661 347.124
217.7027 344.843
217.8158 342.696
218.0308 340.64
218.2974 338.64
218.5212 336.709
218.7763 334.449
218.9533 332.428
219.1526 330.288
219.4032 328.17
219.7252 325.933
219.9812 323.717
220.338 321.523
220.6056 319.289
220.8149 317.173
221.0552 315.096
221.2825 312.909
221.5064 310.753
221.7894 308.414
222.1033 305.973
222.3828 303.507
222.6493 301.092
222.9162 298.689
223.1642 296.235
223.3531 293.851
223.4789 291.584
223.5248 289.403
223.6199 287.016
223.7475 284.53
223.8896 281.88
224.0222 279.227
224.163 276.625
224.2814 274.113
224.4055 271.73
224.5101 269.451
224.6197 267.18
224.7405 264.912
224.8504 262.703
224.9539 260.482
224.987 258.615
225.0872 256.672
225.2075 254.731
225.3423 252.85
225.4896 251.101
225.6296 249.483
225.7495 248.095
225.9078 246.679
226.0742 245.387
226.2804 244.151
226.4956 242.919
226.6247 241.956
226.7436 241.057
226.8355 240.189
226.8883 239.471
226.9216 238.898
226.9346 238.465
226.9558 238.183
226.9829 237.998
227.001 237.916
226.9607 238.189
226.9413 238.479
227.0014 238.545
227.0329 238.69
226.9354 239.305
226.9001 239.7
226.8209 240.357
226.7144 241.383
226.6831 242.661
226.8035 244.136
226.9925 245.94
227.2905 247.775
227.649 249.584
227.9627 251.508
228.2446 253.437
228.4633 255.314
228.6262 257.186
228.7944 258.956
228.9661 260.638
229.1292 262.411
229.3061 264.149
229.4854 265.823
229.6659 267.526
229.8837 269.037
230.2129 270.327
230.4725 271.637
230.6664 272.986
230.8536 274.254
231.0708 275.43
231.2322 276.631
231.4457 277.853
231.6518 279.07
231.8125 280.423
232.0422 281.775
232.3088 283.049
232.6388 284.225
233.0557 285.323
233.5618 286.406
234.0913 287.545
234.6199 288.683
235.1577 289.687
235.7065 290.7
236.2821 291.685
236.8684 292.678
237.474 293.593
238.0782 294.417
238.7045 295.074
239.3383 295.746
239.9594 296.29
240.59328 296.792
241.20988 297.344
241.81243 297.679
242.4644 298.052
243.08364 298.332
243.73052 298.513
244.34549 298.65
244.96975 298.712
245.5986 298.629
246.19088 298.489
246.75549 298.188
247.26398 297.83
247.73602 297.444
248.17204 297.087
248.60818 296.811
249.031515 296.386
249.509455 296.065
250.0262667 295.72
250.581772 295.172
251.0949 294.516
251.58478 293.957
252.04722 293.173
252.44639 292.202
252.82425 291.194
253.15214 290.143
253.44587 289.265
253.70048 288.391
253.95372 287.47
254.18303 286.513
254.42367 285.509
254.62404 284.554
254.84003 283.541
255.00077 282.454
255.16283 281.483
255.2974 280.61
255.38616 279.884
255.46977 279.099
255.57341 278.295
255.49443 277.657
255.58185 276.76
255.64685 275.687
255.70844 274.772
255.7882 273.868
255.84812 273.009
255.75728 272.319
255.89226 271.282
255.78474 270.429
255.72353 269.42
255.70946 268.416
255.66511 267.436
255.60336 266.398
255.50499 265.417
255.40682 264.357
255.28903 263.327
255.19088 262.4
255.13712 261.413
255.12096 260.361
255.14288 259.241
255.12743 258.272
255.11788 257.358
255.11803 256.537
255.12914 255.832
255.16667 255.259
255.22626 254.654
255.26538 253.948
255.26584 253.208
255.28551 252.526
255.32254 251.858
255.32237 251.306
255.34285 250.731
255.41999 250.116
255.56546 249.396
255.73795 248.65
255.92118 247.903
255.91088 247.473
256.09306 246.706
256.29651 245.947
256.48407 245.204
256.69905 244.421
256.77243 243.959
256.8842 243.349
257.02555 242.74
257.14781 242.148
257.28092 241.504
257.3811 240.923
257.44983 240.472
257.51416 240.096
257.60954 239.831
257.70795 239.689
257.83684 239.587
257.94979 239.531
258.04262 239.417
258.07624 239.414
258.0891 239.449
258.08304 239.551
258.06178 239.715
258.08525 239.902
258.16236 240.161
258.25664 240.42
258.39933 240.59
258.52844 240.813
258.59782 241.051
258.62783 241.285
258.64941 241.478
258.64741 241.691
258.65027 241.886
258.74833 242.029
258.88667 242.257