262.9452 331.943
262.9321 331.92
262.9048 331.73
262.8549 331.518
262.8221 331.312
262.8313 331.116
262.86 330.711
262.8801 330.423
262.9666 330.021
263.1515 329.638
263.3276 329.003
263.5416 328.148
263.727 327.28
263.9694 326.215
264.1827 324.979
264.5074 323.444
264.8568 321.813
265.2228 319.797
265.6534 317.304
266.0452 314.218
266.1252 310.503
266.159 306.691
266.2981 302.917
266.495 299.276
266.6561 295.764
266.7428 292.156
266.8027 288.743
266.799 285.376
266.7785 282.062
266.5198 278.835
266.2507 275.455
265.9231 272.022
265.5772 268.577
265.2307 265.309
264.807 262.289
264.2899 259.516
263.7798 256.897
263.2804 254.572
262.6011 252.463
261.8459 250.465
261.1374 248.47
260.4112 246.394
259.6334 244.47
258.80218 242.591
257.9682 240.782
257.06897 239.192
256.07465 237.821
254.98382 236.643
253.77756 235.631
252.44586 234.832
251.10276 233.994
249.702094 233.065
248.18918 232.207
246.56408 231.526
244.82028 231.037
242.97105 230.776
241.01184 230.629
238.9929 230.775
236.9877 231.088
235.0632 231.538
233.2485 232.102
231.5149 232.793
229.8776 233.394
228.2278 234.104
226.4405 235.369
224.7276 236.644
223.1577 238.189
221.8095 239.941
220.7184 241.977
219.8997 244.073
219.3083 246.105
218.8486 248.172
218.475 250.325
218.2215 252.449
217.9573 255.071
217.8717 257.547
217.8605 260.334
218.0159 263.319
218.3719 266.125
218.8521 269.006
219.5207 271.771
220.4159 274.536
221.5607 277.377
223.001 280.183
224.6559 283.136
226.4873 286.288
228.3992 289.558
230.4577 292.604
232.503 295.387
234.5457 298.048
236.4823 300.713
238.3644 303.124
240.24599 305.468
242.03496 307.838
243.6934 310.37
245.32958 312.797
246.92996 315.189
248.45614 317.744
249.85792 320.025
251.26029 322.213
252.44934 324.419
253.53559 326.658
254.45199 328.879
255.22924 331.143
255.88961 333.508
256.57255 335.818
257.14441 338.334
257.66415 340.698
257.93453 342.81
258.05664 344.905
258.05548 346.742
258.0152 348.802
257.88615 350.61
257.63783 352.403
257.27111 354.394
256.78227 356.13
256.29121 358.203
255.68932 360.29
255.05511 362.526
254.45885 364.708
254.0349 367.153
253.77591 369.181
253.7018 370.672
253.86712 372.116
253.98855 372.815
254.44167 372.97
255.0383 372.488
256.03343 371.661
257.10397 369.501
258.46722 366.868
260.0437 363.3
261.7004 359.22
263.3009 354.65
264.8028 350.336
266.3289 346.601
267.8998 343.444
269.2545 340.463
270.6113 337.915
271.8553 335.81
272.812 334.548
273.525 333.996
274.0073 334.023
274.1408 334.533
274.0354 335.459
274.0827 337.184
274.0356 338.985
273.8296 340.99
273.7148 343.065
273.5588 345.024
273.2531 346.889
273.0129 348.809
272.871 350.299
272.784 351.53
272.6249 352.578
272.507 353.498
272.3746 354.119
272.2472 355.005
272.1864 355.752
272.1532 356.324
272.1371 356.618
272.1581 357.048
272.2007 357.37
272.2494 357.592
272.28 357.816
272.2295 357.796
272.0874 357.809
271.8768 357.769
271.5944 358.066
271.0946 358.366
270.509 358.667
269.9249 358.942
269.3173 359.568
268.815 359.942
268.3624 360.438
268.0651 361.036
267.7653 361.433
267.4658 361.795
267.2156 361.97
266.8977 361.679
266.623 361.688
266.3446 361.893
266.0728 361.926
265.905 362.015
265.7436 362.095
265.6442 362.06
265.5667 361.973
265.4959 361.65
265.4114 361.7
265.3787 361.628
265.3515 361.398
265.3582 361.53
265.3956 361.695
265.415 361.609
265.4304 361.611
265.5183 361.693
265.5963 361.844
265.5643 362.148
265.5667 362.07
265.5917 361.897
265.6277 361.888
265.6584 362.204
265.7085 362.454
265.7423 362.915
265.7019 362.872
265.7439 363.258
265.6932 363.664
265.6486 364.127
265.4861 364.365
265.3371 364.54
265.2772 365.251
265.2649 365.771
265.1337 366.209
265.0991 366.682
265.1521 367.281
265.0933 367.532
265.0007 367.941
264.9474 368.214
264.8425 368.387
264.8252 368.519
264.7961 368.711
264.7438 368.88
264.7166 369.11
264.6974 369.284
264.7114 369.532
264.8162 369.8
264.9627 370.148
265.1036 370.687
265.2382 370.75
265.4118 370.996
265.5355 371.376
265.7583 371.725
265.9235 371.991