257.97666 371.359
258.34668 371.869
258.56436 371.962
258.77546 372.421
258.95908 373.213
259.02616 373.869
259.01974 374.288
258.91006 374.602
258.69419 375.094
258.36944 375.559
257.95925 376.158
257.36799 376.895
256.69049 377.27
255.92289 378.032
255.01775 378.882
254.00257 379.622
253.05696 380.705
251.92876 381.496
250.685971 382.617
249.409281 383.227
248.10584 384.066
246.82952 384.82
245.51537 385.182
244.20996 385.586
242.94789 385.585
241.69553 385.691
240.50578 385.667
239.3781 385.523
238.2853 385.212
237.2436 385.047
236.1688 384.595
235.0717 384.489
233.995 384.147
232.836 383.579
231.631 382.902
230.3627 382.292
229.0662 381.351
227.8149 380.117
226.5478 379.287
225.3989 377.936
224.3213 376.664
223.2313 375.736
222.1374 374.448
221.0296 373.256
219.9005 371.927
218.762 370.318
217.5852 368.842
216.5061 367.127
215.424 365.609
214.4201 363.917
213.5129 362.471
212.7302 360.709
211.9851 358.91
211.2825 357.088
210.6361 354.94
210.0027 352.883
209.4449 350.912
209.0278 348.798
208.6719 346.792
208.3815 345.075
208.198 343.437
208.0617 341.976
208.0714 340.18
208.1896 338.343
208.3452 336.477
208.5834 334.573
208.8727 332.705
209.1951 331.049
209.5315 329.776
209.9794 328.528
210.5104 327.434
211.1788 326.415
211.9926 325.541
212.9165 324.576
213.913 323.357
214.8311 322.278
215.7504 321.159
216.6143 320.401
217.463 319.671
218.3717 318.848
219.337 318.128
220.3645 317.711
221.5497 316.981
222.7916 316.461
224.1995 315.688
225.5949 315.341
227.0822 314.91
228.5332 314.664
229.9639 314.517
231.363 314.366
232.7465 314.502
234.1541 314.53
235.6078 314.581
237.0947 314.534
238.5932 314.683
240.08632 314.827
241.6001 315.359
243.11365 315.598
244.5425 316.116
245.85129 316.679
247.11389 317.267
248.38143 317.737
249.668263 318.314
251.02791 318.893
252.40188 319.548
253.75919 320.231
255.01606 321.442
256.13981 322.782
257.12725 324.136
257.92413 325.307
258.63221 326.47
259.21412 327.642
259.67427 328.748
259.99536 329.838
260.2162 331.021
260.3731 332.034
260.5727 333.344
260.8007 334.831
261.1638 336.134
261.4449 337.507
261.6667 338.84
261.7724 339.953
261.732 341
261.7142 342.013
261.5721 343.466
261.3483 344.885
261.1211 346.054
260.9317 347.606
260.7335 348.814
260.5467 350.486
260.3842 351.862
260.1639 353.007
260.0195 354.503
259.8906 356.003
259.63526 357.592
259.38315 359.291
258.90258 361.127
258.23876 362.675
257.37463 364.357
256.4984 365.426
255.74689 366.558
254.9892 367.611
254.1603 368.615
253.25497 369.464
252.3259 370.286
251.28948 371.182
250.167995 372.292
248.95316 373.468
247.73157 374.991
246.61013 376.027
245.63473 377.394
244.79549 378.252
244.06805 379.456
243.44892 380.122
243.06601 381.457
242.55944 382.539
241.91756 383.511
241.06898 384.241
240.3811 385.127
239.5757 385.693
238.7728 386.044
237.966 386.629
237.153 387.104
236.3588 387.241
235.7363 387.584
235.1901 387.625
234.7038 387.31
234.3614 386.692
234.0277 385.811
233.9105 385.495
233.9226 385.056
234.0504 384.647
234.324 383.746
234.7699 382.727
235.3954 381.608
236.317 380.601
237.2956 379.237
238.4163 377.981
239.6826 376.565
241.01903 374.976
242.4189 373.697
243.82096 372.473
245.15555 371.399
246.5345 370.615
247.91095 369.789
249.306888 369.005
250.676599 368.531
251.99182 367.988
253.34145 367.445
254.64481 367.178
255.83012 366.957
256.89863 366.832
257.83432 366.805
258.6164 366.985
259.35537 367.311
260.0003 367.594
260.6552 367.899
261.2089 368.236
261.7148 368.895
262.0396 369.321
262.256 369.632
262.0546 370.083
262.2636 371.09
262.2868 371.653
262.206 372.359
261.9994 372.949
261.7014 373.533
261.323 373.882
260.9028 374.289
260.5052 374.671
260.0771 375.313