224.68 414.22
224.7798 414.436
224.8334 414.813
224.9398 415.094
225.0043 415.528
225.1317 416.564
225.0808 416.97
225.0374 417.227
224.9752 417.937
224.9884 418.35
224.9987 418.515
225.0483 417.892
225.0726 417.847
225.1817 418.048
225.2357 418.361
225.4059 417.941
225.5244 417.712
225.5654 417.708
225.6287 417.035
225.7244 416.171
225.8341 414.716
226.0095 413.257
226.1902 412.248
226.3428 411.166
226.4506 409.767
226.516 408.12
226.611 406.175
226.7729 404.015
226.8792 401.376
226.9921 398.169
227.0872 394.364
227.1237 390.689
227.2439 386.502
227.2973 382.692
227.3783 379.191
227.3704 375.093
227.3844 371.129
227.4017 367.187
227.403 362.813
227.3044 358.252
227.1718 353.517
227.0244 349.027
226.9099 344.673
226.8266 340.637
226.788 336.57
226.8084 332.5
226.7983 328.52
226.767 324.533
226.6825 320.439
226.5293 316.234
226.3877 312.121
226.3529 308.324
226.3922 304.891
226.4995 301.57
226.599 298.503
226.7062 295.471
226.7276 292.749
226.7732 290.046
226.8317 287.391
226.9499 284.824
227.0729 282.551
227.2145 280.572
227.3675 279.092
227.5057 278.079
227.6094 277.472
227.6701 277.164
227.6805 277.174
227.6336 277.571
227.5208 278.322
227.3488 279.395
227.1379 280.838
226.9157 282.635
226.7352 284.685
226.646 286.779
226.5441 289.246
226.4396 291.889
226.3129 294.784
226.1561 297.962
226.0111 301.29
225.8803 304.735
225.7848 308.049
225.7126 311.246
225.6573 314.492
225.7272 317.708
225.8522 320.962
226.1061 324.158
226.4292 327.227
226.8159 330.192
227.1595 333.312
227.5422 335.852
227.8609 338.206
228.2284 340.428
228.6499 342.6
229.1722 344.673
229.802 346.871
230.5535 348.983
231.2606 351.395
231.9638 353.483
232.6487 355.599
233.3591 357.666
234.2297 359.769
235.1091 361.818
236.0904 363.533
237.0776 365.627
238.1105 367.514
239.1289 369.4
240.31722 371.606
241.48197 373.689
242.53118 375.165
243.70542 376.557
244.86539 377.878
246.04742 379.174
247.2028 380.25
248.22457 381.025
249.392496 382.544
250.568299 383.893
251.78214 384.725
252.91335 385.738
253.99485 386.174
255.09606 386.6
256.14241 386.646
257.21814 386.652
258.3688 386.802
259.58815 386.748
260.9246 386.722
262.4064 387.11
263.9154 387.419
265.4945 387.265
267.1611 387.296
268.8849 387.016
270.6588 386.677
272.5191 386.278
274.4257 385.877
276.325 385.635
277.9495 384.691
279.7561 384.014
281.5816 383.826
283.016 383.126
284.4526 382.744
285.8187 382.087
287.1397 381.591
288.417 381.445
289.4755 381.206
290.4668 380.689
291.3745 380.625
292.205 380.267
293.0032 380.195
293.638 379.94
294.1741 379.717
294.6958 379.92
294.9934 379.707
295.1769 379.302
295.4455 379.669
295.6362 379.52
295.7746 379.545
296.0212 380.009
296.1549 380.003
296.444 380.222
296.3707 380.505
296.5359 380.686
296.6248 381.055
296.301 381.05
296.0406 381.214
295.7934 381.151
295.6606 381.361
295.5058 381.612
295.674 381.958
295.7175 382.119
295.796 382.492
295.8099 382.419
295.5672 382.271
295.3884 382.348
295.2196 382.138
295.1799 382.278
295.2539 382.994
295.2636 383.351