275.8735 428.001
275.9371 427.701
275.9138 427.484
276.0222 427.68
276.1437 428.545
276.1896 428.848
276.0477 428.739
275.9869 429.027
275.6839 428.942
275.3751 429.363
275.0825 429.601
274.6032 429.67
273.9907 429.273
273.3113 429.868
272.4689 429.712
271.5047 429.895
270.3915 430.217
269.1806 430.228
267.8187 430.014
266.4963 430.159
265.0787 430.462
263.7737 430.848
262.2083 430.802
260.6524 430.17
259.40701 430.526
257.89191 430.037
256.31697 429.691
254.72461 429.831
252.8574 429.291
251.3639 428.757
249.778666 428.223
247.92997 427.733
246.34602 427.691
244.62756 427.312
242.9162 426.874
241.2972 426.874
239.5852 426.342
237.9335 426.088
236.1837 425.723
234.4084 424.849
232.559 424.202
230.7542 423.601
228.9673 423.086
227.2211 422.214
225.5332 421.473
223.976 420.631
222.3654 419.971
220.8096 419.291
219.3104 418.738
217.9315 417.355
216.4197 416.753
214.9695 415.869
213.4409 415.062
211.9846 414.025
210.6404 412.755
209.2899 411.898
208.0689 410.744
206.86 409.906
205.7838 408.816
204.7246 408.001
203.6862 407.247
202.8541 405.823
201.9987 404.938
201.3068 403.234
200.6407 401.726
200.1099 400.022
199.6045 398.563
199.2164 396.972
198.9219 395.249
198.6794 393.884
198.4902 392.725
198.4792 391.609
198.6203 390.666
198.9049 389.821
199.3409 388.643
199.859 387.569
200.4519 386.592
201.1347 385.417
201.7621 384.755
202.4754 383.801
203.1989 382.882
204.041 381.742
204.8356 381.154
205.7607 380.488
206.7817 380.496
207.8383 380.676
208.9127 380.789
210.0707 380.546
211.2923 380.487
212.613 380.762
213.9999 380.854
215.3932 380.526
216.6716 380.233
217.9192 379.616
219.1264 379.435
220.4649 379.38
221.6673 379.138
223.0873 379.111
224.4596 379.284
225.7309 379.147
227.0777 378.756
228.6955 378.546
230.0737 378.453
231.6305 378.852
233.1213 378.93
234.5836 378.803
236.0606 378.946
237.53 379.171
238.9975 379.286
240.42355 379.623
241.95805 379.444
243.53581 379.365
245.09742 379.299
246.6257 379.627
248.08361 379.974
249.487857 380.066
250.921421 380.167
252.36267 380.396
253.76801 380.482
255.17734 380.536
256.53752 380.426
257.85019 380.27
259.12295 380.458
260.3722 380.698
261.5957 380.401
262.7556 379.885
263.9497 379.836
265.1739 379.705
266.451 379.876
267.832 379.69
269.0727 379.398
270.5957 379.32
271.7451 379.118
272.9178 378.768
274.073 378.331
275.1912 377.535
276.3096 377.646
277.3778 377.324
278.4789 376.593
279.5232 375.948
280.6974 375.26
281.7539 374.777
282.7196 374.113
283.6552 373.352
284.4757 372.382
285.2147 371.457
285.8163 369.982
286.3353 368.687
286.8872 367.578
287.3563 365.935
287.8417 364.564
288.2542 362.892
288.667 361.32
289.1569 359.811
289.459 358.468
289.7182 356.931
289.8772 355.247
289.9761 353.746
290.0439 352.071
290.136 350.191
290.2023 348.544
290.2556 346.846
290.2399 345.206
290.1115 343.48
289.74 342.079
289.5828 340.551
289.2587 338.927
288.6203 337.549
288.2205 335.99
287.4953 334.888
286.8343 333.518
285.7656 332.296
284.8679 330.985
283.7306 330.142
282.6409 329.155
281.6672 328.162
280.5833 327.102
279.4395 326.144
278.2317 324.99
276.8476 323.933
275.2995 322.839
273.7232 321.919
272.1802 321.173
270.6476 320.339
269.1219 319.412
267.5379 318.517
265.859 317.545
264.0977 316.82
262.236 316.037
260.2871 315.189
258.34682 314.391
256.38136 313.742
254.49449 313.015
252.6169 312.414
250.733177 311.715
248.82382 311.136
246.94326 310.546
245.04293 310.047
243.1754 309.563
241.25725 309.09
239.3477 308.743
237.3951 308.317
235.4206 307.978
233.4322 307.58
231.3942 307.297
229.3327 306.929
227.1895 306.717
224.9614 306.508
222.5883 306.442
220.2524 306.202
217.8694 306.028
215.4889 305.862
213.1606 305.662
210.8676 305.546
208.6648 305.426
206.5154 305.345
204.4555 305.44
202.5111 305.631
200.7394 305.857
199.0955 306.157
197.5502 306.454
196.0962 306.806
194.8313 306.915
193.5759 307.366
192.482 307.731
191.6019 308.03
190.8689 308.424
190.3141 308.804
189.9173 309.254
189.6791 309.684
189.5895 310.068
189.6225 310.426
189.7453 310.838
189.9572 311.287
190.2053 311.82
190.5176 312.4
190.8625 313.072
191.2331 313.614
191.6028 314.282
192.0048 314.879
192.38 315.509
192.72 316.186