194.2881 398.484
194.3144 398.132
194.352 397.833
194.3656 397.573
194.3239 397.089
194.238 396.526
194.109 395.454
193.9393 394.261
193.9115 392.24
193.7797 390.038
193.7424 387.487
193.8372 384.175
194.0418 380.55
194.1575 376.997
194.2934 373.231
194.4947 369.158
194.6317 364.887
194.6587 360.619
194.6286 355.868
194.5248 350.986
194.3683 346.227
194.2283 341.202
194.0869 336.103
193.8299 331.241
193.4993 326.76
193.1189 322.299
192.6643 318.175
192.245 314.248
191.9042 310.616
191.6224 307.384
191.4676 304.289
191.3492 301.536
191.2717 299.006
191.1517 296.906
191.0031 295.369
190.8404 293.959
190.6926 292.731
190.5855 291.435
190.4578 290.38
190.2826 289.91
190.1527 289.375
189.9768 289.011
189.8738 288.67
189.6817 288.732
189.5471 288.909
189.4423 289.286
189.4166 289.687
189.3855 290.216
189.3826 290.971
189.4432 292.184
189.5609 293.236
189.783 294.318
190.0211 295.72
190.2881 297.353
190.5943 299.068
190.9665 300.66
191.3643 302.288
191.8009 303.784
192.2627 305.307
192.7348 306.918
193.1924 308.66
193.6843 310.396
194.2382 312.009
194.8896 313.512
195.5344 315.044
196.2592 316.441
197.0377 317.928
197.8559 319.39
198.761 320.461
199.6856 321.543
200.7072 322.476
201.7014 323.578
202.7329 324.473
203.7691 325.371
204.82 326.21
205.9239 326.746
206.9834 327.331
208.0501 327.85
209.1599 328.094
210.2517 328.394
211.372 328.61
212.4869 328.707
213.6079 328.63
214.6807 328.541
215.7139 328.341
216.7113 327.995
217.6957 327.314
218.6455 326.516
219.5544 325.597
220.3165 324.872
221.0601 323.84
221.6525 322.852
222.175 321.677
222.6673 320.271
223.0489 318.906
223.363 317.479
223.5974 316.062
223.7633 314.591
223.8879 312.929
223.9961 311.275
224.0763 309.81
224.1596 308.242
224.1984 306.812
224.2397 305.283
224.2525 303.845
224.263 302.503
224.3026 301.181
224.3699 299.872
224.4533 298.828
224.5579 297.704
224.6289 296.769
224.7154 295.837
224.8065 295.037
224.8822 294.333
224.9598 293.658
225.0606 292.937
225.1521 292.517
225.2406 292.194
225.3368 291.929
225.4067 291.844
225.4815 291.848
225.5751 291.785
225.6713 291.74
225.753 291.739
225.8559 291.809
225.9363 291.989
226.0082 292.141
226.0714 292.42
226.1345 292.687
226.183 292.977
226.2383 293.172
226.254 293.423